-17.3616666841351,-17.545929356787,-17.5019825898148,-17.4595198730617,-17.5422409607995,-17.6198197598197,-17.6835192984174,-17.5209213968689,-17.5495356074382,-17.3572259330112,-17.2506466510377,-16.9685265071163,-16.842749816936,-16.7762120986059,-16.5793282495382,-16.3463802326719,-16.308838719067,-16.1477201280279,-15.8610071177512,-15.5407446538086,-15.2929050102089,-15.0954301424471,-15.1167660004193,-15.135731166441,-15.2023903360743,-15.4114108794772,-15.5947902007978,-15.8252872698436,-15.962865752344,-16.0328391548894,-16.0495769914333,-16.1131193300197,-16.1465994096415,-16.1917288073452,-16.293911388453,-16.3722077428895,-16.4725389005634,-16.5206325432752,-16.6259182599217,-16.5958144550258,-16.695110476041,-16.7516405923976,-16.8100788470548,-16.8976246109146,-16.9183340167605,-16.9119453488714,-16.991719934412,-17.0642729770763,-17.0376582043195,-17.2254924936771,-17.3066981740646,-17.5044916595676,-17.4982585823075,-17.3877364159497,-17.2368300919526,-17.1384639239978,-16.7678946060825,-16.2508152568509,-15.6869150761015,-14.9938409659964,-14.3534112279131,-14.0496343332633,-13.9063265611136,-13.7498774285421,-13.6667193891349,-13.6890453873385,-13.5199796621893,-13.4778198884858,-13.3732872229571,-13.1937918923147,-13.1882614283974,-13.4321576742202,-13.501056224848,-13.4396959465497,-13.2863603465603,-13.0736099899018,-12.9994293700845,-12.7494375871362,-12.5288563263093,-12.3038318634993,-11.9704636840983,-12.4550303225231,NaN,NaN,NaN,NaN,NaN,NaN,NaN,NaN,NaN,NaN,NaN,NaN,NaN,NaN,NaN,NaN,NaN,NaN,NaN,NaN,NaN,NaN,NaN,NaN,NaN,NaN,NaN,NaN,NaN,NaN,NaN,NaN,NaN,NaN,NaN,NaN,NaN,NaN,NaN,NaN,NaN,NaN,NaN,NaN,NaN,NaN,NaN,NaN,NaN,NaN,NaN,NaN,NaN,NaN,NaN,NaN,NaN,NaN,NaN,NaN,NaN,NaN,NaN,NaN,NaN,NaN,NaN,NaN,NaN,NaN,NaN,NaN,NaN,NaN,NaN,NaN,NaN,NaN,NaN,NaN,NaN,NaN,NaN,NaN,NaN,NaN,NaN,NaN,NaN,NaN,NaN,NaN
-17.1774040114829,-16.9828062221885,-17.4812002107545,-17.5826066220076,-17.795909938799,-17.866628323147,-17.9104588068312,-17.8567625739515,-17.9184349699163,-17.769788580006,-17.6719188598422,-17.5612184262294,-17.5096874108321,-17.51533577774,-17.3110822949949,-17.0014700227482,-16.8075091299048,-16.556552513607,-16.2271079673729,-15.6422329629038,-15.2790832783659,-14.8754563586439,-14.6700013355797,-14.5819768528203,-14.548011912218,-14.6050097178742,-14.7447792520964,-14.8746285009586,-14.9073414332576,-14.974036694359,-14.933084853383,-14.8934528681281,-14.9490107523994,-14.994238290293,-15.1532630978558,-15.2215681677526,-15.3525901817508,-15.4338332872795,-15.529001246143,-15.6128887465395,-15.707489606995,-15.8262667603127,-15.9597410856466,-16.0714272251327,-16.2590876679796,-16.5471522089426,-16.5722600082996,-16.6400480211075,-16.7128745557345,-16.8719430899166,-17.1374016394855,-17.3104016404974,-17.4690678808217,-17.4129045942183,-17.5205709106293,-17.4065050769726,-17.010118254849,-16.2130307244901,-15.0912818096822,-14.074993831087,-13.3010712724047,-12.8980467266212,-12.69884453709,-12.636556880354,-12.7479626510126,-13.0049801796692,-13.1351690086448,-13.2611380852647,-13.3729206228616,-13.4419355836225,-13.507314981604,-13.7998407142414,-13.8180328353245,-13.8807633163474,-13.8583758458018,-13.7035852682833,-13.4724594017391,-13.0332057485702,-13.0784890420023,-12.6078061617611,-12.1151164963892,-12.8183874132818,-14.3401662776085,NaN,NaN,NaN,NaN,NaN,NaN,NaN,NaN,NaN,NaN,NaN,NaN,NaN,NaN,NaN,NaN,NaN,NaN,NaN,NaN,NaN,NaN,NaN,NaN,NaN,NaN,NaN,NaN,NaN,NaN,NaN,NaN,NaN,NaN,NaN,NaN,NaN,NaN,NaN,NaN,NaN,NaN,NaN,NaN,NaN,NaN,NaN,NaN,NaN,NaN,NaN,NaN,NaN,NaN,NaN,NaN,NaN,NaN,NaN,NaN,NaN,NaN,NaN,NaN,NaN,NaN,NaN,NaN,NaN,NaN,NaN,NaN,NaN,NaN,NaN,NaN,NaN,NaN,NaN,NaN,NaN,NaN,NaN,NaN,NaN,NaN,NaN,NaN,NaN,NaN,NaN
-17.1096849922458,-17.1026148659267,-17.7075884599182,-17.7989703222933,-18.0759202087922,-18.2625660485181,-18.3814148979892,-18.3809133119431,-18.361041271537,-18.3788771708324,-18.2779035976234,-18.1748144523343,-18.1230626111297,-18.0923201230057,-17.8479099913451,-17.6587896699265,-17.4540667194156,-17.1435982238106,-16.86873066591,-16.5369214167516,-16.0705769343226,-15.5183561646303,-15.114601271783,-14.9545747988257,-14.7101427479928,-14.5798861376638,-14.7225295014591,-14.7271517695581,-14.7013972671901,-14.7249861509493,-14.6165496902044,-14.4977738873052,-14.5841124319451,-14.6447371020134,-14.8408455879583,-14.950845862058,-15.028434380987,-15.2014656459804,-15.3142420825715,-15.4191640617385,-15.3162834269519,-15.4140751749141,-15.5814804097645,-15.654341746923,-15.7110083637938,-15.8559084693349,-15.7845813175833,-15.8485641882272,-15.9197562248604,-16.1593498644529,-16.4260932561392,-16.7237804895223,-17.0601172988244,-17.4184126099558,-17.5648029343054,-17.4901709811855,-17.1868598867427,-16.7512046202165,-16.0666753765908,-15.3689210622132,-14.5805304074024,-14.1978132800967,-13.9067600965344,-13.8503219152844,-13.6052279810635,-13.5635921710929,-13.5058547488051,-13.6455688309649,-13.6086334044639,-13.6153702892882,-13.6177818221456,-13.7203536596836,-13.9113257410269,-14.2011822714753,-14.2081300478847,-14.2063879897146,-13.964199127953,-13.3934212681836,-13.3027129526526,-13.02469064233,-12.7746525321185,-13.601988866898,-14.5117883733972,NaN,NaN,NaN,NaN,NaN,NaN,NaN,NaN,NaN,NaN,NaN,NaN,NaN,NaN,NaN,NaN,NaN,NaN,NaN,NaN,NaN,NaN,NaN,NaN,NaN,NaN,NaN,NaN,NaN,NaN,NaN,NaN,NaN,NaN,NaN,NaN,NaN,NaN,NaN,NaN,NaN,NaN,NaN,NaN,NaN,NaN,NaN,NaN,NaN,NaN,NaN,NaN,NaN,NaN,NaN,NaN,NaN,NaN,NaN,NaN,NaN,NaN,NaN,NaN,NaN,NaN,NaN,NaN,NaN,NaN,NaN,NaN,NaN,NaN,NaN,NaN,NaN,NaN,NaN,NaN,NaN,NaN,NaN,NaN,NaN,NaN,NaN,NaN,NaN,NaN,NaN
-17.0087579952552,-17.0396816920613,-17.6536447441496,-17.8483055644247,-18.3531188089926,-18.576508589923,-18.681023548288,-18.6927777385847,-18.8032759576786,-18.7473499167485,-18.6851536560553,-18.6711616641128,-18.4277558180397,-18.1943708859448,-18.0312240462633,-17.917466719334,-17.6854687479243,-17.452137386263,-17.3264125251776,-17.0148843995908,-16.7761053849015,-16.3512926943002,-15.7311525582057,-15.3628139646644,-15.0070564817209,-14.763147429634,-14.8607591492947,-14.7969260958337,-14.8339375772575,-14.7086858197453,-14.5550572028642,-14.4773785168604,-14.4549091825962,-14.5456425362256,-14.7039510050477,-14.7946589456851,-14.9135998632158,-14.9378508715005,-15.037823101014,-15.1367594186131,-15.1628214475896,-15.2583599155221,-15.4166443223444,-15.43428855383,-15.3988332680307,-15.5026242914541,-15.4988589056924,-15.5315376665603,-15.6291461554446,-15.7803449718808,-15.9604255253042,-16.1226930065748,-16.4435483175116,-16.7356576640485,-17.0021293811169,-17.0771371060536,-17.0315207279468,-16.9351741677083,-16.5839799857515,-16.056450924521,-15.5804446124866,-15.0484480986943,-14.630479380641,-14.3786915026008,-14.2390702003771,-14.2249391235088,-14.1681396128216,-14.0153027258896,-13.8594301541615,-13.8157029258827,-13.7771195642242,-13.857309554505,-13.9017737337797,-14.0819473846634,-14.1536562672035,-14.2859275880527,-14.2929274878915,-14.4663108946345,-14.4216627787968,-14.123606136075,-14.0226457401077,-14.6313166820246,-14.6508146230608,NaN,NaN,NaN,NaN,NaN,NaN,NaN,NaN,NaN,NaN,NaN,NaN,NaN,NaN,NaN,NaN,NaN,NaN,NaN,NaN,NaN,NaN,NaN,NaN,NaN,NaN,NaN,NaN,NaN,NaN,NaN,NaN,NaN,NaN,NaN,NaN,NaN,NaN,NaN,NaN,NaN,NaN,NaN,NaN,NaN,NaN,NaN,NaN,NaN,NaN,NaN,NaN,NaN,NaN,NaN,NaN,NaN,NaN,NaN,NaN,NaN,NaN,NaN,NaN,NaN,NaN,NaN,NaN,NaN,NaN,NaN,NaN,NaN,NaN,NaN,NaN,NaN,NaN,NaN,NaN,NaN,NaN,NaN,NaN,NaN,NaN,NaN,NaN,NaN,NaN,NaN
-17.0586940727538,-17.3063539739059,-17.9974964969323,-18.1632216713115,-18.7243627640449,-18.9230802400388,-19.0104992607952,-19.0507508639788,-19.2413572531594,-19.2193738091773,-19.0338481559185,-18.9357972769486,-18.5804774515136,-18.342883823929,-18.1846957900817,-18.0334166760912,-17.9117124274256,-17.7285895141804,-17.5484508982503,-17.3463149479786,-17.0976584882849,-16.8921450839639,-16.5065963043682,-15.9076785811984,-15.3378795047477,-15.0129412516764,-14.9323836025143,-14.8386206872046,-14.7936865055004,-14.5564049017179,-14.399542714975,-14.3482580103444,-14.2609516582293,-14.3325765712983,-14.4093546810629,-14.5838524512752,-14.7396909085108,-14.831102311002,-14.8253871075063,-14.7526869546904,-14.8349367491363,-14.9567953444164,-15.0401709456325,-15.0603336119197,-14.9996523838261,-14.9904093272522,-15.0572576892949,-15.0768270886213,-15.2237505744307,-15.4103345609836,-15.5106763875649,-15.6597684488795,-15.9516222855416,-16.1304987661047,-16.2906615592016,-16.4575995273392,-16.5834027819222,-16.6727389905835,-16.5924686562213,-16.444079596201,-16.1499374572324,-15.7284643584926,-15.4167629994348,-15.1814063184388,-14.9624354049042,-14.8559495959257,-14.6926689267231,-14.5255808225375,-14.5171446674853,-14.3980550350454,-14.1512330320778,-14.2634438442713,-14.1932707457943,-14.2763027378117,-14.4680123126778,-14.7415862886834,-14.9138901867274,-15.1578715836771,-14.9878819378381,-14.9738767217224,-14.5920622975057,-14.7803714465068,-14.3466922960428,-13.7157846597803,NaN,NaN,NaN,NaN,NaN,NaN,NaN,NaN,NaN,NaN,NaN,NaN,NaN,NaN,NaN,NaN,NaN,NaN,NaN,NaN,NaN,NaN,NaN,NaN,NaN,NaN,NaN,NaN,NaN,NaN,NaN,NaN,NaN,NaN,NaN,NaN,NaN,NaN,NaN,NaN,NaN,NaN,NaN,NaN,NaN,NaN,NaN,NaN,NaN,NaN,NaN,NaN,NaN,NaN,NaN,NaN,NaN,NaN,NaN,NaN,NaN,NaN,NaN,NaN,NaN,NaN,NaN,NaN,NaN,NaN,NaN,NaN,NaN,NaN,NaN,NaN,NaN,NaN,NaN,NaN,NaN,NaN,NaN,NaN,NaN,NaN,NaN,NaN,NaN,NaN
-17.1337963560932,-17.465724636548,-18.3429377797772,-18.5181324229285,-19.0489269849676,-19.2021439350665,-19.3168125242882,-19.4378034468773,-19.365288946434,-19.1265000824047,-19.0223722817232,-18.8533891307382,-18.3631725545984,-18.2885884008551,-18.2908603711285,-18.1063172416067,-17.9897727804704,-17.8442556460176,-17.6845674451498,-17.3637316352242,-17.2140332810305,-16.9653221368576,-16.6234291140049,-16.3514411169346,-15.6897049228978,-15.2562478488425,-15.1115470999979,-14.9942311689833,-14.9150685011724,-14.6953090614728,-14.3978681680135,-14.2989136644928,-14.2659083467929,-14.3274945496003,-14.3469457529553,-14.5186115848816,-14.6598815245477,-14.7417573355859,-14.7586405397,-14.6911800615405,-14.7128623333825,-14.8102939320078,-14.8581700434174,-14.8838078630501,-14.8168433405255,-14.7804123103166,-14.7991703292204,-14.8143101418717,-14.8757221025301,-15.0544160029689,-15.2621769422967,-15.3451611420611,-15.4319864765662,-15.4703470479608,-15.6237124503366,-15.8888222480804,-16.1190873612937,-16.2857596466233,-16.4405003789869,-16.3511386604677,-16.2797753126691,-16.0279289921925,-15.862773291829,-15.6898032905692,-15.6707493337669,-15.4382187220962,-15.283054870359,-14.869860763645,-14.7119172508575,-14.4867826386485,-14.3375174995622,-14.3224327335623,-14.2842281573276,-14.3101350230904,-14.4778302662815,-14.5630267224713,-14.7609875600483,-14.912615689239,-15.0615630040907,-15.450665769647,-15.3443955756929,-15.2084793683647,-15.1765009714002,-14.8343300362103,NaN,NaN,NaN,NaN,NaN,NaN,NaN,NaN,NaN,NaN,NaN,NaN,NaN,NaN,NaN,NaN,NaN,NaN,NaN,NaN,NaN,NaN,NaN,NaN,NaN,NaN,NaN,NaN,NaN,NaN,NaN,NaN,NaN,NaN,NaN,NaN,NaN,NaN,NaN,NaN,NaN,NaN,NaN,NaN,NaN,NaN,NaN,NaN,NaN,NaN,NaN,NaN,NaN,NaN,NaN,NaN,NaN,NaN,NaN,NaN,NaN,NaN,NaN,NaN,NaN,NaN,NaN,NaN,NaN,NaN,NaN,NaN,NaN,NaN,NaN,NaN,NaN,NaN,NaN,NaN,NaN,NaN,NaN,NaN,NaN,NaN,NaN,NaN,NaN,NaN
-17.390975090445,-17.7761807656576,-18.6302860709313,-18.6791165655743,-19.2169705885822,-19.4070675485727,-19.521381482575,-19.6353392737573,-19.3946275939117,-19.2692171488299,-19.2148001714208,-18.8327721516958,-18.3516656644913,-18.2483318609771,-18.3213767441998,-18.2679277670795,-18.1481775700722,-17.9845187427928,-17.9066835759397,-17.6146153564746,-17.410962083094,-17.1025553733733,-16.6704791512323,-16.4562165815685,-16.047918723378,-15.5482757259991,-15.3195677553003,-15.1306909232464,-14.9844082255346,-14.6971336800829,-14.4010662075927,-14.258121307508,-14.2223920388741,-14.2179908472795,-14.2721627240249,-14.3109484266515,-14.4660499969146,-14.6387789916452,-14.6552985970764,-14.6198172383558,-14.626268272878,-14.654852568188,-14.7763034043093,-14.7229453658571,-14.5700114654509,-14.4387452139106,-14.4150504382088,-14.646510779287,-14.7029806658198,-14.7741323561112,-14.9087809098643,-14.9801416868375,-15.0115653448383,-15.0536618628883,-15.1080604098141,-15.2022696435256,-15.6333707902913,-15.900641392152,-16.1421787950786,-16.2159626554562,-16.2096982954959,-16.0158477655996,-15.9418144760949,-15.7444758590036,-15.7490905381526,-15.4710541199803,-15.2524164815144,-15.1385385895887,-14.9949710720927,-14.7825865526016,-14.6755183985517,-14.6326951313448,-14.5856032912394,-14.5598746184811,-14.5874424593433,-14.7163850952984,-15.1213064879627,-15.1794342877195,-15.7801157846127,-16.4296576294773,-16.1945962483422,-15.791888101877,-14.875475308967,-13.5930781213243,-12.8111678602617,NaN,NaN,NaN,NaN,NaN,NaN,NaN,NaN,NaN,NaN,NaN,NaN,NaN,NaN,NaN,NaN,NaN,NaN,NaN,NaN,NaN,NaN,NaN,NaN,NaN,NaN,NaN,NaN,NaN,NaN,NaN,NaN,NaN,NaN,NaN,NaN,NaN,NaN,NaN,NaN,NaN,NaN,NaN,NaN,NaN,NaN,NaN,NaN,NaN,NaN,NaN,NaN,NaN,NaN,NaN,NaN,NaN,NaN,NaN,NaN,NaN,NaN,NaN,NaN,NaN,NaN,NaN,NaN,NaN,NaN,NaN,NaN,NaN,NaN,NaN,NaN,NaN,NaN,NaN,NaN,NaN,NaN,NaN,NaN,NaN,NaN,NaN,NaN,NaN
-17.615005034321,-18.0564151517376,-18.746298012035,-18.8241112619555,-19.3910883041891,-19.5703104200206,-19.6471335419683,-19.6020452170438,-19.4258750167542,-19.292291088307,-19.0188892137049,-18.6953900576168,-18.3526101114246,-18.229359945012,-18.4284473928178,-18.4948814159711,-18.2989100185799,-18.079076161741,-17.9564009617795,-17.7223024043247,-17.4071831383378,-17.0513089999424,-16.664674861591,-16.3986617181592,-16.2207734503438,-15.9050816919161,-15.5709421664974,-15.2807686677649,-15.1839845288146,-14.7996853493015,-14.4013163094482,-14.2125672649244,-14.1815807058159,-14.2045010375698,-14.1108099676979,-14.1850777548966,-14.2185943017868,-14.3521251838682,-14.3943687727217,-14.4543493357567,-14.520800216076,-14.6921962248013,-14.7440949949612,-14.7371200960666,-14.5252808623149,-14.4140729746472,-14.3794058574767,-14.5295264665866,-14.6804125045074,-14.6802382468115,-14.7614610623631,-14.7713916538594,-14.6490993778131,-14.6933079502716,-14.7360704360453,-14.8653867062322,-15.1023951246279,-15.2676856978547,-15.485939137005,-15.6967290996646,-15.9874745622763,-15.8963233463543,-15.7965582692924,-15.4991972595594,-15.547134536185,-15.3273964329869,-15.2468259584575,-14.9600379083678,-14.9853275432699,-14.8053060612231,-14.7560285116181,-14.8494762425012,-14.8961762532373,-14.8421884820389,-14.9058477896901,-15.0850129354229,-15.2169782843541,-15.3573896436375,-15.8286001196118,-16.04039659034,-16.2299337629581,-16.4466355064085,-16.1747318477226,-15.8559628202271,-14.5564977770493,NaN,NaN,NaN,NaN,NaN,NaN,NaN,NaN,NaN,NaN,NaN,NaN,NaN,NaN,NaN,NaN,NaN,NaN,NaN,NaN,NaN,NaN,NaN,NaN,NaN,NaN,NaN,NaN,NaN,NaN,NaN,NaN,NaN,NaN,NaN,NaN,NaN,NaN,NaN,NaN,NaN,NaN,NaN,NaN,NaN,NaN,NaN,NaN,NaN,NaN,NaN,NaN,NaN,NaN,NaN,NaN,NaN,NaN,NaN,NaN,NaN,NaN,NaN,NaN,NaN,NaN,NaN,NaN,NaN,NaN,NaN,NaN,NaN,NaN,NaN,NaN,NaN,NaN,NaN,NaN,NaN,NaN,NaN,NaN,NaN,NaN,NaN,NaN,NaN
-17.6424145934255,-18.2526232236725,-18.9910260150067,-19.1267788069243,-19.575471778644,-19.6247665010651,-19.5591335096532,-19.4794243384659,-19.3453987774777,-19.227777381563,-19.1197905848346,-19.01728521405,-18.5733986598804,-18.3390943144001,-18.4049892698908,-18.4543522219543,-18.1876922378872,-17.9571748243843,-17.7882596955184,-17.5642875781877,-17.2408288688782,-16.8986815541911,-16.6457111822528,-16.2600396585218,-16.0517967671969,-15.9311719360387,-15.780528238269,-15.4243671561084,-15.2494835188436,-14.8752874197319,-14.5816516970645,-14.4225043282694,-14.3563460773655,-14.2748914114125,-14.2003845389736,-14.183239138126,-14.1691620437954,-14.2355015508757,-14.2156816611411,-14.2816822230124,-14.4339769914623,-14.5769422506646,-14.6625628372506,-14.7161772627371,-14.5197019875334,-14.3757671949093,-14.3744262593423,-14.4822289556378,-14.5791315030547,-14.6255828521473,-14.6925020334053,-14.8201075760461,-14.7166525544846,-14.6512370285427,-14.5808734344194,-14.7224467718166,-14.8356657288061,-14.9677057464229,-15.2513958825934,-15.472730666817,-15.8160707665569,-15.9310072581275,-16.0809745855287,-15.7260131679676,-15.6004251995193,-15.3797490700729,-15.3648094727374,-15.079784119209,-14.9725741413041,-14.8164802622973,-14.8862645723467,-14.8908245704786,-14.9496474485804,-15.1346950966078,-15.2796571486887,-15.3925796097831,-15.5241557797535,-15.9486558277869,-16.3681941744381,-16.4763109643328,-16.2826561674172,-16.2459723420577,-16.7119319766977,-15.4841665893389,-14.4236545100744,-13.1634426759363,NaN,NaN,NaN,NaN,NaN,NaN,NaN,NaN,NaN,NaN,NaN,NaN,NaN,NaN,NaN,NaN,NaN,NaN,NaN,NaN,NaN,NaN,NaN,NaN,NaN,NaN,NaN,NaN,NaN,NaN,NaN,NaN,NaN,NaN,NaN,NaN,NaN,NaN,NaN,NaN,NaN,NaN,NaN,NaN,NaN,NaN,NaN,NaN,NaN,NaN,NaN,NaN,NaN,NaN,NaN,NaN,NaN,NaN,NaN,NaN,NaN,NaN,NaN,NaN,NaN,NaN,NaN,NaN,NaN,NaN,NaN,NaN,NaN,NaN,NaN,NaN,NaN,NaN,NaN,NaN,NaN,NaN,NaN,NaN,NaN,NaN,NaN,NaN
-17.750348134357,-18.3084489830723,-19.0644329013264,-19.2655083883434,-19.4910143050058,-19.5474914476898,-19.4929947483973,-19.5206493084699,-19.3181388024562,-19.3681943575117,-19.3178551189883,-19.0273274971084,-18.5520845861082,-18.3735962706795,-18.3873201461152,-18.3619553270525,-18.1855651338067,-17.9482755246692,-17.70644513412,-17.4341931164969,-17.2549386998444,-16.8992675162672,-16.6214563535081,-16.4321658893883,-16.0765194263818,-15.7970116264206,-15.7599904737715,-15.4825286520245,-15.1805877540705,-14.8463993902157,-14.6173070419047,-14.4762921519797,-14.4178161816037,-14.2774891218902,-14.2043927518249,-14.1570000109646,-14.0942990981452,-14.1361168746664,-14.0853390867993,-14.1385893911435,-14.2713269950378,-14.400144511311,-14.5173853944082,-14.6129256388274,-14.5113986707191,-14.4692605138424,-14.4775554677501,-14.5639361093984,-14.5032507090524,-14.4647594982092,-14.3690674813934,-14.4115616552232,-14.4951378444218,-14.5869466122116,-14.5057040627092,-14.5651317853704,-14.7053570943235,-14.9212811268749,-15.0823775904203,-15.2672331649273,-15.6748922538675,-15.7941812505304,-15.9727550901636,-15.8157012674021,-15.65299193271,-15.426748942098,-15.3633971579164,-15.0862219305204,-15.0573239497349,-14.9245790171073,-14.8461318393003,-14.9174825563781,-14.9266188977897,-14.8777826061967,-15.0695636711944,-15.1386354326783,-15.5786815967021,-15.9921819491486,-16.3105509335227,-16.5166029705645,-16.5560528556967,-16.5229710688223,-16.5283369077694,-15.70024675943,-15.2165222516732,-13.6602622859216,NaN,NaN,NaN,NaN,NaN,NaN,NaN,NaN,NaN,NaN,NaN,NaN,NaN,NaN,NaN,NaN,NaN,NaN,NaN,NaN,NaN,NaN,NaN,NaN,NaN,NaN,NaN,NaN,NaN,NaN,NaN,NaN,NaN,NaN,NaN,NaN,NaN,NaN,NaN,NaN,NaN,NaN,NaN,NaN,NaN,NaN,NaN,NaN,NaN,NaN,NaN,NaN,NaN,NaN,NaN,NaN,NaN,NaN,NaN,NaN,NaN,NaN,NaN,NaN,NaN,NaN,NaN,NaN,NaN,NaN,NaN,NaN,NaN,NaN,NaN,NaN,NaN,NaN,NaN,NaN,NaN,NaN,NaN,NaN,NaN,NaN,NaN,NaN
-17.811007974093,-18.443576814901,-19.2044490522485,-19.3221751935502,-19.4728519465041,-19.5264711354092,-19.5462071877074,-19.4241633845294,-19.4667711959157,-19.4992134682283,-19.3545432852423,-18.9329987823025,-18.6561623681727,-18.5525355475122,-18.3182631435488,-18.3203612307138,-18.1534026784644,-17.9298481720421,-17.7263381330067,-17.5492417346343,-17.4209899204624,-16.9941326265374,-16.6934684184793,-16.5253843834167,-16.1382361065978,-15.6711243219435,-15.5713183279969,-15.4463333719096,-15.0929783585414,-14.8379925465082,-14.6382714612365,-14.5427243896986,-14.4408058629986,-14.2890162598412,-14.1639889979138,-14.0865353672113,-14.0076646976846,-14.090357993116,-14.1309193959717,-14.2504947032411,-14.2306738129741,-14.2824043521201,-14.4163183709322,-14.5286551676403,-14.4462242139458,-14.5902857337197,-14.4590115483625,-14.5195315981989,-14.3946490150267,-14.2730828517277,-14.2635443476905,-14.3042098163774,-14.3977091121204,-14.5606819423452,-14.5237768674579,-14.5491151985091,-14.7659018772335,-14.9721111243442,-15.2223463141704,-15.3361098481585,-15.59532961919,-15.9225534892055,-16.0059205284186,-15.9865066643658,-15.6796748446761,-15.3898404606405,-15.2874972019787,-15.1176110633259,-15.1092148966342,-15.0804235025292,-15.0374131592774,-14.8349898759361,-14.7645999369642,-14.7996120688943,-14.8906744496399,-15.1226462246366,-15.4716859706468,-15.8226628051725,-16.2412954333578,-16.7094146816782,-16.7048171834712,-16.8318250359558,-16.782689202886,-16.1276297910355,-15.5161275338823,-13.9911367975159,NaN,NaN,NaN,NaN,NaN,NaN,NaN,NaN,NaN,NaN,NaN,NaN,NaN,NaN,NaN,NaN,NaN,NaN,NaN,NaN,NaN,NaN,NaN,NaN,NaN,NaN,NaN,NaN,NaN,NaN,NaN,NaN,NaN,NaN,NaN,NaN,NaN,NaN,NaN,NaN,NaN,NaN,NaN,NaN,NaN,NaN,NaN,NaN,NaN,NaN,NaN,NaN,NaN,NaN,NaN,NaN,NaN,NaN,NaN,NaN,NaN,NaN,NaN,NaN,NaN,NaN,NaN,NaN,NaN,NaN,NaN,NaN,NaN,NaN,NaN,NaN,NaN,NaN,NaN,NaN,NaN,NaN,NaN,NaN,NaN,NaN,NaN,NaN
-17.8051583667328,-18.4361155611396,-19.137979021743,-19.4014464100717,-19.5204092635496,-19.5995764110235,-19.572125578641,-19.49416566697,-19.5521714811148,-19.5363159578982,-19.3836455938903,-18.9255963681238,-18.6881873637981,-18.4880625812424,-18.1134617965849,-18.1601044631606,-18.0150193063824,-17.7849338959304,-17.7570172493306,-17.6754287268547,-17.4606389049235,-17.0346043916545,-16.8936883408439,-16.6190793202155,-16.2698198376509,-15.7867154098504,-15.5201961453412,-15.3410045088355,-15.0455816221359,-14.9043541566211,-14.7146702089314,-14.6055262709842,-14.3825354740144,-14.2314268446786,-14.0657725525822,-13.9568920208466,-13.9332577480991,-14.0764878764707,-14.242806184101,-14.2848149781772,-14.2497022974767,-14.3274158563353,-14.4011760414695,-14.4503531350679,-14.3140153966052,-14.4365509119289,-14.3079448837003,-14.2741272703396,-14.2097229868474,-14.0929249031093,-14.163683279333,-14.1925191420554,-14.2385855667555,-14.361430122887,-14.4730262881854,-14.5435661665634,-14.7070708351885,-14.8453333786243,-15.172280653989,-15.3118985914335,-15.6780592299974,-15.963363457651,-16.3014964671287,-16.1968353723643,-16.0715658018503,-15.7338835144858,-15.4164310983763,-15.1699222359213,-15.1867414985329,-15.2104691826216,-15.131383383249,-15.1276257378932,-15.1442082399146,-14.9859001132734,-14.9925293527015,-15.0823009014327,-15.2986746596412,-15.5693134748672,-15.9522282958374,-16.385490019961,-16.6138449895667,-16.8497362134627,-16.9897865786289,-16.7850429964932,-16.1702073049392,-15.4417712920783,NaN,NaN,NaN,NaN,NaN,NaN,NaN,NaN,NaN,NaN,NaN,NaN,NaN,NaN,NaN,NaN,NaN,NaN,NaN,NaN,NaN,NaN,NaN,NaN,NaN,NaN,NaN,NaN,NaN,NaN,NaN,NaN,NaN,NaN,NaN,NaN,NaN,NaN,NaN,NaN,NaN,NaN,NaN,NaN,NaN,NaN,NaN,NaN,NaN,NaN,NaN,NaN,NaN,NaN,NaN,NaN,NaN,NaN,NaN,NaN,NaN,NaN,NaN,NaN,NaN,NaN,NaN,NaN,NaN,NaN,NaN,NaN,NaN,NaN,NaN,NaN,NaN,NaN,NaN,NaN,NaN,NaN,NaN,NaN,NaN,NaN,NaN,NaN
-17.8692067752522,-18.5942465914482,-19.2029501241387,-19.5965898897835,-19.595828914843,-19.6467593244438,-19.6550108559349,-19.5074785966835,-19.6018750074039,-19.5086844824689,-19.3134592485284,-18.8377651043742,-18.5901918228512,-18.5273634425421,-18.203378720122,-18.1364142733363,-17.918308615848,-17.8643298874176,-17.7690328008143,-17.6595324575615,-17.3936531450827,-17.1053251751058,-16.8149169516997,-16.5724905501478,-16.1865823926139,-15.8716359680574,-15.4806454610963,-15.2609118539765,-14.9263302800227,-14.7169758151669,-14.5524558127238,-14.3778088683475,-14.1597732630678,-14.1081042882625,-14.0796723826962,-13.9701649067542,-13.9869654858916,-14.1446678208299,-14.2894928066304,-14.373449902835,-14.3514720104984,-14.3992433284064,-14.4163268958674,-14.4037145806052,-14.3759101719037,-14.3453345329651,-14.2206271311854,-14.2087606922311,-14.1829493898133,-14.0728288023616,-14.098740295081,-14.108208845365,-14.0995259089768,-14.1989209275332,-14.2741022843495,-14.4361474468939,-14.5978512804892,-14.673106213228,-14.9353564454338,-15.1456872296496,-15.4525680767007,-15.6960071191572,-16.0021868029716,-16.1825104016444,-16.2458237815168,-16.1301172317041,-15.7905811312114,-15.4471659195831,-15.3796176700105,-15.2938438760184,-15.351390675473,-15.2669873192498,-15.2924080633442,-15.4769422142148,-15.4413657134957,-15.3334422185931,-15.4582620015019,-15.6986153240297,-15.7824919301929,-16.181515781517,-16.4997082951458,-16.604018318958,-16.7297965055086,-16.6661471790064,-16.4373258603807,-15.3256519270227,NaN,NaN,NaN,-16.1445804589709,NaN,NaN,NaN,NaN,NaN,NaN,NaN,NaN,NaN,NaN,NaN,NaN,NaN,NaN,NaN,NaN,NaN,NaN,NaN,NaN,NaN,NaN,NaN,NaN,NaN,NaN,NaN,NaN,NaN,NaN,NaN,NaN,NaN,NaN,NaN,NaN,NaN,NaN,NaN,NaN,NaN,NaN,NaN,NaN,NaN,NaN,NaN,NaN,NaN,NaN,NaN,NaN,NaN,NaN,NaN,NaN,NaN,NaN,NaN,NaN,NaN,NaN,NaN,NaN,NaN,NaN,NaN,NaN,NaN,NaN,NaN,NaN,NaN,NaN,NaN,NaN,NaN,NaN,NaN,NaN,NaN,NaN,NaN,NaN
-17.9189136655741,-18.4734692771844,-19.2375234970782,-19.5550294380541,-19.6859589909207,-19.7848389202575,-19.6681794948297,-19.6477323757956,-19.6529852656346,-19.4307399449632,-19.1191159928099,-18.730761973884,-18.5759089510185,-18.6899022504451,-18.3095565649069,-18.1006841973851,-17.8061416121634,-17.7251042699338,-17.6148183030285,-17.4895230513334,-17.1541628383077,-16.8900474503719,-16.6067710633538,-16.379772608313,-16.0650187205683,-15.8044627734009,-15.3933629535675,-15.0059618558632,-14.625164727104,-14.3965521419072,-14.2801592138071,-14.2013536129305,-14.0057152901629,-13.9993295805094,-14.0205151736574,-13.9896858518163,-14.0077737887925,-14.1610396801266,-14.2713070468926,-14.3478973319046,-14.2934550018859,-14.309582747673,-14.2633398833466,-14.3186776686312,-14.2572212036292,-14.2199875512649,-14.1833667256604,-14.1888775312393,-14.1496752638056,-14.0894907475046,-14.0941980369075,-14.1303843129422,-14.0596316451684,-14.0264522591583,-14.1235780809065,-14.3120147402529,-14.518542122462,-14.7102479529613,-14.9533967131644,-15.0710917273676,-15.3986300384841,-15.551387857834,-15.786067023304,-15.9750702521518,-16.1262739626997,-16.177989437434,-16.0292202800611,-15.7419665273751,-15.6557252900299,-15.4626858765525,-15.4519082189409,-15.4626464591839,-15.5979991327446,-15.6121842877689,-15.6521992253673,-15.4732600565933,-15.3496592110697,-15.30085555497,-15.3847165609869,-15.765948638052,-15.9320817968022,-16.1837338015923,-16.3577072499947,-16.3886155841758,-16.1961425976159,-15.4314300927891,-15.0440226459307,-15.0474723142394,-14.6016615731606,-14.9739834088025,-15.2347031475493,NaN,NaN,NaN,NaN,NaN,NaN,NaN,NaN,NaN,NaN,NaN,NaN,NaN,NaN,NaN,NaN,NaN,NaN,NaN,NaN,NaN,NaN,NaN,NaN,NaN,NaN,NaN,NaN,NaN,NaN,NaN,NaN,NaN,NaN,NaN,NaN,NaN,NaN,NaN,NaN,NaN,NaN,NaN,NaN,NaN,NaN,NaN,NaN,NaN,NaN,NaN,NaN,NaN,NaN,NaN,NaN,NaN,NaN,NaN,NaN,NaN,NaN,NaN,NaN,NaN,NaN,NaN,NaN,NaN,NaN,NaN,NaN,NaN,NaN,NaN,NaN,NaN,NaN,NaN,NaN,NaN,NaN,NaN
-18.0409578566468,-18.6851950031104,-19.3225298476219,-19.6168114862568,-19.6932960102074,-19.7802555748233,-19.7993500427225,-19.7336587975561,-19.7376212205068,-19.4093480012785,-19.0410849191461,-18.7129772519989,-18.755737426378,-18.7235299290469,-18.5003307391207,-18.2179566229914,-17.9335635029147,-17.775666015281,-17.558699159419,-17.4313499540746,-17.2412446765258,-16.9229582210488,-16.497078018104,-16.2573206444381,-15.9652927226184,-15.6142673867724,-15.1476835840805,-14.7201756566244,-14.3222555883221,-14.1367056735025,-14.1245059554577,-14.0356871181646,-13.8682736276322,-13.8345984856464,-13.8919393523639,-13.8170129530625,-13.8770543449153,-14.0261656400273,-14.1260339255736,-14.1532333958563,-14.217821521908,-14.1940970904532,-14.1635475511782,-14.2123689635284,-14.1963203380601,-14.1864064374421,-14.1916166941971,-14.2229669510342,-14.1523383920826,-14.1209531226928,-14.1250097582014,-13.9773910966969,-13.9807238269116,-14.0318504657045,-14.2002947271067,-14.4245726092879,-14.6584250003397,-14.8593224075155,-15.0899564244017,-15.17138895942,-15.5199006319008,-15.6695274541556,-15.8713906335487,-15.9915147814189,-16.1727137438366,-16.3079580770555,-16.3027766791145,-16.1705282963098,-15.9443525462615,-15.7086210461664,-15.760856299921,-15.7191781258861,-15.7183741014171,-15.7224799870482,-15.5779628010943,-15.5567224266554,-15.4898670874016,-15.4245738868611,-15.5687648019385,-15.6921801113839,-15.7478217069358,-15.7280859967055,-15.7693568041863,-15.6827499421732,-15.6931259679308,-15.3044031666826,-15.0155666030715,-14.6499146955647,-14.6089203274532,NaN,-15.7344571639929,-16.5356819778165,NaN,NaN,NaN,-17.5084188229194,NaN,NaN,NaN,NaN,NaN,NaN,NaN,NaN,NaN,NaN,NaN,NaN,NaN,NaN,NaN,NaN,NaN,NaN,NaN,NaN,NaN,NaN,NaN,NaN,NaN,NaN,NaN,NaN,NaN,NaN,NaN,NaN,NaN,NaN,NaN,NaN,NaN,NaN,NaN,NaN,NaN,NaN,NaN,NaN,NaN,NaN,NaN,NaN,NaN,NaN,NaN,NaN,NaN,NaN,NaN,NaN,NaN,NaN,NaN,NaN,NaN,NaN,NaN,NaN,NaN,NaN,NaN,NaN,NaN,NaN,NaN,NaN,NaN,NaN,NaN,NaN,NaN,NaN
-18.0231268020024,-18.8163357514492,-19.4220534251148,-19.7016362523461,-19.6932709451595,-19.8078852011477,-19.8838923601468,-19.8095120968661,-19.7567589873004,-19.3615176361168,-18.9313325685093,-18.6271319139881,-18.6092129733191,-18.598463723399,-18.4172471512324,-18.2585160451106,-17.9417020643243,-17.7012062043194,-17.5110490304484,-17.3361388408783,-17.0572583848079,-16.8458877123001,-16.5232528863237,-16.2034712551419,-15.9676335892586,-15.6284619815829,-15.0578595040605,-14.5643539300316,-14.1594955742481,-14.0966442120957,-14.0824578346176,-13.9966225262406,-13.8668529081293,-13.8758172480436,-13.7875133033892,-13.6804629847817,-13.7418455067316,-13.8132361042915,-13.9129830568198,-14.0223679685743,-14.1014176262066,-14.144041848778,-14.0088090665603,-14.0750930618829,-14.1158826529499,-14.1544088707846,-14.1539439292473,-14.2089785358775,-14.1757809433946,-14.0699528521737,-13.9850227016824,-13.8806034893279,-13.9964472404857,-14.1480897151618,-14.2640734039197,-14.4218777696804,-14.7165845621616,-14.8687616290415,-15.1283510865061,-15.1287605820272,-15.2267023454997,-15.4274687773379,-15.5943364075804,-15.8476627408601,-16.0194025285567,-16.2072620108784,-16.369203130139,-16.2286840518942,-16.2169719234538,-16.074831480747,-15.9623009433016,-15.93763457713,-15.9129148923627,-15.7745611607801,-15.6912406015728,-15.6550635030451,-15.6344456684389,-15.4724924209941,-15.420359773119,-15.5879849011357,-15.7805528182489,-15.6810518801117,-15.7346951463809,-15.8988612095577,-15.9477154009442,-15.5688397576879,-15.2869746261856,-14.7506388542674,-14.5268279539822,-14.3474461978589,NaN,-17.3932018716224,-18.217517262654,NaN,-17.0083293613631,-17.3951033752476,NaN,NaN,NaN,NaN,NaN,NaN,NaN,NaN,NaN,NaN,NaN,NaN,NaN,NaN,NaN,NaN,NaN,NaN,NaN,NaN,NaN,NaN,NaN,NaN,NaN,NaN,NaN,NaN,NaN,NaN,NaN,NaN,NaN,NaN,NaN,NaN,NaN,NaN,NaN,NaN,NaN,NaN,NaN,NaN,NaN,NaN,NaN,NaN,NaN,NaN,NaN,NaN,NaN,NaN,NaN,NaN,NaN,NaN,NaN,NaN,NaN,NaN,NaN,NaN,NaN,NaN,NaN,NaN,NaN,NaN,NaN,NaN,NaN,NaN,NaN,NaN,NaN,NaN
-18.1374023056755,-19.0218506239512,-19.4907069404617,-19.7810292762973,-19.8136865831398,-19.9108317865774,-20.0712003891024,-20.0753473694296,-19.835608205974,-19.4522242543176,-18.8697503383946,-18.6487584201733,-18.5607281173582,-18.2482307544021,-18.0701965623278,-18.0445014274702,-17.7444767192077,-17.5960864468926,-17.3293658081865,-17.0258351951592,-16.7009460121071,-16.5825864272819,-16.3995383145237,-16.0747695219619,-15.8403278322541,-15.5132062481663,-15.0156476955697,-14.5428171795858,-14.1377970568121,-14.073686195602,-14.048540796035,-13.9162171149366,-13.830970103993,-13.8265072824599,-13.8025288723148,-13.7027208349392,-13.6007876549972,-13.6990629069316,-13.7919197301129,-13.9547055449085,-14.0353961588978,-14.1541304536585,-14.0270293751764,-14.077187448783,-14.0887059955406,-14.0897000561574,-14.1119374382966,-14.1018536414518,-14.0551063443837,-13.9661422292365,-13.9032074441495,-13.961983669273,-14.0300248887531,-14.2434630469082,-14.3766273933807,-14.598200216678,-14.7625063626255,-14.9011590704133,-15.10826569559,-15.224648531526,-15.2234522683538,-15.3569864236217,-15.5238527736604,-15.7367410365542,-15.8803117365946,-16.0541444310695,-16.3545709413634,-16.3341779279007,-16.3263488678741,-16.224739975405,-16.1158720091989,-15.7930850171874,-15.7597131087308,-15.6671178737607,-15.7222804318019,-15.4932878276715,-15.617715239496,-15.621235451221,-15.609200710494,-15.5873046658176,-15.4906722580964,-15.4521579165187,-15.5121046891161,-15.6570251278046,-15.9777459971887,-15.8463634309404,-15.524594801513,-15.2523309161642,-14.9729999124814,-14.5460749434253,-13.9535807343751,NaN,-18.0362229947678,-17.6505134730295,-17.0944011256374,NaN,NaN,NaN,NaN,NaN,NaN,NaN,NaN,NaN,NaN,NaN,NaN,NaN,NaN,NaN,NaN,NaN,NaN,NaN,NaN,NaN,NaN,NaN,NaN,NaN,NaN,NaN,NaN,NaN,NaN,NaN,NaN,NaN,NaN,NaN,NaN,NaN,NaN,NaN,NaN,NaN,NaN,NaN,NaN,NaN,NaN,NaN,NaN,NaN,NaN,NaN,NaN,NaN,NaN,NaN,NaN,NaN,NaN,NaN,NaN,NaN,NaN,NaN,NaN,NaN,NaN,NaN,NaN,NaN,NaN,NaN,NaN,NaN,NaN,NaN,NaN,NaN,NaN,NaN
-18.3343001210217,-19.2322907083546,-19.575327202298,-19.8368845931159,-19.9496935766911,-20.0529362448959,-20.2143447692935,-20.2032164713262,-19.8921187915497,-19.2931360994721,-18.7552306743115,-18.5871411055038,-18.4794886727026,-18.1501978346037,-17.7582674942847,-17.7550161542522,-17.4442071505273,-17.3120400949857,-16.9613640603617,-16.6530928650056,-16.3973037677453,-16.2537850323047,-16.2514531029903,-16.0268940486493,-15.7335869238523,-15.2838684929696,-14.8263044149066,-14.4037018472242,-13.9895613942775,-13.8942739290852,-13.8981247143158,-13.8482522483311,-13.809923446665,-13.8970355260163,-13.8586094232995,-13.6862991285874,-13.6152570789432,-13.6294037626839,-13.6140830546575,-13.7523854553162,-13.9038235288177,-13.9441908344915,-13.8970599597843,-13.9604314937959,-14.02360869553,-14.1300725055687,-14.1337355127966,-14.2087049470854,-14.1575451149059,-14.0873828930631,-14.022979636697,-14.0540190456473,-14.1673503967703,-14.310419384227,-14.4766281378811,-14.7670706404226,-14.8954844146227,-15.1233302885528,-15.2227102326279,-15.3318629762683,-15.3884331436616,-15.4279862593223,-15.6670668039773,-15.9243555492718,-16.0803112314267,-16.1553644578305,-16.4259920679191,-16.4923365293311,-16.4865725153292,-16.3819833925309,-16.4342836244928,-16.1956333256574,-16.0271905834961,-16.0067707715321,-16.0605389479251,-15.9771807823797,-15.797938545607,-15.7228492409438,-15.7296128755925,-15.4659303890538,-15.5466724338957,-15.5496783875562,-15.5058592113515,-15.4110956125758,-15.5241142467888,-15.1761783100332,-15.2137742571551,-14.9974544113265,-14.6202651535558,-14.7294731263887,-15.3421239604564,NaN,NaN,NaN,NaN,NaN,NaN,NaN,NaN,NaN,NaN,NaN,NaN,NaN,NaN,NaN,NaN,NaN,NaN,NaN,NaN,NaN,NaN,NaN,NaN,NaN,NaN,NaN,NaN,NaN,NaN,NaN,NaN,NaN,NaN,NaN,NaN,NaN,NaN,NaN,NaN,NaN,NaN,NaN,NaN,NaN,NaN,NaN,NaN,NaN,NaN,NaN,NaN,NaN,NaN,NaN,NaN,NaN,NaN,NaN,NaN,NaN,NaN,NaN,NaN,NaN,NaN,NaN,NaN,NaN,NaN,NaN,NaN,NaN,NaN,NaN,NaN,NaN,NaN,NaN,NaN,NaN,NaN,NaN
-18.4536778984025,-19.4226413761859,-19.704594178054,-19.9813781438156,-20.0717563065647,-20.109110763613,-20.2593691660017,-20.1249267159938,-19.8230221013987,-19.1619739566198,-18.5905024971843,-18.4886421564987,-18.2417760900623,-17.8642663172736,-17.5564847916108,-17.4446978785747,-17.0965233741636,-16.8293652348805,-16.5041387334989,-16.1804338231931,-16.0660353099657,-15.9315845387904,-15.9670665275178,-15.9413566009413,-15.6166550983553,-15.2280444472382,-14.6875501022889,-14.2061184723412,-13.9202043753331,-13.8568362012366,-13.8262611527045,-13.8376917896572,-13.8161287094236,-13.8545303752374,-13.7055423868238,-13.5916213377367,-13.5961990515799,-13.6719393355357,-13.6757985985554,-13.7592096247337,-13.8347928657464,-13.9061565975147,-13.8874819314134,-13.990740483622,-14.0714591569436,-14.0982841946181,-14.1692530893417,-14.1829360366769,-14.1760885966452,-14.0553523428593,-14.115717008207,-14.1723760627108,-14.3762498333085,-14.4495386325493,-14.7175233260001,-14.9087692643255,-15.1350343858196,-15.2662759532177,-15.3751645411859,-15.4923261251397,-15.5895890479332,-15.6478582619574,-15.6605335159075,-15.8071686859432,-16.0767925478818,-16.2741161491084,-16.4268321275392,-16.5110995433743,-16.5178249938219,-16.4678703468928,-16.5043137070418,-16.42082969378,-16.2779373566185,-16.1303876078342,-16.1009641711706,-15.9554074644111,-15.9568939791407,-15.9951243440366,-15.9161406890865,-15.6680484652566,-15.5126428569983,-15.5863390602449,-15.4962962663037,-15.3829025446096,-15.5263095342598,-15.4416393065443,-15.4142687897065,-15.3335289163244,-14.8274148658516,-14.25185376442,-14.209222020399,-13.2759665225395,NaN,NaN,NaN,NaN,NaN,NaN,NaN,NaN,NaN,NaN,NaN,NaN,NaN,NaN,NaN,NaN,NaN,NaN,NaN,NaN,NaN,NaN,NaN,NaN,NaN,NaN,NaN,NaN,NaN,NaN,NaN,NaN,NaN,NaN,NaN,NaN,NaN,NaN,NaN,NaN,NaN,NaN,NaN,NaN,NaN,NaN,NaN,NaN,NaN,NaN,NaN,NaN,NaN,NaN,NaN,NaN,NaN,NaN,NaN,NaN,NaN,NaN,NaN,NaN,NaN,NaN,NaN,NaN,NaN,NaN,NaN,NaN,NaN,NaN,NaN,NaN,NaN,NaN,NaN,NaN,NaN,NaN
-18.4221953167223,-19.5618282862043,-19.8034343976683,-20.0861313590739,-20.2259386011739,-20.3215030149228,-20.2369478947712,-20.0936341209423,-19.6708364126318,-19.0458674697527,-18.4725050221816,-18.4490557680705,-18.0899371265838,-17.5429257624829,-17.2062546753326,-17.0730250203162,-16.7808075410145,-16.6174308404009,-16.306524449057,-15.9735068873379,-15.8369409892124,-15.6354688410211,-15.6418840914406,-15.6508346410345,-15.5498893093848,-15.1956105047389,-14.6314675482839,-14.1520390439646,-13.8502953922453,-13.7737705008706,-13.797574287052,-13.8155171521475,-13.8399679561335,-13.7424692125886,-13.6365729021105,-13.6537891936027,-13.6672203822719,-13.7552616002706,-13.7268164680136,-13.9046356793258,-14.0505386024766,-14.0880916002402,-13.9749236444364,-14.0323047832969,-14.1462499495694,-14.0984178869668,-14.2294961783451,-14.2755896721587,-14.3708771805058,-14.2751907554278,-14.3395561353086,-14.4917442382804,-14.5517091907678,-14.663165658489,-14.8019704426024,-14.9422694698812,-15.0215586029548,-15.2544329184906,-15.3596585998321,-15.4880413086819,-15.7432799734619,-15.8921485854162,-15.9244591430748,-16.0388292546944,-16.3237773768318,-16.482481508472,-16.6065240067778,-16.7829388313656,-16.7903494149235,-16.6064612692639,-16.6089493783534,-16.6274255465384,-16.5961900747265,-16.5649548173248,-16.4099122229177,-16.3621502219959,-16.2723136155078,-16.1446546461498,-16.0860319160553,-15.7772521757287,-15.8216505641392,-15.8564931562013,-15.6945763899325,-15.4902726004588,-15.3807551216939,-15.4574019768395,-15.3147452894339,-15.3584275309514,-15.1690594378285,-14.6934412494335,-14.3180315030006,-13.7298776378227,-13.5347364733511,NaN,NaN,NaN,NaN,NaN,NaN,NaN,NaN,NaN,NaN,NaN,NaN,NaN,NaN,NaN,NaN,NaN,NaN,NaN,NaN,NaN,NaN,NaN,NaN,NaN,NaN,NaN,NaN,NaN,NaN,NaN,NaN,NaN,NaN,NaN,NaN,NaN,NaN,NaN,NaN,NaN,NaN,NaN,NaN,NaN,NaN,NaN,NaN,NaN,NaN,NaN,NaN,NaN,NaN,NaN,NaN,NaN,NaN,NaN,NaN,NaN,NaN,NaN,NaN,NaN,NaN,NaN,NaN,NaN,NaN,NaN,NaN,NaN,NaN,NaN,NaN,NaN,NaN,NaN,NaN,NaN
-18.6268709615093,-19.7385192203511,-19.992001361595,-20.1933984538844,-20.489407192014,-20.4124469994542,-20.2343305942771,-20.085099590324,-19.5761105033368,-19.0466511904556,-18.5413222948222,-18.3431469327593,-17.9357880094617,-17.4391261129412,-17.0391408439099,-16.8389384880514,-16.6067965010888,-16.4853052640534,-16.1489717935817,-15.8868624864506,-15.8262939610481,-15.7037074910634,-15.589935206806,-15.5202196692885,-15.4405709382093,-15.1461781563731,-14.7288988691822,-14.1707267497346,-13.9912809758369,-13.9264606863392,-13.846211318165,-13.7778965560391,-13.7767054308603,-13.8263185572979,-13.7750880750659,-13.7214858573747,-13.738295559284,-13.8105258504668,-13.8412164644154,-13.9954638834412,-14.0861138076495,-14.1045415214411,-13.9351185700142,-14.0540534234163,-14.1410676981855,-14.1810327821317,-14.226677376096,-14.2705923598131,-14.3141746309353,-14.3912067872104,-14.3885355845385,-14.4512971227802,-14.5609094710373,-14.6893073801971,-14.797388971615,-14.9250465622878,-15.0984225094317,-15.2538206602246,-15.5198599605454,-15.6870014289863,-15.8266900923325,-16.0717477909525,-16.0605856424583,-16.156308952651,-16.3349838962562,-16.4168177213366,-16.6490053035027,-16.8398769089921,-16.8972330598651,-16.7068344618838,-16.7520879360701,-16.7353549725505,-16.7107940172555,-16.635962360563,-16.7088757771415,-16.6485029108842,-16.5590026232389,-16.3978618263127,-16.2170172658703,-16.1229863776163,-16.0979772503146,-16.1690590348747,-15.9342149537788,-15.5662810669318,-15.3723807494986,-15.0935629786197,-15.0214601950679,-14.6879397470577,-14.5799254484012,-14.3547523451024,-14.0815270904761,-13.7824597353638,-13.473911074767,NaN,NaN,NaN,NaN,NaN,NaN,NaN,NaN,NaN,NaN,NaN,NaN,NaN,NaN,NaN,NaN,NaN,NaN,NaN,NaN,NaN,NaN,NaN,NaN,NaN,NaN,NaN,NaN,NaN,NaN,NaN,NaN,NaN,NaN,NaN,NaN,NaN,NaN,NaN,NaN,NaN,NaN,NaN,NaN,NaN,NaN,NaN,NaN,NaN,NaN,NaN,NaN,NaN,NaN,NaN,NaN,NaN,NaN,NaN,NaN,NaN,NaN,NaN,NaN,NaN,NaN,NaN,NaN,NaN,NaN,NaN,NaN,NaN,NaN,NaN,NaN,NaN,NaN,NaN,NaN,NaN
-18.8413828887465,-19.8325564091487,-20.0478591069229,-20.3163139025267,-20.5941018286068,-20.3894162428283,-20.2348596785742,-20.0871674460668,-19.5164378982854,-18.979800539563,-18.4733450361153,-18.1936702841501,-17.7347303591644,-17.2663162988516,-16.920832104541,-16.6807599637198,-16.4176615646217,-16.3477283753914,-16.0173480737935,-15.8088653379772,-15.8870337601384,-15.7242651856412,-15.4434752255685,-15.4231027012501,-15.3113917103173,-15.0606239724073,-14.6429901849166,-14.1652990761762,-13.9424820028022,-13.9313662800351,-13.8101723900391,-13.7116841744324,-13.6509431032115,-13.7554172360091,-13.6586789225598,-13.6310416297223,-13.716311062051,-13.8635094283007,-13.9368455132894,-14.06460858509,-14.1466771210201,-14.0600801516479,-13.9513045951812,-14.1446458848081,-14.1658912778218,-14.1813709069604,-14.3080003885507,-14.312347143667,-14.3772184828526,-14.3316824057022,-14.3460220250116,-14.5171055380439,-14.6771174910525,-14.7384858323148,-14.8620264252204,-14.9541023484261,-15.178723335192,-15.3786372865691,-15.6935108333813,-15.8807372405918,-16.1466152472506,-16.11248086769,-16.2400512262614,-16.3554986748447,-16.5549929102906,-16.7375730112578,-16.9990362590906,-17.1042274401039,-17.0330013484553,-16.9412799149077,-16.8519717395196,-16.6830456638165,-16.6882554986673,-16.7773587330346,-16.8582387625976,-16.8666436612222,-16.7285976625525,-16.5453620145909,-16.5218389977399,-16.3388188984677,-16.2591594108734,-16.1750972276727,-16.0712121421706,-15.6265192747643,-15.382590149408,-15.137030930265,-14.9050125265368,-14.5334384000247,-14.3251408715135,-14.1748492215993,-13.9804455471438,-14.0196874164962,-13.2915992376765,-12.9015966977132,NaN,NaN,NaN,NaN,NaN,NaN,NaN,NaN,NaN,NaN,NaN,NaN,NaN,NaN,NaN,NaN,NaN,NaN,NaN,NaN,NaN,NaN,NaN,NaN,NaN,NaN,NaN,NaN,NaN,NaN,NaN,NaN,NaN,NaN,NaN,NaN,NaN,NaN,NaN,NaN,NaN,NaN,NaN,NaN,NaN,NaN,NaN,NaN,NaN,NaN,NaN,NaN,NaN,NaN,NaN,NaN,NaN,NaN,NaN,NaN,NaN,NaN,NaN,NaN,NaN,NaN,NaN,NaN,NaN,NaN,NaN,NaN,NaN,NaN,NaN,NaN,NaN,NaN,NaN,NaN
-19.0010103068997,-19.9563040965355,-20.2894050212179,-20.4001081058002,-20.6522051593942,-20.4081465168736,-20.2616329828039,-20.0912208372091,-19.4284700801235,-18.8335858562374,-18.2891951711584,-17.9673216492637,-17.5076002288893,-17.1428567712818,-16.8364544843251,-16.5643049823589,-16.3901830738916,-16.3708382176748,-15.993681941975,-15.6937236066302,-15.7232628329223,-15.5384173782184,-15.2423706960628,-15.2810761147331,-15.2302312786809,-15.0406569378532,-14.6358067745418,-14.1048414138024,-13.9406769884957,-13.945406046192,-13.7994183551659,-13.6504631259233,-13.5768614444073,-13.6286509713504,-13.6003574762019,-13.6291681222045,-13.691103459647,-13.8474152888507,-13.9286589038162,-14.0300503053412,-14.1324030920997,-14.1442294608639,-14.1656176536036,-14.3120021280676,-14.274788706288,-14.2783530514669,-14.3130263385573,-14.4169774967784,-14.4209275538015,-14.4927557614653,-14.537426894686,-14.7266310326144,-14.9276798048513,-14.9736395608209,-15.1011682859346,-15.2826927700777,-15.52909369418,-15.6579049787345,-15.9474865157986,-16.1925027736619,-16.3857591247847,-16.4943713208252,-16.5893106916707,-16.593260367128,-16.6669012591609,-16.6851751440511,-16.8923279875181,-16.8443304655472,-16.8830977686718,-16.7037406146774,-16.7347292183063,-16.5016858035486,-16.5381331633565,-16.6498699251938,-16.8174902169084,-16.8336010372797,-16.7286439586456,-16.5933771526463,-16.4471762876097,-16.5118358936209,-16.4346808338445,-16.4096189351439,-16.158586036282,-15.8106947824277,-15.5807489605054,-15.2737914999665,-15.0510907131437,-14.6840015348179,-14.4432543446101,-14.2285032713475,-14.1252172417064,-14.4845696500801,-14.153427400319,-13.4783874300439,NaN,NaN,NaN,NaN,NaN,NaN,NaN,NaN,NaN,NaN,NaN,NaN,NaN,NaN,NaN,NaN,NaN,NaN,NaN,NaN,NaN,NaN,NaN,NaN,NaN,NaN,NaN,NaN,NaN,NaN,NaN,NaN,NaN,NaN,NaN,NaN,NaN,NaN,NaN,NaN,NaN,NaN,NaN,NaN,NaN,NaN,NaN,NaN,NaN,NaN,NaN,NaN,NaN,NaN,NaN,NaN,NaN,NaN,NaN,NaN,NaN,NaN,NaN,NaN,NaN,NaN,NaN,NaN,NaN,NaN,NaN,NaN,NaN,NaN,NaN,NaN,NaN,NaN,NaN,NaN
-19.0922691331901,-19.9653244037116,-20.3498971821261,-20.4772695989844,-20.6699677805667,-20.2398971625805,-20.1068017984344,-20.0096929688057,-19.3527988218788,-18.7254657503651,-18.1322761443962,-17.7811167063936,-17.4176861967599,-17.2133440661738,-16.9117604276027,-16.5938566040564,-16.4785036553878,-16.3936021868781,-15.9631266333296,-15.6004838493105,-15.4158544944259,-15.309529664506,-15.0047688868974,-14.8724819832827,-14.9127087970629,-14.8303598494548,-14.4168720869761,-13.9713727903352,-13.969256504441,-13.9704782417767,-13.8048275349036,-13.7057829530845,-13.6190393162268,-13.6404933517235,-13.5870510822304,-13.6535143252557,-13.778218494688,-13.9566932911616,-13.9518768057941,-13.9306055679251,-14.1130307418456,-14.1918835099448,-14.1457651960575,-14.3386796761438,-14.413969684299,-14.4867946479407,-14.4641103881122,-14.5890851428107,-14.642283836972,-14.7717339722056,-14.7531534400337,-14.9611555061562,-15.0199162004121,-15.0828784070756,-15.2602651376574,-15.4704819671931,-15.651907176576,-15.8752023775842,-16.1824902893984,-16.3110624717146,-16.5094397519598,-16.5621143166979,-16.6610740350237,-16.6109606003419,-16.7138724985606,-16.6490446856375,-16.6645652071718,-16.6208805438944,-16.6489763191641,-16.5326838825317,-16.4905585893043,-16.2941789474651,-16.2552431681217,-16.2904703812815,-16.4349403912148,-16.4839839389886,-16.4551829862505,-16.3842591866493,-16.2892685987389,-16.4245771946764,-16.1705956515571,-16.1911616447972,-16.0292609358753,-15.9752363617633,-15.7035768191366,-15.4640580553932,-15.3468634263945,-15.1969212654596,-15.0026743006702,-14.7829667919592,-14.9806550478031,-14.9425821841368,-14.5827667209149,-13.8397548800721,-13.3661257921786,NaN,NaN,NaN,NaN,NaN,NaN,NaN,NaN,NaN,NaN,NaN,NaN,NaN,NaN,NaN,NaN,NaN,NaN,NaN,NaN,NaN,NaN,NaN,NaN,NaN,NaN,NaN,NaN,NaN,NaN,NaN,NaN,NaN,NaN,NaN,NaN,NaN,NaN,NaN,NaN,NaN,NaN,NaN,NaN,NaN,NaN,NaN,NaN,NaN,NaN,NaN,NaN,NaN,NaN,NaN,NaN,NaN,NaN,NaN,NaN,NaN,NaN,NaN,NaN,NaN,NaN,NaN,NaN,NaN,NaN,NaN,NaN,NaN,NaN,NaN,NaN,NaN,NaN,NaN
-19.2374067575424,-20.0415219510289,-20.4456215490376,-20.5500789743512,-20.6759004942741,-20.16185050242,-20.1301346517793,-20.0566449423705,-19.289943930289,-18.5572818651889,-18.045457729708,-17.713426906887,-17.406127709598,-17.2770277956328,-17.065297293309,-16.6920080624395,-16.5351161458646,-16.3471821619466,-15.9628347769634,-15.5653008701209,-15.1081403587076,-14.9428200663571,-14.8319219874269,-14.6451470931955,-14.7139832400129,-14.656912247777,-14.4880239956983,-14.1037502008634,-14.0298027332728,-13.9436740140065,-13.8079635631884,-13.6211431157298,-13.5967829916713,-13.6929256207048,-13.63976815865,-13.7813073420178,-13.8881854962968,-13.8864765796019,-13.8655108201312,-13.9305561303204,-14.029624820772,-14.2229468486182,-14.3292718753538,-14.4746698724009,-14.6950348322123,-14.6575345891485,-14.7717293592293,-14.8049886903274,-14.8024184919869,-14.9009500306417,-14.8451534564231,-14.916262682632,-14.8695365734131,-15.0609519558548,-15.4411727798562,-15.6518060678843,-15.7685141715349,-15.9602979022792,-16.3152190629667,-16.5258061299734,-16.6770344234866,-16.7888385144504,-16.8264023683228,-16.8224258071417,-16.9651435517678,-17.0472500000777,-16.9976230909148,-16.9308286364992,-16.9360689658201,-16.8314459993312,-16.7720991049852,-16.5648901796071,-16.3468125494264,-16.4475758780454,-16.6949014469641,-16.68472985619,-16.5918774784699,-16.5609317183872,-16.3631353360441,-16.2830216165237,-16.2844541807681,-16.4529294816872,-16.5100154302468,-16.5623617580306,-16.3593264214341,-16.0655204229633,-15.9292401958963,-15.9000369290448,-15.5599143884679,-15.066464978638,-15.1493537096745,-14.9398655653544,-14.8369285552209,-14.3070282963302,-13.4130048481373,NaN,NaN,NaN,NaN,NaN,NaN,NaN,NaN,NaN,NaN,NaN,NaN,NaN,NaN,NaN,NaN,NaN,NaN,NaN,NaN,NaN,NaN,NaN,NaN,NaN,NaN,NaN,NaN,NaN,NaN,NaN,NaN,NaN,NaN,NaN,NaN,NaN,NaN,NaN,NaN,NaN,NaN,NaN,NaN,NaN,NaN,NaN,NaN,NaN,NaN,NaN,NaN,NaN,NaN,NaN,NaN,NaN,NaN,NaN,NaN,NaN,NaN,NaN,NaN,NaN,NaN,NaN,NaN,NaN,NaN,NaN,NaN,NaN,NaN,NaN,NaN,NaN,NaN,NaN
-19.2046192375697,-20.0659850703754,-20.4333705494735,-20.6030924543194,-20.7178922919261,-20.1838162139783,-20.1452354922523,-20.0393957112492,-19.2878307010118,-18.4907917034767,-17.9703991126675,-17.7532033226674,-17.2723119571477,-17.1954773411086,-17.0875926965677,-16.8255531687014,-16.5138736437076,-16.3891283813678,-15.9619024109112,-15.4667532450334,-14.9556854197663,-14.6995735097775,-14.8153521291926,-14.7791913545358,-14.8365922484198,-14.794854754053,-14.6472446056805,-14.2143269692065,-13.983569475693,-13.9484587568076,-13.9255899537013,-13.6630460475412,-13.7189637162259,-13.8457620278137,-13.8774267524376,-14.073983948893,-14.1182658553466,-14.0845952254455,-14.157419269482,-14.1322997666018,-14.2307222119546,-14.4014796387918,-14.4562485621977,-14.534476508081,-14.7028548233295,-14.7791112895018,-14.9968810256842,-14.9759031868353,-15.0333026067688,-15.0595523060772,-15.139632982159,-15.1437240208662,-15.2491006595094,-15.4861529544651,-15.6676973343605,-15.7840352545575,-15.8426599419735,-16.0800629259037,-16.4528537273624,-16.7011822201109,-16.8769322373088,-17.071037957892,-17.102288257617,-17.2717101646807,-17.3223594280678,-17.5123210139945,-17.5071082878628,-17.4708374717965,-17.4825341966895,-17.2127313228633,-17.1970766033994,-16.8576411213986,-16.8320010560129,-16.9746315280163,-17.0104252215341,-17.0144533905973,-16.9645221088721,-16.8756044296717,-16.7924257321193,-16.6753229017035,-16.6266845550331,-16.6130560705286,-16.5207274342717,-16.7028122451953,-16.4132010237707,-16.3055422188128,-16.1460436917558,-15.9185451614433,-15.5938821584507,-15.2563556178827,-15.1914053341205,-14.9749738583378,-14.8327669882894,-14.172894167249,-13.2259588711102,-12.9315188305134,-14.024479756163,NaN,NaN,NaN,NaN,NaN,NaN,NaN,NaN,NaN,NaN,NaN,NaN,NaN,NaN,NaN,NaN,NaN,NaN,NaN,NaN,NaN,NaN,NaN,NaN,NaN,NaN,NaN,NaN,NaN,NaN,NaN,NaN,NaN,NaN,NaN,NaN,NaN,NaN,NaN,NaN,NaN,NaN,NaN,NaN,NaN,NaN,NaN,NaN,NaN,NaN,NaN,NaN,NaN,NaN,NaN,NaN,NaN,NaN,NaN,NaN,NaN,NaN,NaN,NaN,NaN,NaN,NaN,NaN,NaN,NaN,NaN,NaN,NaN,NaN,NaN,NaN,NaN
-19.3133505947343,-20.123508899159,-20.4447749624763,-20.5935420345967,-20.6022696354929,-20.1588920112592,-20.0695597246518,-19.8993470694539,-19.2646899813849,-18.4548732724952,-17.9893623731385,-17.7646652575124,-17.2373635503846,-17.1872214934074,-17.0653175617459,-16.7631610811613,-16.5194594959083,-16.3954591571988,-15.9750872210112,-15.5258966917552,-15.0154893875621,-14.8432128418576,-14.829811593329,-14.8893327118136,-14.9073097494476,-14.7810876592433,-14.582462186743,-14.1445441609518,-14.1554437019053,-14.1528707526024,-14.1055678214775,-13.9871298853374,-13.8895796563094,-14.011235999219,-14.0479658818134,-14.2542846170021,-14.4648305840208,-14.4858440800218,-14.4914626412674,-14.488666388687,-14.3855831847923,-14.5177631829575,-14.5136437661002,-14.6182850798764,-14.6637724537995,-14.8480047998302,-15.0358120551293,-15.0456334684238,-15.0587244700438,-15.1286827029148,-15.2100736169898,-15.2460316554063,-15.3265586932358,-15.4583215873811,-15.6723795647312,-15.7221257552474,-15.9304629637517,-16.211402882667,-16.6442013466412,-16.8846729258225,-17.0071363611759,-16.9496119484619,-17.1106713823875,-17.281033405422,-17.3532927761185,-17.5538015541103,-17.5571990607031,-17.6749072260314,-17.6764013764741,-17.499433245002,-17.3935397645795,-17.2528616280887,-17.3875334938772,-17.4843784477458,-17.5561478995434,-17.6109230211978,-17.4028083603504,-17.1850244097274,-17.0055239536358,-16.7965753095144,-16.700690862959,-16.696769912925,-16.6781437352572,-16.730988357279,-16.6186735085852,-16.2478574676429,-15.9321577429369,-15.8474012333747,-15.3792184461946,-14.7957608080729,-14.6309390740788,-14.7743321305887,-14.8915047310735,-14.539867835747,-14.0337402666086,-13.250329961612,-12.8111501302201,-13.9549272468357,NaN,-19.2733253869873,-22.4297839855832,NaN,NaN,NaN,NaN,NaN,NaN,NaN,NaN,NaN,NaN,NaN,NaN,NaN,NaN,NaN,NaN,NaN,NaN,NaN,NaN,NaN,NaN,NaN,NaN,NaN,NaN,NaN,NaN,NaN,NaN,NaN,NaN,NaN,NaN,NaN,NaN,NaN,NaN,NaN,NaN,NaN,NaN,NaN,NaN,NaN,NaN,NaN,NaN,NaN,NaN,NaN,NaN,NaN,NaN,NaN,NaN,NaN,NaN,NaN,NaN,NaN,NaN,NaN,NaN,NaN,NaN,NaN,NaN,NaN,NaN,NaN,NaN,NaN
-19.4108396028581,-20.1695595040763,-20.4750836624514,-20.4509126578753,-20.4612940813143,-20.0945152558604,-19.9226135965245,-19.7260915509809,-19.1440401519617,-18.3918921173889,-18.1010285499905,-17.8487068517476,-17.391120296783,-17.2797655923709,-17.1779708731052,-16.9335975002031,-16.6199777872922,-16.4035940891355,-16.0472091058725,-15.7211785744273,-15.4227721984215,-15.2256721494911,-15.1519596039934,-15.0971946797214,-15.2669607146436,-15.0626901193319,-14.8505945531155,-14.4471335125247,-14.4476761866167,-14.4056788818395,-14.3900182793965,-14.2316584903974,-14.2885076202919,-14.3104791531526,-14.2936920791161,-14.4472875734966,-14.5871740991805,-14.5848286802367,-14.6853347821423,-14.6530847984602,-14.541262602255,-14.687314177119,-14.7738591433666,-14.7326247180087,-14.8021579592659,-14.9250426525845,-14.9985352310317,-15.1576845272892,-15.2532580853315,-15.3603370090711,-15.5009998556924,-15.6330665170806,-15.6543616368574,-15.7655241951011,-15.96244702647,-16.1639287078815,-16.2597506407313,-16.5936992668454,-16.8409203602772,-16.8901661563777,-16.9409181457961,-16.9972356961167,-17.1987250148453,-17.3366522822037,-17.5550719778258,-17.6674689558873,-17.6746976945646,-17.7311345950233,-17.7551795530021,-17.6273163461557,-17.561727054302,-17.5827285112226,-17.6671347510552,-17.7854886357549,-17.9185257485748,-17.8770725101127,-17.755020817385,-17.4403653095839,-17.2294470303964,-16.9988315123312,-16.8884559591691,-16.6982597275855,-16.8050884661598,-16.6896310072441,-16.5734819653724,-16.2689896476991,-15.6270295897617,-15.2909447572772,-15.1542594077229,-14.982149489276,-14.9120503816679,-14.9359628678976,-14.6957034770028,-14.0852216499646,-13.2675377465899,-13.3189466361118,NaN,-13.5737578950744,-13.2290255807455,-16.161935417745,NaN,NaN,NaN,NaN,NaN,NaN,NaN,NaN,NaN,NaN,NaN,NaN,NaN,NaN,NaN,NaN,NaN,NaN,NaN,NaN,NaN,NaN,NaN,NaN,NaN,NaN,NaN,NaN,NaN,NaN,NaN,NaN,NaN,NaN,NaN,NaN,NaN,NaN,NaN,NaN,NaN,NaN,NaN,NaN,NaN,NaN,NaN,NaN,NaN,NaN,NaN,NaN,NaN,NaN,NaN,NaN,NaN,NaN,NaN,NaN,NaN,NaN,NaN,NaN,NaN,NaN,NaN,NaN,NaN,NaN,NaN,NaN,NaN,NaN
-19.5300491906626,-20.239467307471,-20.4924219104773,-20.3546487287371,-20.3109170588475,-20.0683420511142,-19.9033774630533,-19.6545181426506,-19.0225145157027,-18.4709200578248,-18.1707817770181,-18.0043634659484,-17.5334439373968,-17.3322843263566,-17.3186615623236,-17.08101488747,-16.7141084088889,-16.5062254540589,-16.1008724940204,-15.8919548857421,-15.6523450522048,-15.4570148995001,-15.3864873147198,-15.4036947483264,-15.5111744280438,-15.3675343801053,-15.1480025809591,-14.8122947606937,-14.6718353455058,-14.6220353138415,-14.6333882257665,-14.6166589789809,-14.6377451941299,-14.6448253010797,-14.6393743310048,-14.6262364914032,-14.5551005338483,-14.693074691977,-14.8877099511861,-15.0222667340343,-14.8563240009621,-14.8677779940327,-14.8554950150959,-14.9548201239633,-15.0652939499828,-15.2383671363255,-15.3396172253126,-15.3503552725289,-15.4677893654728,-15.6080926295215,-15.7814731192483,-15.8477665580269,-15.9483771197326,-16.0783402219803,-16.2350695643685,-16.379754909598,-16.4885656974599,-16.5920513761766,-16.8126011580332,-16.9742844523734,-17.1133629713855,-17.2670620098523,-17.4880407995122,-17.5807539642724,-17.7051536926699,-17.8455156078311,-17.8279098713301,-17.7977912577638,-17.7786542097123,-17.7151528359734,-17.7279696580855,-17.7644566355902,-17.8349496698182,-17.9510132998702,-18.0486907827324,-17.9740409665232,-17.7611846113532,-17.6266861133457,-17.4890103270719,-17.2617828445265,-17.2122655454435,-16.86596284761,-16.8327964072631,-16.832742904872,-16.6877985110659,-16.5016290042577,-16.1364542120766,-15.7958216227598,-15.375395346344,-15.2952300787236,-15.0601185855134,-14.7973450695218,-14.9765148167853,-15.136306055644,-14.4891211371752,-14.274071359963,NaN,NaN,NaN,NaN,NaN,NaN,NaN,NaN,NaN,NaN,NaN,NaN,NaN,NaN,NaN,NaN,NaN,NaN,NaN,NaN,NaN,NaN,NaN,NaN,NaN,NaN,NaN,NaN,NaN,NaN,NaN,NaN,NaN,NaN,NaN,NaN,NaN,NaN,NaN,NaN,NaN,NaN,NaN,NaN,NaN,NaN,NaN,NaN,NaN,NaN,NaN,NaN,NaN,NaN,NaN,NaN,NaN,NaN,NaN,NaN,NaN,NaN,NaN,NaN,NaN,NaN,NaN,NaN,NaN,NaN,NaN,NaN,NaN,NaN,NaN,NaN,NaN,NaN
-19.547178000848,-20.3326099399711,-20.5052037862161,-20.3679259077899,-20.2887367346169,-20.1465318328991,-19.9628985500815,-19.5774518634681,-18.9597433294141,-18.5238114709681,-18.2370659694089,-18.1445379974828,-17.75577914511,-17.5281732760036,-17.4001539180727,-17.1785795202085,-16.8240175104663,-16.7084053063123,-16.2707410073548,-16.0129617608054,-15.9146230074745,-15.6096350079284,-15.5977216089547,-15.6456915224869,-15.6651316224313,-15.5800823967194,-15.3088462936061,-15.0994180999722,-14.8729311161528,-14.8412570867646,-15.0371319810214,-15.1009970612851,-15.1201158229321,-14.9964370186408,-14.9302891806402,-14.8459477063351,-14.7817734012024,-14.9570223035639,-15.0889193325595,-15.184065912024,-15.1656012487958,-15.1299974460228,-15.064699942335,-15.1860058654196,-15.4728446806195,-15.6989469128175,-15.699445063232,-15.737058915034,-15.7521939819746,-15.8206129901741,-15.9814264822045,-16.1123007911345,-16.2510179465811,-16.2969637670583,-16.3515377387988,-16.5600436851806,-16.6482721689745,-16.8214024565241,-16.9990317902464,-17.1664085396807,-17.4265497169786,-17.5591435082379,-17.8085630678734,-17.8676164554498,-17.951425163254,-18.076127450647,-17.8958167914202,-17.7050961846919,-17.6843940273318,-17.7034950987572,-17.7967051644882,-17.8893256879331,-17.9476049913295,-18.0663497862884,-18.1587170143125,-18.1248266290518,-18.1468847109811,-17.97061592322,-17.7286515019233,-17.5170285426714,-17.1835132605906,-17.0350250542788,-16.9061462687866,-16.9419263393552,-16.839985944931,-16.7277867384905,-16.3704829050686,-16.4038861033937,-16.3319438849756,-16.0237368885417,-15.7060075474742,-15.4779344565234,-15.7798346053437,-15.8641138211349,-15.1172789775397,-14.0565461484877,-12.501002866218,NaN,NaN,NaN,NaN,NaN,NaN,NaN,NaN,NaN,NaN,NaN,NaN,NaN,NaN,NaN,NaN,NaN,NaN,NaN,NaN,NaN,NaN,NaN,NaN,NaN,NaN,NaN,NaN,NaN,NaN,NaN,NaN,NaN,NaN,NaN,NaN,NaN,NaN,NaN,NaN,NaN,NaN,NaN,NaN,NaN,NaN,NaN,NaN,NaN,NaN,NaN,NaN,NaN,NaN,NaN,NaN,NaN,NaN,NaN,NaN,NaN,NaN,NaN,NaN,NaN,NaN,NaN,NaN,NaN,NaN,NaN,NaN,NaN,NaN,NaN,NaN,NaN
-19.6743131786911,-20.5169821354398,-20.5717574591912,-20.3236585755749,-20.3370386762187,-20.1655717167818,-19.9722143210815,-19.6267168769196,-19.0016822969366,-18.5972294728584,-18.3190057368122,-18.2450017210695,-17.9750564776402,-17.771598162179,-17.5620983146034,-17.2429621013358,-16.9076567007698,-16.752325486372,-16.4682620133652,-16.1210926997989,-16.0210800423155,-15.885494475653,-15.8313026071804,-15.7308912093073,-15.7647836449985,-15.727911661708,-15.4533349066077,-15.3799565829755,-15.2101172904769,-15.2402366297654,-15.3543901003726,-15.4811276884234,-15.4651828329143,-15.3302480000813,-15.3730425034036,-15.3221957383231,-15.2003943730369,-15.2367830538835,-15.3853401115292,-15.4345971513228,-15.4642853950162,-15.4233927738588,-15.4646209913084,-15.5905944417984,-15.7015074615455,-15.8241276530151,-15.8534724020937,-15.9045664315514,-16.0523208919759,-16.2376885191416,-16.3860746084102,-16.5723834504426,-16.6926255024658,-16.752325261552,-16.830791413374,-17.032724323518,-17.1591452114517,-17.2839128756938,-17.4771669597737,-17.4824875777869,-17.7006371891988,-17.8883468834561,-18.1489552438093,-18.3426016772229,-18.3781158333537,-18.3587558578598,-18.1919539062725,-17.9149502278491,-17.8510197287318,-17.9784158099869,-18.1277766379844,-18.157006471919,-18.2833687952664,-18.4228242397419,-18.5732942263572,-18.4345396513354,-18.3614202332009,-18.0357153285301,-17.8291226295943,-17.4769678012834,-17.1886934205548,-16.8697194446996,-16.7358102406831,-16.7188377108789,-16.8627852029275,-16.8151276866645,-16.5993765596265,-16.4935418061119,-16.5738909025082,-16.3474076078102,-16.0435847173421,-15.7726422930458,-16.1293795026859,-16.191084536473,-15.8550668072797,-15.23652400751,-14.4510260044122,NaN,NaN,NaN,NaN,NaN,NaN,NaN,NaN,NaN,NaN,NaN,NaN,NaN,NaN,NaN,NaN,NaN,NaN,NaN,NaN,NaN,NaN,NaN,NaN,NaN,NaN,NaN,NaN,NaN,NaN,NaN,NaN,NaN,NaN,NaN,NaN,NaN,NaN,NaN,NaN,NaN,NaN,NaN,NaN,NaN,NaN,NaN,NaN,NaN,NaN,NaN,NaN,NaN,NaN,NaN,NaN,NaN,NaN,NaN,NaN,NaN,NaN,NaN,NaN,NaN,NaN,NaN,NaN,NaN,NaN,NaN,NaN,NaN,NaN,NaN,NaN,NaN
-19.7464063053209,-20.6131696505078,-20.5042497743712,-20.2661141103702,-20.2825883646157,-20.0985211202801,-19.9118919443143,-19.6369015793829,-19.1337063696162,-18.7432580432363,-18.473673515014,-18.375050256674,-18.0781741771117,-17.9845143780718,-17.7806326044339,-17.5050216462664,-17.1727201344067,-17.0042279824322,-16.6320452516852,-16.3733935134819,-16.2261000298168,-16.0882300240486,-16.1081699585254,-15.9650770820981,-15.8563659805381,-15.8108705468727,-15.7707468608206,-15.762291421445,-15.6345444234641,-15.6081629820508,-15.7649140793171,-15.7447099183458,-15.6978248654837,-15.5982032897692,-15.5694547448417,-15.5093340571258,-15.4666499889182,-15.4919033142831,-15.5961722143829,-15.7047011511015,-15.7930917046899,-15.8394746574469,-15.7441038915439,-15.819553035095,-15.8712673497172,-15.8702490207041,-15.9916014147182,-16.0686491221248,-16.213927970856,-16.4415843855824,-16.6317516975929,-16.8015897283688,-16.9790190328509,-17.1987273885616,-17.3504436162358,-17.4815412366588,-17.5709050635564,-17.6057302380682,-17.7611934182066,-17.7671159025747,-18.0282151540023,-18.0716070596333,-18.4024268993203,-18.4756755093092,-18.5885822288801,-18.4620125690192,-18.2658729083837,-18.0763664763147,-18.1552473675316,-18.3336754256171,-18.3830556987982,-18.516568452002,-18.5950759904742,-18.6331604114656,-18.7351455618592,-18.5352925568311,-18.2697885180138,-17.8719806911745,-17.5309523649506,-17.184936714774,-16.9641027553191,-16.8365923253476,-16.8771490783516,-16.854376979925,-16.9814584596642,-16.8501018968521,-16.8321072092859,-16.8918984590548,-16.9167637248602,-16.7268887470114,-16.1691769323854,-16.0513840096061,-16.2319407695801,-16.7581216361454,-16.8440056113806,-15.9713564959889,-15.3660162933915,NaN,NaN,NaN,NaN,NaN,NaN,NaN,NaN,NaN,NaN,NaN,NaN,NaN,NaN,NaN,NaN,NaN,NaN,NaN,NaN,NaN,NaN,NaN,NaN,NaN,NaN,NaN,NaN,NaN,NaN,NaN,NaN,NaN,NaN,NaN,NaN,NaN,NaN,NaN,NaN,NaN,NaN,NaN,NaN,NaN,NaN,NaN,NaN,NaN,NaN,NaN,NaN,NaN,NaN,NaN,NaN,NaN,NaN,NaN,NaN,NaN,NaN,NaN,NaN,NaN,NaN,NaN,NaN,NaN,NaN,NaN,NaN,NaN,NaN,NaN,NaN,NaN
-19.8364206353739,-20.7539437558285,-20.406744011013,-20.2149888639206,-20.3511039489753,-20.1638236770886,-19.937618673826,-19.6265889937308,-19.2927217977899,-18.9193382497907,-18.5943978932974,-18.4694869708264,-18.2586559176598,-18.1049854688123,-17.938394005503,-17.7012513420278,-17.4557885868175,-17.1899295199123,-16.8820348008677,-16.689191550895,-16.4192880787473,-16.3168750399721,-16.4040953231735,-16.1573345963605,-16.0479961663281,-16.0297444781199,-15.9486763209849,-15.896183909069,-15.8010981265537,-15.7640122644367,-15.9529324709854,-15.9173597875752,-15.8632399018617,-15.7235247284952,-15.5957370253221,-15.5794333826549,-15.6314164963862,-15.6834908640103,-15.8061449485294,-15.9679021689669,-15.9357321828888,-15.9825347571569,-15.9538518219915,-15.9744669667345,-16.0625003870954,-16.0600128050627,-16.2897579357014,-16.3691254173833,-16.5425880874236,-16.636707408099,-17.0010072763693,-17.1094163897628,-17.3694886035877,-17.5180906600581,-17.7730641204702,-17.8126610212188,-17.89901342363,-17.8760912603685,-17.9909723419199,-18.0819830044362,-18.3709036989231,-18.5552590921318,-18.6357159159019,-18.5660242916155,-18.5693353972534,-18.3890394444793,-18.2644712129545,-18.1578094875265,-18.2538005601323,-18.3903186617575,-18.5154672026018,-18.6617936735527,-18.5953353366944,-18.629180032903,-18.4102909214006,-18.1189178386299,-17.9566294799816,-17.7841567441461,-17.5967258721099,-17.3448420064035,-17.1751214614159,-17.0306033616151,-16.8946796675199,-16.8825338985341,-16.9454035814842,-16.8098291599572,-16.6202431936299,-16.5886190849296,-16.6915940438216,-16.5671942452471,-16.3413205650751,-16.1709899827301,-16.569721238812,-17.0398861372536,-17.395879671707,-17.3636034608083,-16.2670701328967,-14.1112728734332,NaN,NaN,NaN,NaN,NaN,NaN,NaN,NaN,NaN,NaN,NaN,NaN,NaN,NaN,NaN,NaN,NaN,NaN,NaN,NaN,NaN,NaN,NaN,NaN,NaN,NaN,NaN,NaN,NaN,NaN,NaN,NaN,NaN,NaN,NaN,NaN,NaN,NaN,NaN,NaN,NaN,NaN,NaN,NaN,NaN,NaN,NaN,NaN,NaN,NaN,NaN,NaN,NaN,NaN,NaN,NaN,NaN,NaN,NaN,NaN,NaN,NaN,NaN,NaN,NaN,NaN,NaN,NaN,NaN,NaN,NaN,NaN,NaN,NaN,NaN,NaN
-19.7356152735867,-20.7676671965775,-20.4082581086979,-20.0824793185529,-20.3007363259777,-20.1499770866653,-19.9529600783712,-19.6619145129534,-19.4030142835348,-18.9906499030021,-18.6120295706041,-18.5154263918555,-18.3193645532187,-18.1076063692605,-18.008481940515,-17.8799363689883,-17.6424095574885,-17.3688353901417,-17.1096132550258,-16.8653347173121,-16.6845373157279,-16.5909806277421,-16.6450580857774,-16.4608091591525,-16.3022958435074,-16.3431986402517,-16.1228499207736,-16.0229542187142,-16.0197802347509,-16.0372152896799,-16.0519253233936,-16.0630285450889,-16.0623044200339,-15.8967009844733,-15.7302721918879,-15.777517644276,-15.9524441280271,-15.9737229945476,-15.9154382820649,-15.9369241608354,-16.0439164880883,-16.183442651325,-16.2893598762406,-16.3101578428382,-16.446839361079,-16.4336571979982,-16.6998199538183,-16.8953004701601,-16.9177813258707,-17.1403323564815,-17.3574062450464,-17.449644672662,-17.6348531553347,-17.8067301502283,-18.1140507451413,-18.1595588543237,-18.1707875174441,-18.1247704275249,-18.3313926150202,-18.3492889192476,-18.5226933624162,-18.6358153471947,-18.7462224788258,-18.5407011123312,-18.455810253141,-18.2914565603002,-18.2224539815407,-18.2691132311616,-18.3093481945762,-18.2912347309889,-18.410293214654,-18.395338262344,-18.3939351859664,-18.2102341032395,-18.0317008786677,-17.7232717729528,-17.6499782696243,-17.592760519599,-17.4460737837161,-17.343461810668,-17.2430461561142,-17.0649496331969,-17.0249706257792,-16.9656688334855,-16.9040149984001,-16.6104363182513,-16.2909901720557,-16.4346358378705,-16.5083549877625,-16.5224779170468,-16.4886915196728,-16.4604702848757,-16.7471757109091,-17.2539994072652,-17.3048642720785,-17.4481529840028,-17.6561102367969,-17.0959741133281,NaN,NaN,NaN,NaN,NaN,NaN,NaN,NaN,NaN,NaN,NaN,NaN,NaN,NaN,NaN,NaN,NaN,NaN,NaN,NaN,NaN,NaN,NaN,NaN,NaN,NaN,NaN,NaN,NaN,NaN,NaN,NaN,NaN,NaN,NaN,NaN,NaN,NaN,NaN,NaN,NaN,NaN,NaN,NaN,NaN,NaN,NaN,NaN,NaN,NaN,NaN,NaN,NaN,NaN,NaN,NaN,NaN,NaN,NaN,NaN,NaN,NaN,NaN,NaN,NaN,NaN,NaN,NaN,NaN,NaN,NaN,NaN,NaN,NaN,NaN,NaN
-19.6858431184385,-20.7532554767604,-20.4120085849384,-20.0730061290596,-20.234476601363,-20.0984362573996,-19.909929674595,-19.6101225807452,-19.4219722641255,-19.0456530419265,-18.6296527034348,-18.5168089469585,-18.4607367464906,-18.2867879792781,-18.2013136874036,-18.0800196142961,-17.8348194059793,-17.5486698884137,-17.366414236799,-17.2027403635195,-16.9156087253509,-16.8920509884242,-16.9316995823648,-16.7291754806378,-16.6687342049306,-16.7229670916105,-16.4117117704407,-16.222009811926,-16.2405687449842,-16.2987282529856,-16.2166236486372,-16.1618274104207,-16.1971399259106,-16.0583696415038,-15.9118222661918,-15.8622745621815,-15.9133371562383,-16.0183465911167,-15.9369752991732,-15.9874049615057,-16.0839890626198,-16.2630477898201,-16.4034618627027,-16.4325859681039,-16.5970545533847,-16.6936531314157,-16.8949337982992,-16.9539568115364,-17.20413049223,-17.2393185632657,-17.4666031220892,-17.4997983899671,-17.8194231289809,-17.9499384335815,-18.2550608149207,-18.3123576810436,-18.3406090797606,-18.3652615586332,-18.4597975510729,-18.6198346364712,-18.5036603435699,-18.4191941581681,-18.3669246034376,-18.2527659075876,-18.1192995408294,-17.8794300088569,-17.9478578861659,-17.7971834946513,-17.8429176431553,-17.9028805655271,-17.995319110068,-17.8528034278827,-17.8066489241706,-17.7064534447961,-17.6752462474682,-17.6067974817885,-17.5653592561772,-17.5653577728741,-17.7236403136754,-17.8670855065622,-17.7950251778997,-17.4210835419343,-17.3769772856562,-17.2214545829897,-16.9834002032555,-16.7989462346199,-16.4683401846403,-16.6976827200319,-16.8233695679751,-16.6272047731748,-16.4850075652,-16.2254558897423,-16.5910417228001,-16.9022493829451,-17.3165315749188,-17.1945643031877,-16.9189253415613,-16.8981616232719,NaN,NaN,NaN,NaN,NaN,NaN,NaN,NaN,NaN,NaN,NaN,NaN,NaN,NaN,NaN,NaN,NaN,NaN,NaN,NaN,NaN,NaN,NaN,NaN,NaN,NaN,NaN,NaN,NaN,NaN,NaN,NaN,NaN,NaN,NaN,NaN,NaN,NaN,NaN,NaN,NaN,NaN,NaN,NaN,NaN,NaN,NaN,NaN,NaN,NaN,NaN,NaN,NaN,NaN,NaN,NaN,NaN,NaN,NaN,NaN,NaN,NaN,NaN,NaN,NaN,NaN,NaN,NaN,NaN,NaN,NaN,NaN,NaN,NaN,NaN,NaN
-19.7399838200329,-20.7359405038867,-20.4324523865619,-20.1008113465037,-20.2463409454892,-20.0553534000783,-19.8263329581761,-19.6038125991412,-19.3517793985742,-19.1154085598608,-18.7137918847429,-18.5329419056287,-18.5353621640681,-18.3590579725144,-18.4104817942202,-18.2681248843881,-18.0006309427744,-17.6499019501017,-17.5709695047955,-17.5292461781994,-17.2424658276781,-17.2539569658321,-17.1575739776205,-16.9314088758317,-16.8814926745561,-16.9442401967,-16.6769684570901,-16.5335882550226,-16.5232640784836,-16.4607312078459,-16.3557194188856,-16.2790793563906,-16.3835128576045,-16.2446373109917,-16.0797735599203,-16.0935703089928,-16.0883489625023,-16.1382554553688,-16.1686366192256,-16.3038008462893,-16.3006238183186,-16.4104976762615,-16.5810666719935,-16.6909291878559,-16.7774964825273,-16.8721215323454,-17.0054594219778,-17.0907745942769,-17.3307164943333,-17.5146623454632,-17.6068688956465,-17.7151459059926,-17.9686071560109,-18.2171064607718,-18.3924372185286,-18.4860951596442,-18.3987680447385,-18.6046659479537,-18.5849435163203,-18.6086968057004,-18.5361329421099,-18.408322845894,-18.1793899479346,-18.1415662018003,-17.9467533969884,-17.8222762033527,-17.707597878235,-17.4778680350026,-17.6109400513802,-17.533587774777,-17.6375472943229,-17.5417158610827,-17.4146902430785,-17.4612156317049,-17.5942402311035,-17.5301124455063,-17.55678710085,-17.5827540844111,-17.7092526733699,-17.7064950457086,-17.7203168778568,-17.6017846632712,-17.375292732311,-17.1018644467195,-17.0646768385648,-16.7606310285004,-16.5428510260575,-16.7134299966546,-16.7251808243769,-16.7309594109877,-16.5865994495437,-16.3051907600102,-16.2721501313392,-16.5122261182703,-16.8917421134599,-16.671574257144,-17.08143050716,-17.7477213612284,NaN,NaN,NaN,NaN,NaN,NaN,NaN,NaN,NaN,NaN,NaN,NaN,NaN,NaN,NaN,NaN,NaN,NaN,NaN,NaN,NaN,NaN,NaN,NaN,NaN,NaN,NaN,NaN,NaN,NaN,NaN,NaN,NaN,NaN,NaN,NaN,NaN,NaN,NaN,NaN,NaN,NaN,NaN,NaN,NaN,NaN,NaN,NaN,NaN,NaN,NaN,NaN,NaN,NaN,NaN,NaN,NaN,NaN,NaN,NaN,NaN,NaN,NaN,NaN,NaN,NaN,NaN,NaN,NaN,NaN,NaN,NaN,NaN,NaN,NaN,NaN
-19.8027972767198,-20.736399652339,-20.3874856836769,-20.1300792293407,-20.2478646424121,-19.9969371694942,-19.765824805936,-19.5259267776112,-19.3261386870595,-19.2093865123572,-18.9643758522806,-18.6291439590166,-18.6216726521821,-18.6363246987279,-18.5988144853162,-18.5082388877145,-18.2171384620448,-17.7570557338695,-17.6768758840088,-17.7416957229533,-17.440085430079,-17.3557933438636,-17.3656491359955,-17.1959081749458,-17.1323608250516,-17.1619368696482,-16.9506739389661,-16.7618425282159,-16.5928495069509,-16.4214054111832,-16.3950399308558,-16.3937664343903,-16.50738726625,-16.4139438399395,-16.257090904766,-16.2361787795453,-16.2396608027512,-16.3402488605209,-16.4801639698188,-16.6598009360915,-16.7365890008193,-16.9252418867516,-17.0401294878306,-17.1813783827635,-17.1929771102943,-17.270741224943,-17.1872072862025,-17.3302716750804,-17.4842021429009,-17.7806529858454,-17.9964103889048,-18.2001828203476,-18.330498917509,-18.588081500822,-18.5992586137012,-18.6273115794008,-18.6189053398945,-18.6901650702834,-18.5357428705798,-18.519287869671,-18.3160655646369,-18.0623186604116,-17.8013481064413,-17.5209421890414,-17.3829158383845,-17.3655560517754,-17.1690362441879,-17.1191659671287,-17.2985084991333,-17.2996620934082,-17.2355792828706,-17.2689080213448,-17.1923228210725,-17.1242406408664,-17.0248513276674,-17.019527982264,-17.0105915235271,-16.9195661928171,-17.1287528955993,-17.2381524884228,-17.3567552443398,-17.3618368686556,-17.3095088458248,-17.0777338210734,-16.9768659137237,-16.4957849445578,-16.4647211373668,-16.6663657500394,-16.6565219195907,-16.7498357818707,-16.6405372541964,-16.0612622719723,-15.7524142174607,-15.960047855959,-16.3658983593801,-16.3405349233383,-15.9055571433251,-16.8532737164936,NaN,NaN,NaN,NaN,NaN,NaN,NaN,NaN,NaN,NaN,NaN,NaN,NaN,NaN,NaN,NaN,NaN,NaN,NaN,NaN,NaN,NaN,NaN,NaN,NaN,NaN,NaN,NaN,NaN,NaN,NaN,NaN,NaN,NaN,NaN,NaN,NaN,NaN,NaN,NaN,NaN,NaN,NaN,NaN,NaN,NaN,NaN,NaN,NaN,NaN,NaN,NaN,NaN,NaN,NaN,NaN,NaN,NaN,NaN,NaN,NaN,NaN,NaN,NaN,NaN,NaN,NaN,NaN,NaN,NaN,NaN,NaN,NaN,NaN,NaN,NaN
-19.9433434661258,-20.7424576576652,-20.3454487417144,-20.0373658080456,-20.1611382646095,-19.9143967397243,-19.6790168445012,-19.3875639620279,-19.3133547087256,-19.1898718820954,-19.1867720144584,-18.9453294232696,-18.7879235578357,-18.8558232359171,-18.8241184504343,-18.520205082836,-18.4765512355738,-18.0137061870864,-17.7901995858276,-17.7907486401842,-17.6410850636483,-17.5641758574742,-17.5870817316281,-17.5203701150459,-17.4103759868823,-17.4054867140422,-17.2356959881254,-17.0483334635207,-16.8173350432012,-16.6479456865463,-16.5800847927636,-16.5065420745457,-16.5110059570779,-16.4296723004115,-16.2843013205969,-16.2100102120891,-16.3671544569733,-16.5100002951553,-16.6893961056105,-16.8320748407906,-17.0427849620236,-17.1957576578992,-17.2940116418226,-17.4308736480597,-17.5634919422183,-17.4979454664754,-17.5476281870984,-17.6721361796738,-17.8759066824533,-18.1996116035106,-18.5153821321246,-18.6728705050953,-18.8950611475806,-18.988429454079,-18.8402166607488,-18.9181792361364,-18.8107336281825,-18.7086876133724,-18.5691973170557,-18.4397202294332,-18.128503628052,-17.8676678442864,-17.5049802268844,-17.2967949279511,-16.9223745906752,-16.9127656400051,-16.9769808404563,-16.9632095240278,-17.0815151421448,-17.1704215297102,-17.269679505351,-17.3547069113523,-17.2636212431786,-17.2414652118227,-17.0929014881865,-16.9109896420633,-16.9394301650527,-16.9603177603227,-16.929005870636,-16.8210632585381,-17.0572719796096,-17.1383985665147,-17.1117905749717,-17.1054726894623,-16.6724797428487,-16.5838602280635,-16.3913113976596,-16.4300204823493,-16.4802245120686,-16.4647989305101,-16.2673705446788,-15.6806810462271,-15.5528372323839,-15.5393718344635,-16.0400848383682,-16.3694172076393,-16.5955069371064,-16.7373645243475,-16.6806473015826,NaN,NaN,NaN,NaN,NaN,NaN,NaN,NaN,NaN,NaN,NaN,NaN,NaN,NaN,NaN,NaN,NaN,NaN,NaN,NaN,NaN,NaN,NaN,NaN,NaN,NaN,NaN,NaN,NaN,NaN,NaN,NaN,NaN,NaN,NaN,NaN,NaN,NaN,NaN,NaN,NaN,NaN,NaN,NaN,NaN,NaN,NaN,NaN,NaN,NaN,NaN,NaN,NaN,NaN,NaN,NaN,NaN,NaN,NaN,NaN,NaN,NaN,NaN,NaN,NaN,NaN,NaN,NaN,NaN,NaN,NaN,NaN,NaN,NaN,NaN
-19.9666711130948,-20.801236791523,-20.3631531037987,-20.0482769168561,-20.0427994605806,-19.785765890988,-19.5240270948061,-19.2560006121146,-19.2632173891485,-19.1826176422567,-19.233664877042,-19.0736726673146,-18.8753923159829,-18.9139143612288,-18.8295433105256,-18.6182614663186,-18.5798165424665,-18.2080418423896,-17.8275481829381,-17.7486420449509,-17.6725600002576,-17.5899915589578,-17.6909409187932,-17.7229893306037,-17.7039481247222,-17.6096182806785,-17.3666737904516,-17.2665459791169,-17.0222261755949,-16.8650663937885,-16.7887504416196,-16.6598341061475,-16.5816681573841,-16.4497410566926,-16.3546660973867,-16.4123867597082,-16.6496276255298,-16.7015547353517,-16.9457212933153,-17.067825432556,-17.1310622530657,-17.3229053802017,-17.4170065586812,-17.5714771528629,-17.7619829340592,-17.6580700475637,-17.8137201511226,-18.0259079121596,-18.2982748792383,-18.5459791615551,-18.8200804896773,-18.9640049094946,-19.0450485495671,-19.2111562166003,-19.12646519005,-19.0590562574012,-18.8478372146191,-18.6046090888816,-18.3800537119758,-18.1183452702173,-17.8162133000917,-17.5750063780652,-17.1442810795097,-16.8602140737837,-16.5319550587895,-16.3730079559899,-16.230276517232,-16.2600321861566,-16.6025156607522,-16.7402546628739,-16.8434396972909,-16.9481532520771,-16.9823824983861,-16.9850743569056,-16.9381871161227,-16.9529000628307,-17.0260745901513,-17.0698748673647,-17.0693854991773,-16.8615135890258,-16.7556471750311,-16.8353996765352,-16.7917300037096,-16.8019875364266,-16.5890320506452,-16.3288594567476,-16.1890249080106,-16.3161155954616,-16.58673227976,-16.4986539529699,-16.4326214657796,-15.822167393015,-15.3927639530229,-15.770947253412,-16.0842770632698,-15.8159658308353,-15.8732143566005,-16.1201007532116,-18.1555894894667,NaN,NaN,NaN,NaN,NaN,NaN,NaN,NaN,NaN,NaN,NaN,NaN,NaN,NaN,NaN,NaN,NaN,NaN,NaN,NaN,NaN,NaN,NaN,NaN,NaN,NaN,NaN,NaN,NaN,NaN,NaN,NaN,NaN,NaN,NaN,NaN,NaN,NaN,NaN,NaN,NaN,NaN,NaN,NaN,NaN,NaN,NaN,NaN,NaN,NaN,NaN,NaN,NaN,NaN,NaN,NaN,NaN,NaN,NaN,NaN,NaN,NaN,NaN,NaN,NaN,NaN,NaN,NaN,NaN,NaN,NaN,NaN,NaN,NaN,NaN
-19.8311579909126,-20.7822270349913,-20.3952527565872,-20.0548444248233,-19.9240303929024,-19.6037047333971,-19.4012198975116,-19.1585381572256,-19.1228542431904,-19.0316388520586,-19.0675666589484,-19.048050156,-18.8432774391741,-18.9535330287188,-18.9493852552116,-18.7793293221017,-18.8160708373122,-18.3869610192553,-17.9237635911238,-17.8426179779282,-17.7489270209459,-17.6717295152225,-17.8684932919491,-17.9380274282485,-17.8472152186579,-17.7496486416344,-17.4775543035064,-17.3285490979019,-17.0930987596998,-16.9109465422831,-16.915817868638,-16.7202119121749,-16.6710565022223,-16.6090728791812,-16.7070193225206,-16.7569408731689,-16.9301145730635,-17.0209899633148,-17.2252476149628,-17.2774365737583,-17.3658335807451,-17.5000663034501,-17.5966176877897,-17.5919491430151,-17.7695531561256,-17.8656429390433,-18.1299257838417,-18.3881811414805,-18.6033927141112,-18.8812203421527,-19.0900546704447,-19.121640352176,-19.1609024193231,-19.1769482095673,-19.0588773033011,-18.9218528774162,-18.6966758272189,-18.502816076934,-18.2679534934873,-18.0249671629701,-17.6638159746349,-17.3940999862689,-17.059130547646,-16.8872040313081,-16.4741279330831,-16.4699949077059,-16.1665503389063,-16.270230380456,-16.5038186930939,-16.6103706352902,-16.8319516947042,-16.8710514542824,-17.0381033067989,-16.9831840449553,-16.9771089531644,-16.9829030098686,-16.9396236256674,-17.1008554758145,-17.2838365582544,-17.2476276604801,-17.0050687201256,-17.0645240582201,-16.9446456769443,-16.9208656176042,-16.7789615138175,-16.7101589289404,-16.4999775329894,-16.4795845442157,-16.419201584337,-16.3607184126709,-15.9091517817384,-15.3125420105549,-15.1665220828504,-15.2825924012383,-15.5962192857432,-15.696799606306,-15.5985820159205,-15.3335333979409,-16.6180506476423,NaN,NaN,NaN,NaN,NaN,NaN,NaN,NaN,NaN,NaN,NaN,NaN,NaN,NaN,NaN,NaN,NaN,NaN,NaN,NaN,NaN,NaN,NaN,NaN,NaN,NaN,NaN,NaN,NaN,NaN,NaN,NaN,NaN,NaN,NaN,NaN,NaN,NaN,NaN,NaN,NaN,NaN,NaN,NaN,NaN,NaN,NaN,NaN,NaN,NaN,NaN,NaN,NaN,NaN,NaN,NaN,NaN,NaN,NaN,NaN,NaN,NaN,NaN,NaN,NaN,NaN,NaN,NaN,NaN,NaN,NaN,NaN,NaN,NaN,NaN
-19.7884253544144,-20.7681631343505,-20.3919862111924,-19.9190747853116,-19.8359773007681,-19.5030055359449,-19.2382227228115,-19.0571822729565,-18.9804370825763,-18.8687580361307,-18.9360247049943,-19.0471109699574,-18.9206008819558,-18.9399873737756,-19.029098674751,-18.9106938810116,-18.7918623015865,-18.4692875334595,-18.1010270081142,-18.0846340749857,-17.9770834348305,-17.8265760024971,-17.8917089968672,-17.9919140942166,-17.8996341807437,-17.6349135907962,-17.5435687779314,-17.3507581258646,-17.2084689586677,-17.0038728840966,-16.8927751314559,-16.7768035300135,-16.7707265767528,-16.8814716230285,-16.9394422653277,-16.9927633664635,-17.0680950525125,-17.1717228859548,-17.3831675572458,-17.5022864445614,-17.5141714028723,-17.6577083173415,-17.6102637716785,-17.6142773457685,-17.7209357324105,-17.9243675714521,-18.1807044229315,-18.5127133259427,-18.6513462984718,-18.9715583383247,-19.1543706704149,-19.2943228564701,-19.2238150910437,-19.019406737711,-18.9395103654537,-18.6195457471309,-18.4480615028639,-18.0694287483909,-17.9964199058918,-17.7613855029879,-17.6040412417887,-17.2779254757663,-16.9673925128119,-16.7751681764238,-16.490251812782,-16.3822910932735,-16.3005866998117,-16.3415640020614,-16.5732976984424,-16.6783289030508,-16.8187058633991,-16.8252315939982,-16.7030768626958,-16.6040614569279,-16.7298364261021,-16.8671117939257,-17.1147062406865,-17.1790709165609,-17.2078616756554,-17.0669625398064,-16.8844222322903,-16.6309787324617,-16.4924262366682,-16.5415576561906,-16.4232916104845,-16.3121700365922,-16.0357867362632,-15.9319057367097,-15.6099311452788,-15.5092688049293,-15.1212966635904,-14.7067733869775,-14.769443394365,-15.0117742566543,-15.3610734730391,-15.2148743865291,-15.0556019490817,-15.4479386704364,-16.5163110558868,NaN,NaN,NaN,NaN,NaN,NaN,NaN,NaN,NaN,NaN,NaN,NaN,NaN,NaN,NaN,NaN,NaN,NaN,NaN,NaN,NaN,NaN,NaN,NaN,NaN,NaN,NaN,NaN,NaN,NaN,NaN,NaN,NaN,NaN,NaN,NaN,NaN,NaN,NaN,NaN,NaN,NaN,NaN,NaN,NaN,NaN,NaN,NaN,NaN,NaN,NaN,NaN,NaN,NaN,NaN,NaN,NaN,NaN,NaN,NaN,NaN,NaN,NaN,NaN,NaN,NaN,NaN,NaN,NaN,NaN,NaN,NaN,NaN,NaN,NaN
-19.7010030438571,-20.7026179982801,-20.24569598485,-19.8328604301468,-19.6820910783887,-19.3532923791706,-19.1663787014891,-18.9942528235952,-18.8806565983909,-18.9760777960877,-19.0063023095231,-19.1260578686063,-19.0380511302903,-18.9251249416733,-18.9388056202025,-18.9265821293599,-18.7961910715941,-18.5756952397171,-18.3357836028478,-18.2006465759357,-18.0533162888886,-17.9210025701278,-17.9166424280519,-17.9952668589232,-17.8845604632195,-17.6199361320177,-17.4812179334592,-17.3081973633463,-17.1559740870929,-16.9913250494978,-16.8971960952451,-16.7920961505254,-16.9209502432007,-17.1312808162942,-17.2108464518251,-17.2292029134018,-17.3818692446063,-17.4564823018397,-17.5090959180984,-17.6466379530137,-17.6722916290829,-17.6921610879585,-17.7167277433036,-17.820499813836,-17.9198179411831,-17.9979704190881,-18.2456227622884,-18.5446835716019,-18.7180547132642,-18.8492509760172,-18.945052063635,-19.123980932353,-19.0068255022114,-18.7170822533583,-18.3828820726774,-18.3486702610778,-18.1942870426319,-17.9761803793253,-17.915630448526,-17.7323147672881,-17.638803330138,-17.4568027953561,-17.2210552479112,-17.1463465866993,-16.8189924372854,-16.6852622516363,-16.5831482625938,-16.8649583763903,-16.9475340771771,-17.1124190365117,-16.9895126638512,-16.9005665022445,-16.5957618962403,-16.4605402196615,-16.4173393976278,-16.3285488796755,-16.3193596004518,-16.3039470976171,-16.4094759496608,-16.4053732146087,-16.2672297322089,-16.1171409465029,-16.0689128052274,-16.1922766548237,-16.1930758730319,-16.0169888812137,-15.9878478422634,-15.8327732775156,-15.6029034905401,-15.4523992434083,-15.0091835560802,-14.8256425781927,-15.1886899212755,-15.190607589138,-15.4663365714921,-14.836878493813,-14.3682080367603,-14.3179520041347,-15.6469769686008,NaN,NaN,NaN,NaN,NaN,NaN,NaN,NaN,NaN,NaN,NaN,NaN,NaN,NaN,NaN,NaN,NaN,NaN,NaN,NaN,NaN,NaN,NaN,NaN,NaN,NaN,NaN,NaN,NaN,NaN,NaN,NaN,NaN,NaN,NaN,NaN,NaN,NaN,NaN,NaN,NaN,NaN,NaN,NaN,NaN,NaN,NaN,NaN,NaN,NaN,NaN,NaN,NaN,NaN,NaN,NaN,NaN,NaN,NaN,NaN,NaN,NaN,NaN,NaN,NaN,NaN,NaN,NaN,NaN,NaN,NaN,NaN,NaN,NaN,NaN
-19.6242091429324,-20.5897175920248,-20.0481105439458,-19.6164797847425,-19.5097401951858,-19.1310018889819,-19.0431278972179,-18.8707305355746,-18.7774172398321,-18.9566581692069,-19.0328753911313,-19.2122202336423,-19.0663351183533,-19.0742453624981,-19.0517144581036,-18.9912125316254,-18.8810331454329,-18.7316694344138,-18.4576105682106,-18.2909527514796,-18.1773389073823,-18.0114635748769,-17.9166003563565,-18.0238429010006,-17.8678524681686,-17.4889399747997,-17.4021369183013,-17.2368454873007,-17.0868818041031,-17.0337369073343,-16.9260980327554,-16.9158025497871,-17.0140724325751,-17.1689635955444,-17.3113186063183,-17.4521832114083,-17.6248372470029,-17.7184064658135,-17.7209635016748,-17.7298072732814,-17.725268776779,-17.7720120632754,-17.7480343301329,-17.9484828338732,-18.1616550296881,-18.2361726231341,-18.4733738685102,-18.6304391794537,-18.7014199593009,-18.8648702940087,-18.9641514401401,-18.9954814556813,-18.8510854869519,-18.5612876969461,-18.2948968004386,-18.1740642754249,-18.0129278121,-17.8724565727713,-17.8734472188262,-17.6560599958694,-17.5214370160808,-17.3869395986741,-17.3266495410116,-17.1322098973894,-16.9642067532104,-16.9927814574604,-16.991882777893,-16.9697821351887,-17.0720001800802,-17.0603205345649,-17.1314724138586,-17.0130438164248,-16.800669395344,-16.6557237069023,-16.5294218409784,-16.220684124612,-15.9610380979773,-15.7431687950637,-15.642124179128,-15.6174975827866,-15.4776564270718,-15.5423846061985,-15.4752096069269,-15.672257190218,-15.7310337817507,-15.7253916027526,-15.6458339856331,-15.7556285206444,-15.713389771804,-15.8324174085969,-15.6469641162409,-15.694136718825,-15.7190244239584,-15.5060420219103,-15.4084617147732,-14.6771243475002,-14.4810327952393,-14.123909903658,-15.2706949336914,NaN,NaN,NaN,NaN,NaN,NaN,NaN,NaN,NaN,NaN,NaN,NaN,NaN,NaN,NaN,NaN,NaN,NaN,NaN,NaN,NaN,NaN,NaN,NaN,NaN,NaN,NaN,NaN,NaN,NaN,NaN,NaN,NaN,NaN,NaN,NaN,NaN,NaN,NaN,NaN,NaN,NaN,NaN,NaN,NaN,NaN,NaN,NaN,NaN,NaN,NaN,NaN,NaN,NaN,NaN,NaN,NaN,NaN,NaN,NaN,NaN,NaN,NaN,NaN,NaN,NaN,NaN,NaN,NaN,NaN,NaN,NaN,NaN,NaN,NaN
-19.5589204028904,-20.4540570291918,-19.8182524683654,-19.4019439638225,-19.2721387337153,-18.9604439048028,-18.9119390798328,-18.7941494590175,-18.678049917623,-18.9569543427732,-18.9986333537943,-19.1542648855651,-19.1370440379639,-19.1353846261172,-19.0586205977375,-18.9889242666639,-18.9164398927855,-18.7226810457653,-18.4792076126895,-18.3946987802474,-18.2491816428185,-18.0644840298153,-17.9024247911601,-17.9225819707835,-17.7838172435673,-17.4418062912484,-17.3683738251403,-17.2114901730932,-17.0542256496352,-17.0078673258013,-16.9070067141887,-17.022618153759,-17.1666780642601,-17.2397354955725,-17.4542434715119,-17.603066745953,-17.7934948638239,-17.7947473048831,-17.7567189770662,-17.9225082828548,-17.9992166637531,-17.935509826801,-17.9631341194032,-18.1399805894612,-18.2319155430843,-18.3186867468931,-18.4633889940636,-18.7618305125851,-19.0187164343191,-18.9604231927785,-18.9522781050169,-18.8007989563758,-18.6207279479459,-18.3474108622576,-18.114113980954,-17.988803180778,-17.8213443690075,-17.7364180375329,-17.6026408334358,-17.5178892690853,-17.4541542517169,-17.1075423812767,-16.9391652389571,-16.8827235536164,-16.5755849024646,-16.7379182896271,-16.7841768442402,-16.7953000874074,-16.8379498123422,-16.8916522020218,-16.8972735541226,-16.9251804956024,-16.7906654170731,-16.5645439543292,-16.3452348481195,-16.0047184506843,-15.8248938204516,-15.6359250589931,-15.5246405463529,-15.7706362498459,-15.5732763696278,-15.5637423057024,-15.5181187854866,-15.6197194607566,-15.7136997761827,-15.7244823203212,-15.8230428584933,-15.8044405650238,-15.5676066437637,-15.5841632200243,-15.3724674744855,-15.3369987088345,-15.3669869903442,-15.2865182914854,-14.7906568378437,-14.3916753190603,-14.1795157993017,-13.4196403422742,-14.9131237982234,NaN,NaN,NaN,NaN,NaN,NaN,NaN,NaN,NaN,NaN,NaN,NaN,NaN,NaN,NaN,NaN,NaN,NaN,NaN,NaN,NaN,NaN,NaN,NaN,NaN,NaN,NaN,NaN,NaN,NaN,NaN,NaN,NaN,NaN,NaN,NaN,NaN,NaN,NaN,NaN,NaN,NaN,NaN,NaN,NaN,NaN,NaN,NaN,NaN,NaN,NaN,NaN,NaN,NaN,NaN,NaN,NaN,NaN,NaN,NaN,NaN,NaN,NaN,NaN,NaN,NaN,NaN,NaN,NaN,NaN,NaN,NaN,NaN,NaN,NaN
-19.6195689552088,-20.3273607789676,-19.6606464338676,-19.2350831806257,-19.1322752403565,-18.8396590965367,-18.7479855160274,-18.7297406723059,-18.6474775021477,-18.9604939327366,-19.0623831850273,-19.2420922796512,-19.1991970558776,-19.2031765178574,-19.0733113106378,-18.9598084417398,-18.8736364115025,-18.669163061256,-18.4402344465227,-18.4667144509117,-18.2189174631844,-18.0184937463412,-17.9367167180032,-17.9406807006807,-17.8487483199023,-17.5726205741163,-17.4726905335715,-17.2659022749028,-17.0212325424032,-17.0539495610633,-17.1412261467652,-17.244032630424,-17.2839924675595,-17.3305969067859,-17.546833167264,-17.7629201489848,-17.8448891078455,-17.8725244377734,-17.9800012223293,-18.0280894795517,-18.1444645306012,-18.1382861019266,-18.2414353212229,-18.3227774132243,-18.4155140019737,-18.5271800323848,-18.5997351326961,-18.7993157778723,-18.9414241480729,-18.9627357407136,-18.7474694685028,-18.6063530563733,-18.4044290512231,-18.2519365156786,-18.0659363409462,-18.0465652530387,-17.7807804700406,-17.7747687266323,-17.662624483276,-17.4301213893966,-17.3026603750597,-16.975206369368,-16.8308129330608,-16.9431932265731,-16.7946781058109,-16.9637185055104,-16.9273690210512,-16.8781147107372,-17.0096249402468,-17.0431380983632,-17.0413358867748,-16.813437134946,-16.9086280844112,-16.9324614208717,-16.9212361686091,-16.5887213791727,-16.4461085559914,-16.0846530446,-15.8951581513266,-15.8827247352027,-15.700889909513,-15.5332028303381,-15.4419039757365,-15.3484546344824,-15.3997444453835,-15.5712320839389,-15.6629648699684,-15.5791869074957,-15.5079088559571,-15.4263854317159,-15.3022358505866,-15.3599135732222,-15.1889457631081,-15.4987188096394,-15.099751162283,-15.066634139711,-15.024712909455,-14.167685325477,-13.8389349405391,-13.5014046467497,NaN,NaN,NaN,NaN,NaN,NaN,NaN,NaN,NaN,NaN,NaN,NaN,NaN,NaN,NaN,NaN,NaN,NaN,NaN,NaN,NaN,NaN,NaN,NaN,NaN,NaN,NaN,NaN,NaN,NaN,NaN,NaN,NaN,NaN,NaN,NaN,NaN,NaN,NaN,NaN,NaN,NaN,NaN,NaN,NaN,NaN,NaN,NaN,NaN,NaN,NaN,NaN,NaN,NaN,NaN,NaN,NaN,NaN,NaN,NaN,NaN,NaN,NaN,NaN,NaN,NaN,NaN,NaN,NaN,NaN,NaN,NaN,NaN,NaN
-19.4504041717893,-20.1586326571303,-19.5873004553357,-19.0272167518626,-18.962230675847,-18.7121924785102,-18.5429129306493,-18.5705793880288,-18.57584631448,-18.7913078286952,-19.0343545747271,-19.1808025171593,-19.217088382418,-19.1545823966673,-18.9917256200249,-18.904103807184,-18.7366016746337,-18.6708692036378,-18.5126387538288,-18.4633943748806,-18.1908650352298,-17.9622999902036,-18.0114869867855,-17.9784553891536,-18.0188597518965,-17.7596060834935,-17.6699034549368,-17.5084599694825,-17.3479927890696,-17.2904533032216,-17.3956866458,-17.3871064058682,-17.4387327717602,-17.4418414248018,-17.6215160762961,-17.7943496954139,-17.8278071145208,-18.0916326998023,-18.335209974231,-18.3921088293033,-18.4265613604092,-18.4200923615216,-18.5310913108016,-18.5018883040387,-18.5504340042661,-18.652682716113,-18.5916863907352,-18.6850209596864,-18.7109762646608,-18.766765934231,-18.5946121751105,-18.3350440181944,-18.1750071214824,-18.1031828852111,-18.0993680258146,-18.1302527289509,-17.9444686279804,-17.7798277027944,-17.5536031409357,-17.4294360330995,-17.1976305136996,-17.0800650713712,-16.9537015734026,-16.988918919206,-17.0828693275893,-16.885479916609,-16.8681585760453,-16.8562523607096,-16.9588434961561,-16.9681925105616,-16.9912482664287,-17.0005913050176,-16.8390157193391,-16.7037327796155,-16.7273425711431,-16.6609483279582,-16.4050361358642,-16.2807644843878,-15.8593736002183,-15.7698863721811,-15.739827033423,-15.7347036152363,-15.4804864221029,-15.5307853149579,-15.4245671153087,-15.5260119313861,-15.4794279113754,-15.4727629569749,-15.1955991014878,-15.0378177618419,-14.7852696056767,-15.1015165801575,-15.3739465895762,-15.4927582944865,-15.4522752147603,-15.2180673427845,-15.4781175895155,-15.2942939471163,-14.852044036295,-13.889735225047,NaN,NaN,NaN,NaN,NaN,NaN,NaN,NaN,NaN,NaN,NaN,NaN,NaN,NaN,NaN,NaN,NaN,NaN,NaN,NaN,NaN,NaN,NaN,NaN,NaN,NaN,NaN,NaN,NaN,NaN,NaN,NaN,NaN,NaN,NaN,NaN,NaN,NaN,NaN,NaN,NaN,NaN,NaN,NaN,NaN,NaN,NaN,NaN,NaN,NaN,NaN,NaN,NaN,NaN,NaN,NaN,NaN,NaN,NaN,NaN,NaN,NaN,NaN,NaN,NaN,NaN,NaN,NaN,NaN,NaN,NaN,NaN,NaN,NaN
-19.3597306791844,-19.8902429618832,-19.4114922223213,-18.8386769936985,-18.7804524826821,-18.5583563943347,-18.463703427711,-18.4779039764713,-18.4552735919095,-18.592910958139,-18.8224927936388,-19.069079910026,-19.110973257598,-19.114392006756,-18.9441831626248,-18.8711469599941,-18.7627841363338,-18.7069550218183,-18.4736595975911,-18.3326512577391,-18.154882613978,-17.9640534308589,-17.9423550081233,-18.060493070578,-18.0722489876148,-17.9968127874471,-18.0073696059266,-17.9242339204963,-17.7021554663517,-17.6052300799118,-17.5912831906846,-17.4194480130176,-17.4034131207011,-17.5036512923782,-17.6783755067804,-17.8569220196183,-18.0159357290375,-18.1794706646818,-18.3850586610424,-18.5162478492884,-18.6591015695032,-18.7255585201746,-18.8296186470909,-18.9292591058258,-18.8945720736527,-18.9107404957901,-18.7318648286604,-18.8004729566569,-18.7084882491661,-18.6669763498055,-18.5270327116224,-18.3939219653788,-18.1923322047223,-18.3020616364306,-18.4051055623779,-18.2875924752803,-18.1807338487926,-17.9607269187046,-17.7239788897712,-17.5612176066501,-17.3194641825504,-17.1878880130389,-17.17704838476,-17.3470862225785,-17.1928745606576,-17.0953378853779,-17.0096634201755,-16.9537685920209,-17.0966960779975,-17.0417237609066,-16.9851429472587,-16.8201130998723,-16.811701362985,-16.8259928050424,-17.0325770450927,-17.037315381642,-16.8523369290563,-16.679232947796,-16.4382364636734,-16.2488978082251,-16.2727552903033,-16.0516471876961,-15.9602696108136,-15.8275411082938,-15.6981698034905,-15.7540723994389,-15.7193471663211,-15.5509708128402,-15.509241227256,-15.4762938137541,-15.4147831601335,-15.6527275718738,-15.5854891908372,-15.4387747465225,-15.240536740129,-14.8563255544273,-14.8422131466424,-14.1467248408402,-13.6370918235373,-12.8885324577877,NaN,NaN,NaN,NaN,NaN,NaN,NaN,NaN,NaN,NaN,NaN,NaN,NaN,NaN,NaN,NaN,NaN,NaN,NaN,NaN,NaN,NaN,NaN,NaN,NaN,NaN,NaN,NaN,NaN,NaN,NaN,NaN,NaN,NaN,NaN,NaN,NaN,NaN,NaN,NaN,NaN,NaN,NaN,NaN,NaN,NaN,NaN,NaN,NaN,NaN,NaN,NaN,NaN,NaN,NaN,NaN,NaN,NaN,NaN,NaN,NaN,NaN,NaN,NaN,NaN,NaN,NaN,NaN,NaN,NaN,NaN,NaN,NaN,NaN
-19.2320739005528,-19.6242940995751,-19.1046829819394,-18.6223023183726,-18.6233974793965,-18.4099393773381,-18.3727395337183,-18.3846805885751,-18.3456414199507,-18.3822760495128,-18.5958762020281,-18.8179123462071,-18.9022401620073,-18.9617583519611,-18.8249520020169,-18.7341359523862,-18.5868906950706,-18.6011668845592,-18.4546607546141,-18.2823080989066,-18.0880761147656,-17.9476522681658,-17.9900123866202,-18.1298526927705,-18.1357628557759,-18.1585107243451,-18.0057917610347,-17.9669488960849,-17.8973599669117,-17.7889079712725,-17.6589517906794,-17.5447792711391,-17.5457164496203,-17.564589911211,-17.6777774284898,-17.8777992454271,-17.9735213882878,-18.1747643815899,-18.3935137828151,-18.6480780020446,-18.8832190291963,-18.9789632911025,-19.0412529169159,-19.1589743350011,-19.0560320569473,-19.0137825987419,-18.9730157325006,-18.9367341995786,-18.8567738907298,-18.7742076037194,-18.6002859659573,-18.5402992472607,-18.3943350457719,-18.3629793980019,-18.3288708950117,-18.3788048042985,-18.1996508735663,-18.0576131902457,-17.7328223511559,-17.6813529602184,-17.4089950336866,-17.3517470486274,-17.3594705912215,-17.3752546310808,-17.4169487337364,-17.1769616438513,-17.1273872993361,-17.0325710338844,-16.9904722913774,-16.8989074024474,-16.8185469488544,-16.5114533020537,-16.4872592063176,-16.514499733586,-16.7146185816084,-16.7136882290083,-16.7370911564113,-16.6258760897989,-16.3916324698269,-16.3398691670909,-16.3731117346707,-16.2095461406022,-16.0764397358264,-16.0531993294903,-15.5994909867674,-15.4772494983937,-15.500564191689,-15.3463779507213,-15.2070218697683,-15.180924701184,-15.1483980303224,-15.5048177414064,-15.3809798224669,-15.18664889006,-14.8941239870538,-14.6843202985085,-15.0674254270173,-15.2336142787422,-14.2768531138782,-13.0011992172772,NaN,NaN,NaN,NaN,NaN,NaN,NaN,NaN,NaN,NaN,NaN,NaN,NaN,NaN,NaN,NaN,NaN,NaN,NaN,NaN,NaN,NaN,NaN,NaN,NaN,NaN,NaN,NaN,NaN,NaN,NaN,NaN,NaN,NaN,NaN,NaN,NaN,NaN,NaN,NaN,NaN,NaN,NaN,NaN,NaN,NaN,NaN,NaN,NaN,NaN,NaN,NaN,NaN,NaN,NaN,NaN,NaN,NaN,NaN,NaN,NaN,NaN,NaN,NaN,NaN,NaN,NaN,NaN,NaN,NaN,NaN,NaN,NaN,NaN
-19.0113059444038,-19.4253801159978,-18.8363170811638,-18.466354868632,-18.5378939459173,-18.3564566141242,-18.1781114645812,-18.2832744723008,-18.3610254413304,-18.4547852850207,-18.598875209428,-18.7832785874929,-18.7632812857586,-18.8027620462557,-18.6668441751751,-18.6288570038554,-18.599989171701,-18.5782755952987,-18.3399353611441,-18.224864516696,-18.0962087518938,-17.9457611894895,-18.0579805943529,-18.2729245244847,-18.1873076250772,-18.141532752093,-17.9626883964753,-18.1016832119969,-17.9807569376651,-17.8432923917325,-17.7117624381839,-17.487327433015,-17.4925164982134,-17.5295758298254,-17.6687088059901,-17.8769659089844,-18.0051620517851,-18.1486542508515,-18.3825252668453,-18.5952743923832,-18.7890003627787,-18.8302803399233,-18.9090997300166,-18.9481069896565,-18.9625840585722,-19.012016434465,-19.2482633871848,-19.3158940568098,-19.1738184998563,-18.9078066195054,-18.6734152088307,-18.6689711435013,-18.3397715278138,-18.2870757753247,-18.2127268825486,-18.329827605251,-18.2311039540695,-18.0360753818508,-17.6783261738103,-17.4844343736415,-17.4000514798499,-17.2809396313035,-17.2090092171647,-17.3194455142036,-17.4003921792146,-17.2909978411381,-17.1170588369435,-16.9819847829939,-17.0045396235402,-16.9328518162768,-16.9485700860782,-16.8481951314104,-16.7254372481739,-16.7915758718046,-16.7631681033741,-16.5941870053542,-16.6115090844111,-16.5148138905377,-16.412456616408,-16.4028449804566,-16.5560606038679,-16.5795484247012,-16.5882615878921,-16.3690396318657,-15.9226089930116,-15.7750707441839,-15.6712976011752,-15.5698271652868,-15.3560150170858,-15.297816924844,-15.3147417802198,-15.2748904710508,-15.1117692637781,-14.931631601495,-14.7830743805561,-14.6053003650201,-14.604573924289,-14.4180024640272,-13.4222670228587,-13.4905462805989,NaN,NaN,NaN,NaN,NaN,NaN,NaN,NaN,NaN,NaN,NaN,NaN,NaN,NaN,NaN,NaN,NaN,NaN,NaN,NaN,NaN,NaN,NaN,NaN,NaN,NaN,NaN,NaN,NaN,NaN,NaN,NaN,NaN,NaN,NaN,NaN,NaN,NaN,NaN,NaN,NaN,NaN,NaN,NaN,NaN,NaN,NaN,NaN,NaN,NaN,NaN,NaN,NaN,NaN,NaN,NaN,NaN,NaN,NaN,NaN,NaN,NaN,NaN,NaN,NaN,NaN,NaN,NaN,NaN,NaN,NaN,NaN,NaN,NaN
-18.7656659915667,-19.1691328263932,-18.5299048265093,-18.2212586393853,-18.375319192144,-18.2132679619198,-18.0606936116662,-18.0439376161625,-18.218838751354,-18.4257073331312,-18.495307727437,-18.7660974025298,-18.7051924993435,-18.646410380116,-18.5834259889552,-18.6122406382844,-18.6504015344951,-18.684877042937,-18.4167213808292,-18.2508695995891,-18.1377971716888,-17.9399690107456,-18.1173897654208,-18.231823900717,-18.2401025884938,-18.1795175358927,-18.066002296949,-18.2565069427737,-18.0842534001262,-17.8699470724501,-17.7457631507488,-17.6252900137574,-17.7680801510764,-17.824434702132,-17.9373574448666,-17.9741097246597,-17.9192912632549,-18.0260364305558,-18.2773828842366,-18.4989134028133,-18.6498562202222,-18.6690044525544,-18.69296080596,-18.7448065335709,-18.8856697814509,-19.0616512375277,-19.3631239122961,-19.3787967650575,-19.2534045325218,-19.0965649103658,-18.9375778601815,-18.8421528040116,-18.5405931858797,-18.6065537670524,-18.5371715370009,-18.5148677101394,-18.3232816151844,-18.1139453791529,-17.7505183548094,-17.5471358974339,-17.6841000814959,-17.5194491994342,-17.3648576893039,-17.181951662551,-17.0665121711248,-16.9833067015848,-16.8938157786688,-16.834916281191,-16.820864163873,-16.7799949382126,-16.8027016956042,-16.9080018308215,-16.8866971727072,-16.8322514951973,-16.9411669980764,-16.6868298745349,-16.7276524685476,-16.3870278064256,-16.0807086340343,-15.99442042006,-16.0317791986367,-16.1853858079563,-16.1243643839817,-16.3123985249912,-16.1063807591194,-16.0020947574628,-15.7908896713795,-15.7030988714448,-15.4681952946653,-15.2493558558267,-15.1320463928707,-15.0396648403567,-14.9235490823575,-14.8936355978868,-14.9887759924727,-15.0149923029304,-15.1419609883421,-14.6936641469895,-14.069996125554,-13.9612923458591,NaN,NaN,NaN,NaN,NaN,NaN,NaN,NaN,NaN,NaN,NaN,NaN,NaN,NaN,NaN,NaN,NaN,NaN,NaN,NaN,NaN,NaN,NaN,NaN,NaN,NaN,NaN,NaN,NaN,NaN,NaN,NaN,NaN,NaN,NaN,NaN,NaN,NaN,NaN,NaN,NaN,NaN,NaN,NaN,NaN,NaN,NaN,NaN,NaN,NaN,NaN,NaN,NaN,NaN,NaN,NaN,NaN,NaN,NaN,NaN,NaN,NaN,NaN,NaN,NaN,NaN,NaN,NaN,NaN,NaN,NaN,NaN,NaN,NaN
-18.4375627854856,-18.8295288275689,-18.201862216823,-17.9856782623186,-18.2118509113573,-18.1100104540577,-17.9959870224521,-17.887362019506,-18.0912891652636,-18.3183440114392,-18.4297648012794,-18.7011974313906,-18.640173776006,-18.6609287991769,-18.5621240509698,-18.6135445436244,-18.76283537007,-18.7720992764758,-18.5228372052097,-18.4369619820993,-18.2808723817637,-18.1101396633923,-18.1548253687347,-18.3263010778343,-18.2142424234309,-18.0969089963288,-18.1041100078061,-18.2175300546947,-18.1129578101592,-17.8669698481633,-17.8863546963091,-17.7805162898244,-17.9522402025239,-17.9719927726002,-18.0336148338612,-17.9858960517759,-18.0226496596472,-17.9990777478468,-18.2659038173159,-18.42252316557,-18.4779036667675,-18.6127736163897,-18.7011661167804,-18.8889844740852,-18.9382597240777,-19.0485694651441,-19.1510809264084,-19.1861223403257,-19.2985372329557,-19.2102547214078,-19.0747784216147,-18.8849104125475,-18.8942383813745,-18.8589755935559,-18.7535616455135,-18.5213324463895,-18.1641873614576,-18.1370031569471,-17.7874711928664,-17.6545042687806,-17.6265512417324,-17.5727643373895,-17.317321243442,-17.3302780268648,-17.2488634845996,-17.1395949723585,-16.9932377382264,-16.9599000521869,-17.0449269543521,-17.0128011252947,-16.8895303174131,-16.9267092039116,-16.8719208740205,-16.7976562971543,-16.7088721789706,-16.3689184668369,-16.3462759818988,-16.3467337921677,-16.045451767289,-16.0201382034006,-15.9572908721948,-16.1550844275232,-16.112095957025,-16.3819182861881,-16.2895349995402,-16.2329934518532,-15.9502791620492,-15.8701699422907,-15.8097433890096,-15.6402632495164,-15.5932244159353,-15.4013863773338,-15.173683491315,-15.28081908594,-15.1874482799992,-14.9178947345607,-14.9376208891184,-14.8987842477177,-15.1825261155981,-15.3710680209204,-15.2950615481378,NaN,NaN,NaN,NaN,NaN,NaN,NaN,NaN,NaN,NaN,NaN,NaN,NaN,NaN,NaN,NaN,NaN,NaN,NaN,NaN,NaN,NaN,NaN,NaN,NaN,NaN,NaN,NaN,NaN,NaN,NaN,NaN,NaN,NaN,NaN,NaN,NaN,NaN,NaN,NaN,NaN,NaN,NaN,NaN,NaN,NaN,NaN,NaN,NaN,NaN,NaN,NaN,NaN,NaN,NaN,NaN,NaN,NaN,NaN,NaN,NaN,NaN,NaN,NaN,NaN,NaN,NaN,NaN,NaN,NaN,NaN,NaN,NaN
-18.2313402065661,-18.5266913711797,-17.9452591101517,-17.9036329636583,-18.0807059522748,-18.0322026484064,-17.9396477897681,-17.8429110598289,-17.9828856607268,-18.1774290672781,-18.3226759826402,-18.6149414137984,-18.5837056260268,-18.6753635343514,-18.6906149385791,-18.5833647848358,-18.8073705414566,-18.7883892746859,-18.5925537786239,-18.5534328893781,-18.4737601979837,-18.3493022718746,-18.2588052831665,-18.4045817281386,-18.3212906237518,-18.2244460338035,-18.1306388048972,-18.0933206049761,-17.9421464642486,-17.8971257287135,-17.9315680609682,-17.8793801288393,-18.0800047154029,-18.0301729770003,-18.2311633695899,-18.2477175489266,-18.3273463093719,-18.3610349918787,-18.4589874771618,-18.5699054116226,-18.5958777652888,-18.7392426844045,-18.9031360781352,-19.002637578571,-18.9966752674894,-19.1026877382599,-19.0582489856638,-19.1874181727804,-19.1738633936567,-19.056618196928,-18.9714049962934,-18.888728878028,-18.8801948826776,-18.8062351067907,-18.765907157808,-18.6189338439702,-18.4720497806622,-18.2330767215572,-17.9571739430163,-17.756054991857,-17.6725113247618,-17.395289881594,-17.4295413841579,-17.1658827491528,-17.0641072059317,-16.8511203224991,-16.8949171070616,-16.7583181636193,-16.8180969536955,-16.661029305207,-16.483769735947,-16.3720952463231,-16.4320733418643,-16.5125560932843,-16.4715214182895,-16.3772065455247,-16.0208076506708,-16.0516864746406,-15.9408503635472,-15.9251183639648,-15.9175920542468,-15.9725250152721,-16.033969915511,-16.167838460563,-16.3447346309423,-16.3193262871387,-16.3094726079552,-15.8748172878564,-15.7715743369646,-15.5771310574901,-15.2447509696653,-15.1458375384454,-15.264330355507,-15.3171443395369,-15.0180801300985,-15.0597073489076,-14.9297158216108,-14.6338871805193,-13.9287017629454,-13.9212744260995,-14.4099559269016,NaN,NaN,NaN,NaN,NaN,NaN,NaN,NaN,NaN,NaN,NaN,NaN,NaN,NaN,NaN,NaN,NaN,NaN,NaN,NaN,NaN,NaN,NaN,NaN,NaN,NaN,NaN,NaN,NaN,NaN,NaN,NaN,NaN,NaN,NaN,NaN,NaN,NaN,NaN,NaN,NaN,NaN,NaN,NaN,NaN,NaN,NaN,NaN,NaN,NaN,NaN,NaN,NaN,NaN,NaN,NaN,NaN,NaN,NaN,NaN,NaN,NaN,NaN,NaN,NaN,NaN,NaN,NaN,NaN,NaN,NaN,NaN,NaN
-18.0625861460762,-18.2579361473194,-17.6847978131732,-17.8196963682839,-18.0149210687132,-17.9720229461882,-17.9096653831535,-17.8761158963358,-17.8881795359497,-18.0703489777362,-18.1888950126232,-18.4987139556097,-18.4918496574109,-18.6199995002835,-18.6346259824514,-18.6533494009522,-18.8141438399953,-18.8272756411991,-18.6462286444292,-18.5983191798252,-18.5053831687276,-18.4164936829363,-18.3686335142463,-18.5344061932071,-18.4881824571032,-18.3894336665605,-18.2875009818711,-18.165477334193,-17.9831266615328,-17.8926993001094,-18.0273237075469,-17.858722034671,-18.0100617572418,-17.9914192580662,-18.1232547968341,-18.1603155646163,-18.2404624752217,-18.3222734784848,-18.3372551814352,-18.402891658554,-18.4521090886673,-18.6404088022332,-18.7484188755566,-18.9607508762494,-19.0017647820371,-19.0718844374591,-18.9420378562252,-19.0681527056092,-19.0766357023401,-19.0523072235086,-18.9119533028756,-18.908682142875,-18.8237656210338,-18.779911129037,-18.7209460568319,-18.6936805414076,-18.64387744653,-18.396819694266,-18.0762298268485,-17.923768025928,-17.6917061557058,-17.4973025951994,-17.3562302630201,-17.1369917080772,-17.0153269325305,-16.8335352778752,-16.828028580947,-16.7111158517927,-16.6918972037193,-16.6664373076833,-16.5295456003694,-16.2743145170806,-16.1860334108635,-16.2477667697906,-16.2921155118592,-16.3029894393121,-16.036409138483,-15.7752683493739,-15.8206810580459,-15.7887303311478,-15.7323034463723,-15.814704908317,-15.8238506577298,-15.9962181647919,-15.9463488697787,-16.0871459516173,-16.127710596014,-15.935753371816,-15.8157198711083,-15.5446978600554,-15.551401231854,-15.4880701386409,-15.690963201054,-15.5027877644874,-15.4160221969286,-15.2780809956409,-15.864975480959,-15.9485665020391,-15.2949527283924,-14.3384694719639,-13.6715045795576,NaN,NaN,NaN,NaN,NaN,NaN,NaN,NaN,NaN,NaN,NaN,NaN,NaN,NaN,NaN,NaN,NaN,NaN,NaN,NaN,NaN,NaN,NaN,NaN,NaN,NaN,NaN,NaN,NaN,NaN,NaN,NaN,NaN,NaN,NaN,NaN,NaN,NaN,NaN,NaN,NaN,NaN,NaN,NaN,NaN,NaN,NaN,NaN,NaN,NaN,NaN,NaN,NaN,NaN,NaN,NaN,NaN,NaN,NaN,NaN,NaN,NaN,NaN,NaN,NaN,NaN,NaN,NaN,NaN,NaN,NaN,NaN,NaN
-17.9591868747685,-18.0740748306528,-17.5113770867637,-17.6483769788671,-17.9437887645238,-17.9988981039735,-17.9273831799247,-17.927738404578,-18.0077695221248,-18.1108202941177,-18.2366171684881,-18.5025017930813,-18.4619637720378,-18.6143604072996,-18.5741907649911,-18.720893797572,-18.7753241892783,-18.8526046402929,-18.6767449149256,-18.6807162379342,-18.5993801365277,-18.4055584320081,-18.4215124684706,-18.5202173541263,-18.3083128551436,-18.3097697434874,-18.1708336300659,-18.0617039890051,-18.0752819915159,-18.0386924777887,-18.0207889192508,-17.7867365265991,-17.9274497240121,-17.9501606551875,-17.9508145166751,-17.970568409201,-18.0847424108519,-18.168396309534,-18.1977956343293,-18.3275767788123,-18.3868356764589,-18.5103549153648,-18.699459838688,-18.7975141227953,-18.8949171335777,-18.941268703714,-18.8200128547961,-18.8627237711938,-18.8428988940927,-18.8213402941662,-18.7783561160458,-18.7446976407045,-18.667568923991,-18.6896233244453,-18.626145218881,-18.618425681486,-18.5147933102818,-18.2827151248034,-18.0843628127666,-17.9716696289341,-17.7794289928969,-17.6303573931491,-17.5248940449425,-17.3312842291402,-17.1944137296946,-16.8454941528166,-16.7777957630247,-16.5486668571197,-16.5487391866236,-16.2643787982689,-15.9631555167094,-15.827915667423,-15.7846950194942,-15.7060810608509,-15.6943334475098,-15.7994623453581,-15.8423977866712,-15.7355583779487,-15.6625537929159,-15.6743564241788,-15.5297971308619,-15.642983630978,-15.6126181123187,-15.6633607723526,-15.7577647369799,-15.9717186949912,-16.0846646506454,-15.9465370933181,-15.9585130377295,-15.8575602263015,-15.5874673054732,-15.4707470107264,-15.4929438871156,-15.8006489219862,-15.72143989962,-15.6724265889214,-15.5729120051218,-15.9088950092228,-15.8790209225292,-15.5861444260422,-15.044367113096,NaN,NaN,NaN,NaN,NaN,NaN,NaN,NaN,NaN,NaN,NaN,NaN,NaN,NaN,NaN,NaN,NaN,NaN,NaN,NaN,NaN,NaN,NaN,NaN,NaN,NaN,NaN,NaN,NaN,NaN,NaN,NaN,NaN,NaN,NaN,NaN,NaN,NaN,NaN,NaN,NaN,NaN,NaN,NaN,NaN,NaN,NaN,NaN,NaN,NaN,NaN,NaN,NaN,NaN,NaN,NaN,NaN,NaN,NaN,NaN,NaN,NaN,NaN,NaN,NaN,NaN,NaN,NaN,NaN,NaN,NaN,NaN,NaN
-17.7215997334997,-17.8923983493557,-17.3426862023018,-17.5261388772046,-17.7403800414958,-17.958222977946,-17.9213110659643,-18.0870437587594,-18.0810325512658,-18.1920003619275,-18.3659539459698,-18.6361942263226,-18.5369858032915,-18.6046896245527,-18.6267505996354,-18.7191479470295,-18.8001787979746,-18.8353510427183,-18.7701283806638,-18.6690201862733,-18.7199695259119,-18.5403293258475,-18.4709534732281,-18.3653013187361,-18.2413190917239,-18.2518594063454,-18.0713003561143,-18.1133541763484,-18.0570965381467,-18.0368735473825,-17.8972217982819,-17.8207677881136,-17.9703179823742,-17.9366524193913,-17.8679971203989,-17.961274834652,-18.0793170138925,-18.1656309259092,-18.3143806183883,-18.392100877361,-18.4233304880441,-18.4507601412892,-18.5236231317861,-18.7103623195513,-18.6983828254018,-18.8514486709763,-18.7577704057248,-18.8845792798817,-18.666996497224,-18.6388907009548,-18.4189332365341,-18.3709948690002,-18.3033931676052,-18.1828204065932,-18.2464472144092,-18.2179383929623,-18.2058220303357,-18.0852944933744,-17.9617708961915,-17.8269869611674,-17.8847775858442,-17.712268034733,-17.8297303111007,-17.7978976148973,-17.7642944043394,-17.4757898719298,-17.3807222520482,-17.2495551451697,-17.2307714947581,-16.9566123632556,-16.7626562079991,-16.4761357021069,-16.0857339491646,-15.9274383935376,-15.5840381492488,-15.2426146188261,-15.0721754259102,-15.1539400398918,-15.2905592841049,-15.4780893373009,-15.5245047711858,-15.7861801211518,-15.7566159217109,-15.8257054192167,-15.9934215931522,-16.1329492362698,-16.1249764013149,-15.9107789261778,-15.7494358021497,-15.4452928702936,-15.2202247318579,-15.0449418718374,-14.9488739787552,-15.2330926154889,-15.208716217695,-15.138548616776,-14.9527705346109,-14.7661893540622,-14.5253657478422,-14.6430676414091,-16.0849178406797,NaN,NaN,NaN,NaN,NaN,NaN,NaN,NaN,NaN,NaN,NaN,NaN,NaN,NaN,NaN,NaN,NaN,NaN,NaN,NaN,NaN,NaN,NaN,NaN,NaN,NaN,NaN,NaN,NaN,NaN,NaN,NaN,NaN,NaN,NaN,NaN,NaN,NaN,NaN,NaN,NaN,NaN,NaN,NaN,NaN,NaN,NaN,NaN,NaN,NaN,NaN,NaN,NaN,NaN,NaN,NaN,NaN,NaN,NaN,NaN,NaN,NaN,NaN,NaN,NaN,NaN,NaN,NaN,NaN,NaN,NaN,NaN,NaN
-17.5840031040792,-17.7592305033886,-17.1219446896503,-17.4609473019897,-17.720034010122,-18.0056679678863,-17.9961480493365,-18.1013689629437,-18.254466202268,-18.4112121004494,-18.4756683250201,-18.6976084018253,-18.5938876144923,-18.7085704879934,-18.7025495216213,-18.847910433857,-18.7831409696971,-18.7325785607347,-18.7078373858479,-18.6719878592233,-18.7091623971484,-18.4398819378598,-18.2745089514775,-18.168578674595,-18.1648813454135,-18.1546960537567,-18.0877825959781,-18.0700557413792,-17.8955404797263,-17.8720300860381,-17.8024858913419,-17.7801304176578,-17.9096490174451,-17.8599577300624,-17.8952520486441,-18.001747358153,-18.2388364409088,-18.3689544026899,-18.4047362212677,-18.4162775871422,-18.4370980915182,-18.5488623505244,-18.5052651858343,-18.5094179012099,-18.5712024535542,-18.5977390822235,-18.5180046332021,-18.6451721462817,-18.5000373601926,-18.4910249496047,-18.3927832503769,-18.2583211992929,-18.1663911599355,-18.1190402100589,-18.1556394177936,-18.2120872821979,-18.1483787545992,-17.9936981131849,-17.9446766251176,-17.7912414705802,-17.8353925842601,-17.6363470101053,-17.579916886092,-17.535487910191,-17.4986423192358,-17.357125276009,-17.341292086594,-17.2837804115222,-17.2943517337407,-17.2433131376509,-17.0496552966514,-16.7389976076511,-16.2560749655575,-15.9179612450818,-15.6733328267426,-15.2739033712776,-14.6731721161527,-14.593434963502,-14.5499230937631,-14.7717086014665,-15.0187908406341,-15.09649930986,-15.2566803736627,-15.3913103382974,-15.5765224868779,-15.729027638453,-15.9352491777679,-15.8639347420058,-15.7665173359328,-15.6541369629466,-15.3203526098657,-14.9214934389422,-14.582851721883,-14.4175641119496,-14.3793051965094,-14.0838866565757,-13.7410628100068,-13.0815633937892,-13.2606043257951,-13.6173118140686,-14.8188825679351,NaN,NaN,NaN,NaN,NaN,NaN,NaN,NaN,NaN,NaN,NaN,NaN,NaN,NaN,NaN,NaN,NaN,NaN,NaN,NaN,NaN,NaN,NaN,NaN,NaN,NaN,NaN,NaN,NaN,NaN,NaN,NaN,NaN,NaN,NaN,NaN,NaN,NaN,NaN,NaN,NaN,NaN,NaN,NaN,NaN,NaN,NaN,NaN,NaN,NaN,NaN,NaN,NaN,NaN,NaN,NaN,NaN,NaN,NaN,NaN,NaN,NaN,NaN,NaN,NaN,NaN,NaN,NaN,NaN,NaN,NaN,NaN,NaN
-17.4392778226475,-17.6483914743125,-16.9416171114009,-17.3841563327161,-17.6046889608615,-17.8860756076319,-17.969681649485,-18.2091429755359,-18.3034366687305,-18.4516569007588,-18.5117853023805,-18.6488512365775,-18.6251910364228,-18.7990697948368,-18.8184342548933,-18.9796630010654,-18.8042003802151,-18.6081086965755,-18.5449907381977,-18.5229355989878,-18.466983773058,-18.2730384437461,-18.1982639511568,-18.2586829626224,-18.1849388619537,-18.1526302191057,-18.1380385909459,-18.1616448494946,-17.9571511343387,-17.7834299690162,-17.7706858479162,-17.8138431018232,-17.918702380916,-17.9347842174643,-17.9750249573154,-18.1053732858776,-18.3798990411169,-18.4650217288262,-18.4986232064848,-18.5477585301707,-18.6223426693517,-18.7339209248998,-18.6902081673362,-18.6203310086083,-18.5121380484609,-18.5866620080347,-18.5325675502652,-18.6896898907194,-18.4762930157543,-18.3774572349025,-18.3513400046965,-18.2334385216756,-18.1107010056981,-18.0896447827936,-18.0919742860179,-18.0156363283968,-17.891631046386,-17.7710998706229,-17.7650859707271,-17.7789383611046,-17.7909747253792,-17.7427164450631,-17.829034714321,-17.7329535171681,-17.8650436885133,-17.6542548539563,-17.7411553878859,-17.6026822155092,-17.6843028489376,-17.5390399652412,-17.4990262501187,-17.3226065111156,-17.2128502132006,-16.9315139167346,-16.4168669891179,-16.0602821221863,-15.5719018263917,-15.2925303446439,-15.0798038735813,-15.2179688353742,-15.1141890368635,-14.9524494494111,-14.8401787358397,-14.7265737950045,-14.7938665929205,-15.2068042244906,-15.2760174689921,-15.5420924062125,-15.5383392318896,-15.5228736112898,-15.3203751287293,-15.1011378372984,-14.6030839146217,-14.2784999051775,-14.1744895536749,-14.0502804869906,-13.6431354010841,-13.6289776177379,-14.5758841445347,-14.7469941449604,-15.1124873505123,-16.0743551395477,NaN,NaN,NaN,NaN,NaN,NaN,NaN,NaN,NaN,NaN,NaN,NaN,NaN,NaN,NaN,NaN,NaN,NaN,NaN,NaN,NaN,NaN,NaN,NaN,NaN,NaN,NaN,NaN,NaN,NaN,NaN,NaN,NaN,NaN,NaN,NaN,NaN,NaN,NaN,NaN,NaN,NaN,NaN,NaN,NaN,NaN,NaN,NaN,NaN,NaN,NaN,NaN,NaN,NaN,NaN,NaN,NaN,NaN,NaN,NaN,NaN,NaN,NaN,NaN,NaN,NaN,NaN,NaN,NaN,NaN,NaN,NaN
-17.2584492968008,-17.4653756353575,-16.9278291504381,-17.3557466649635,-17.6092312881642,-17.9339007917221,-18.0973740236527,-18.3005148616431,-18.1847600140318,-18.4583416870711,-18.46525485361,-18.5068366877667,-18.5805421044764,-18.760003451423,-18.7839191110958,-18.9029040171587,-18.6084039713255,-18.4678048137432,-18.3592457671022,-18.2892123257568,-18.2287808374678,-18.1723988096862,-18.0282711351549,-18.1518155377705,-18.1094947224288,-18.0897079470865,-18.1801357237338,-18.1628789603344,-17.8646318600272,-17.7651838647166,-17.7828631080317,-17.7110096196212,-17.7956806283781,-17.9151239888552,-18.1238563616776,-18.1979074853457,-18.3108883732453,-18.4287251292923,-18.4610153737936,-18.6468518996591,-18.7355486918173,-18.7886852283806,-18.8548399517759,-18.8161367847911,-18.7152161246998,-18.7234175593296,-18.6175612850604,-18.5576410006765,-18.5750977537596,-18.4080551734016,-18.268734155342,-17.9975953957407,-17.9952734611811,-17.9622728697781,-17.9169600045568,-17.8967077225609,-17.8227684232647,-17.8330648800383,-17.7885425588817,-17.8044254181395,-17.8378125655313,-17.9131659980991,-17.9228451757851,-17.782634757096,-17.6962822774772,-17.7604080077659,-17.8130263881872,-17.7719783061717,-17.5995581149534,-17.5804406223504,-17.5177331455557,-17.4903082688385,-17.2340838207906,-17.2280863104897,-17.0576930656525,-16.7738663585759,-16.1466815073535,-15.7442724568573,-15.4147557632641,-15.2107762543595,-15.0010674904017,-14.8720706495404,-14.7301620345295,-14.6958626425012,-14.667103111826,-14.9574564201711,-15.2557089955626,-15.4237175332661,-15.3758318836919,-15.2140211143574,-15.0851438323403,-14.8538814146995,-14.6749042781537,-14.4392980787246,-14.181992995296,-14.0883366538658,-13.832401727724,-13.7163002725548,-13.9641878178581,-13.840693896884,-14.8096804716796,-16.0280601123543,NaN,NaN,NaN,NaN,NaN,NaN,NaN,NaN,NaN,NaN,NaN,NaN,NaN,NaN,NaN,NaN,NaN,NaN,NaN,NaN,NaN,NaN,NaN,NaN,NaN,NaN,NaN,NaN,NaN,NaN,NaN,NaN,NaN,NaN,NaN,NaN,NaN,NaN,NaN,NaN,NaN,NaN,NaN,NaN,NaN,NaN,NaN,NaN,NaN,NaN,NaN,NaN,NaN,NaN,NaN,NaN,NaN,NaN,NaN,NaN,NaN,NaN,NaN,NaN,NaN,NaN,NaN,NaN,NaN,NaN,NaN,NaN
-17.0782843338345,-17.3085998590055,-16.8909338585268,-17.2724886887053,-17.5123839951029,-17.8792971531777,-18.1389064154201,-18.3199792327617,-18.2483979500643,-18.4204369779503,-18.3169100114217,-18.4048738614867,-18.5247834033987,-18.578699213036,-18.745080795531,-18.7750897296507,-18.506609144953,-18.3771774659709,-18.2680392203103,-18.1788310808186,-18.1053461127651,-18.0749060273416,-17.8638365798766,-18.0237386202461,-18.0810070574798,-18.1006329017582,-18.1925258496761,-18.1070896091118,-17.8734569300897,-17.8223109986554,-17.7474558875385,-17.6807441001876,-17.7321869199285,-17.8643304269417,-18.0939202420454,-18.2234554825638,-18.1244065678057,-18.2778642411321,-18.5357740805284,-18.5552025137115,-18.7432403681217,-18.7273899419666,-18.7565498055876,-18.7854251450952,-18.7921760234706,-18.739124179178,-18.6974790449048,-18.6629835007304,-18.5274651659794,-18.4607569190236,-18.3759559263459,-18.2337205043918,-18.216207291501,-18.1375946548917,-18.132022642629,-18.093803359032,-18.0573439143956,-18.0719123775549,-18.0006808629478,-17.9932403557326,-17.9929226054238,-18.0221475899697,-18.133242328377,-17.9911041246956,-17.9168217664387,-17.9483000076186,-18.0080691315584,-18.0216747929075,-17.8737203944726,-17.7297925181281,-17.6260266502198,-17.4887047343296,-17.3970659618389,-17.218674820178,-16.9644158116544,-16.9052421002352,-16.6061605588894,-16.4433782689702,-16.0385517488683,-15.6486618982304,-15.3837362744816,-15.3912271861836,-15.1850951131306,-15.0868316340708,-14.918498965561,-14.9732167523379,-14.8447580532098,-15.0517646951653,-15.0503200612059,-14.9480194652668,-14.8048305621221,-14.4579270628129,-14.4397790515174,-14.4213317444174,-14.3929845182093,-14.0577210692376,-13.6499294392421,-12.754508410554,-13.281920824307,-13.2861122144452,-13.8701362812909,-15.1759976375838,NaN,NaN,NaN,NaN,NaN,NaN,NaN,NaN,NaN,NaN,NaN,NaN,NaN,NaN,NaN,NaN,NaN,NaN,NaN,NaN,NaN,NaN,NaN,NaN,NaN,NaN,NaN,NaN,NaN,NaN,NaN,NaN,NaN,NaN,NaN,NaN,NaN,NaN,NaN,NaN,NaN,NaN,NaN,NaN,NaN,NaN,NaN,NaN,NaN,NaN,NaN,NaN,NaN,NaN,NaN,NaN,NaN,NaN,NaN,NaN,NaN,NaN,NaN,NaN,NaN,NaN,NaN,NaN,NaN,NaN,NaN,NaN
-16.9075500350934,-17.1863404298389,-16.762826612569,-17.2287509227319,-17.3677053532368,-17.8472132753135,-18.1965038740323,-18.3531529928136,-18.3026535924124,-18.4527929353158,-18.3396210392476,-18.3736409881477,-18.3828584611842,-18.4165573659418,-18.6112107468018,-18.5298693400935,-18.3595999252232,-18.2563644254905,-18.1674330370615,-18.0012598798586,-17.9899516180174,-17.8836224756891,-17.7580856957378,-17.9290937817028,-18.0270074096363,-18.1143412298325,-18.1773319441138,-18.1733548274068,-18.0057265929091,-17.9452046616267,-17.8233959012517,-17.7543234663872,-17.8028121977804,-17.9199516465442,-18.1400220658187,-18.2382067167416,-18.2110074166511,-18.3906963723264,-18.5181567531505,-18.6128557808617,-18.7799073700316,-18.7325908766731,-18.6897164446256,-18.6974898270867,-18.6703965273737,-18.660596599383,-18.6239782280325,-18.5351483182761,-18.4542013155776,-18.2878152476315,-18.2470233820024,-18.2347731673426,-18.2048936578251,-18.1259167928906,-18.0583599812493,-18.0638307034306,-18.1223317859919,-18.2049342666879,-18.1129918141355,-18.1385084837072,-18.1157755285974,-18.1784908855817,-18.2838694099897,-18.2684352941654,-18.258763675512,-18.0407209723741,-17.9236434574922,-18.0655168886076,-17.8795531163002,-17.7450241909898,-17.6601380102049,-17.5886915831014,-17.4391000903693,-17.409363886477,-17.3799764281066,-17.1391427649913,-16.5887006765649,-16.408572404228,-16.1961794331162,-15.7791029434444,-15.5791859367836,-15.506865302013,-15.5107326073419,-15.2234974036151,-14.9976129266607,-14.8899311019351,-14.5960794114613,-14.7398814345475,-14.7884765290627,-14.8995522195255,-15.0174540063627,-14.8221420860518,-14.3105293676934,-14.2941941511041,-14.3616122042809,-14.0269054201486,-13.7611792904103,-13.3096398877688,-13.7426770166084,-13.7602543573057,-13.9211324606845,-15.1986114525137,NaN,NaN,NaN,NaN,NaN,NaN,NaN,NaN,NaN,NaN,NaN,NaN,NaN,NaN,NaN,NaN,NaN,NaN,NaN,NaN,NaN,NaN,NaN,NaN,NaN,NaN,NaN,NaN,NaN,NaN,NaN,NaN,NaN,NaN,NaN,NaN,NaN,NaN,NaN,NaN,NaN,NaN,NaN,NaN,NaN,NaN,NaN,NaN,NaN,NaN,NaN,NaN,NaN,NaN,NaN,NaN,NaN,NaN,NaN,NaN,NaN,NaN,NaN,NaN,NaN,NaN,NaN,NaN,NaN,NaN,NaN,NaN
-16.738884014244,-17.013974144074,-16.6862787802708,-17.1444695435302,-17.1824608874004,-17.782997433497,-18.0514976815297,-18.2607675361372,-18.1710134445331,-18.3374252135038,-18.2791682682233,-18.2338957784008,-18.1714434950674,-18.2908767875085,-18.4311431031799,-18.2219990815069,-18.1316111786763,-18.2010276817456,-18.1169323895585,-17.9632503636278,-17.8831037521452,-17.8665314359551,-17.7393555288905,-17.7677007393352,-17.8224348368713,-17.8941478912772,-18.1071469281384,-18.241430174538,-18.0580408661065,-18.0454961090117,-17.8342253806525,-17.8634954352514,-17.8603670758276,-18.0047632030656,-18.1955444219244,-18.3664825196931,-18.5447692238238,-18.6642140025317,-18.7155076500989,-18.6820888834218,-18.7781734773357,-18.716555203598,-18.6371981829575,-18.6104275137851,-18.6126887365454,-18.5863481248907,-18.6126802466425,-18.5644866281768,-18.5225278463652,-18.3494393528575,-18.2427743396561,-18.2660719273995,-18.1433784627401,-18.1250802108178,-18.0048997480355,-18.0138385872838,-18.0155615591224,-18.0828397009828,-18.0907823035989,-18.0744641775026,-18.0423496449903,-18.240530533696,-18.4195772940514,-18.3866798882246,-18.4413426725884,-18.2797760716511,-18.2096645648823,-18.1759685669419,-18.1364146570564,-17.9701790780245,-17.8727449707209,-17.7407672122029,-17.4920837783185,-17.4318165653082,-17.1981812458568,-16.8706946251742,-16.5292247876976,-16.4745381094727,-16.3369829863431,-16.2065866433964,-15.8282454517675,-15.6386895430531,-15.1856139781439,-15.0811265569014,-15.0274368965199,-14.8511775660969,-14.6152155349964,-14.4694926076291,-14.3905549431252,-14.1477745518321,-14.425323081654,-14.4965260012995,-14.2242001348149,-14.0962051317304,-13.9550291490957,-14.120440393155,-14.1349040219725,-14.240395970846,-14.241882283588,-14.006717484591,-13.6702467601074,-15.2444802120591,NaN,NaN,NaN,NaN,NaN,NaN,NaN,NaN,NaN,NaN,NaN,NaN,NaN,NaN,NaN,NaN,NaN,NaN,NaN,NaN,NaN,NaN,NaN,NaN,NaN,NaN,NaN,NaN,NaN,NaN,NaN,NaN,NaN,NaN,NaN,NaN,NaN,NaN,NaN,NaN,NaN,NaN,NaN,NaN,NaN,NaN,NaN,NaN,NaN,NaN,NaN,NaN,NaN,NaN,NaN,NaN,NaN,NaN,NaN,NaN,NaN,NaN,NaN,NaN,NaN,NaN,NaN,NaN,NaN,NaN,NaN,NaN
-16.5505459768362,-16.8397455364767,-16.6197810692776,-17.0964811393175,-17.2280793978187,-17.6856155588235,-17.9819592146551,-18.2499420997944,-18.2288432297401,-18.3963192082318,-18.290917540309,-18.0952468762953,-17.9511055173609,-18.1348323599705,-18.2111506874625,-18.1202642692035,-18.1069062932448,-18.2287712154673,-18.2251636360569,-18.0596562096504,-17.9227696328128,-17.9274120231059,-17.788329273658,-17.6704188664389,-17.7983041291707,-17.8330461679993,-17.9684508156665,-18.0386578152264,-18.0168337873756,-18.0155880563482,-18.0271016360801,-17.9752760979417,-17.9970514181931,-18.0742846886711,-18.260013266425,-18.4158150533918,-18.5838486182668,-18.7185073154351,-18.7210103189992,-18.7561479015569,-18.8092021246168,-18.747469938349,-18.6605973162144,-18.6674490555662,-18.630881358091,-18.6174474128348,-18.6411230169716,-18.6227684523582,-18.5879189357647,-18.5251484770253,-18.5012831236665,-18.4346806963134,-18.3687162972209,-18.3344407779211,-18.1162081449481,-18.0230416970812,-17.9220763013693,-17.8923403748205,-17.849556136229,-17.7804199059311,-17.8911127221214,-18.0463903560172,-18.2741458487673,-18.4183185126312,-18.4276919426396,-18.4487823704103,-18.4309583683585,-18.3039595348034,-18.3451005188219,-18.2623174124128,-18.0674673447965,-17.9705590804766,-17.8719843442286,-17.5240515955401,-17.0679275460366,-16.8067769526141,-16.6276681309899,-16.5727680877661,-16.3536044005209,-16.2821729368138,-15.9207145410975,-15.6877728340312,-15.3582416521279,-15.1654505366027,-15.2467898672419,-15.0368755138143,-14.7847532983204,-14.6088448820233,-14.3608658113949,-14.0868797839547,-14.0491337876056,-14.1139381932222,-13.8969205068724,-13.7293985702436,-13.5157888225032,-13.7644006723399,-14.1831459807177,-14.5222171979153,-14.8311020395764,-15.2261387024407,-15.0695806956721,-15.3139843429057,NaN,NaN,NaN,NaN,NaN,NaN,NaN,NaN,NaN,NaN,NaN,NaN,NaN,NaN,NaN,NaN,NaN,NaN,NaN,NaN,NaN,NaN,NaN,NaN,NaN,NaN,NaN,NaN,NaN,NaN,NaN,NaN,NaN,NaN,NaN,NaN,NaN,NaN,NaN,NaN,NaN,NaN,NaN,NaN,NaN,NaN,NaN,NaN,NaN,NaN,NaN,NaN,NaN,NaN,NaN,NaN,NaN,NaN,NaN,NaN,NaN,NaN,NaN,NaN,NaN,NaN,NaN,NaN,NaN,NaN,NaN,NaN
-16.4786230681194,-16.6226809499103,-16.4608892403802,-16.9147308729513,-17.100675879775,-17.480728913196,-17.8747053995714,-18.2158491520081,-18.2974140118746,-18.4116775404737,-18.2730005339478,-18.0269679565488,-17.8749914795172,-17.8804968357503,-17.9490931002064,-17.9657932386612,-17.995652502349,-18.2284723129706,-18.2853734700432,-18.1208484373024,-17.8331265633737,-17.7431675614241,-17.6542844831442,-17.6076783248554,-17.7758791384595,-17.9045583904445,-17.9327906283035,-17.8707464966879,-17.9191146325546,-18.0715983271936,-18.0582943149887,-18.0585610979692,-18.0098181891345,-18.1731417908881,-18.3170033120055,-18.4606872486085,-18.6726553664063,-18.7701698144332,-18.7413649606086,-18.8327796196642,-18.9079032023878,-18.8713305385263,-18.8675675990031,-18.837482241548,-18.7217518858539,-18.6989531789696,-18.7784897078382,-18.732727410665,-18.8953802918414,-18.8819843223549,-18.7230892787932,-18.6602450509394,-18.4601893281091,-18.335555685789,-18.1384102349411,-17.983492514556,-17.8960400737328,-17.7877186029442,-17.7214244535677,-17.7228536060983,-17.7372666214351,-18.0060490952742,-18.0867779694182,-18.2043592264113,-18.1931858399373,-18.1820967484032,-18.1957410618995,-18.3278860367514,-18.3005239383796,-18.3777230527014,-18.3707427866317,-18.5167150465682,-18.3198934418567,-18.0173020543231,-17.6900440360208,-17.4412754617562,-17.3042325808137,-17.0400719977097,-16.8128724776967,-16.7537313618088,-16.5248976400194,-16.3055813569966,-16.0158769918868,-15.7673469854244,-15.6515441240734,-15.3276897677209,-15.0149558114892,-14.6005487887832,-14.2714218719699,-14.0298655809083,-14.026045590348,-14.097339157211,-14.063108023738,-13.730945765993,-13.6905951743101,-13.7020845737493,-14.0580433791019,-14.8079886477019,-15.6670060901283,-15.6895238826147,-15.6663703464548,-16.2145337546001,NaN,NaN,NaN,NaN,NaN,NaN,NaN,NaN,NaN,NaN,NaN,NaN,NaN,NaN,NaN,NaN,NaN,NaN,NaN,NaN,NaN,NaN,NaN,NaN,NaN,NaN,NaN,NaN,NaN,NaN,NaN,NaN,NaN,NaN,NaN,NaN,NaN,NaN,NaN,NaN,NaN,NaN,NaN,NaN,NaN,NaN,NaN,NaN,NaN,NaN,NaN,NaN,NaN,NaN,NaN,NaN,NaN,NaN,NaN,NaN,NaN,NaN,NaN,NaN,NaN,NaN,NaN,NaN,NaN,NaN,NaN,NaN
-16.4086378956874,-16.5846981884724,-16.3689626723379,-16.6597612571406,-16.9479312542899,-17.258624853893,-17.7382526823118,-18.1269224398776,-18.3403713992669,-18.4088456841672,-18.3121568742805,-18.060047622935,-17.7936268476402,-17.6438282067519,-17.7797722185205,-17.8662599816326,-17.9880033077301,-18.1560605234577,-18.2371093507213,-18.1326672264258,-17.9328314747178,-17.8260896567609,-17.7098379278706,-17.8167492423283,-17.9618740870205,-18.0697927230572,-17.9484039777284,-17.8746403654989,-17.9082318497269,-17.9669789193297,-18.0333412274909,-18.1418881000259,-18.2854118675129,-18.3595537688963,-18.4257275887836,-18.6319931537319,-18.7842286198775,-18.8200131692606,-18.7656169337666,-18.7681775421613,-18.8278026588994,-18.8277427196832,-18.9060474839983,-18.9072800640021,-18.919279931404,-18.9997562516781,-19.0114743842108,-18.9688129935388,-19.0974101070786,-19.0560687732178,-18.968820519269,-18.8178586153143,-18.5438548064188,-18.3342855445842,-18.099892222874,-17.888971916027,-17.741537165542,-17.693047572732,-17.7009768853862,-17.7354920056931,-17.6479555800369,-17.7907599777859,-17.8868226598802,-18.1203797582996,-18.198162421417,-18.1096032283139,-18.0785224774872,-18.041762206569,-18.2004144948441,-18.3059589610797,-18.4363784277977,-18.4145160832712,-18.2958931501543,-18.1675347035681,-18.0295412634019,-18.0049636926169,-17.8235592340343,-17.679743705344,-17.5246654625441,-17.3813213321817,-17.1143722559831,-16.936027470121,-16.6885339552111,-16.3135292714884,-15.9065814728164,-15.7101269158863,-15.4247843600129,-15.0149374576941,-14.4914298416884,-13.9535694289328,-13.8417205995343,-14.0275053614808,-14.080477683381,-13.9896721970338,-13.7728738932563,-13.8630185944439,-14.2356469422946,-14.6187274117951,-14.9154996504109,-15.2121621897554,-15.1616501860139,-15.7131930914499,NaN,NaN,NaN,NaN,NaN,NaN,NaN,NaN,NaN,NaN,NaN,NaN,NaN,NaN,NaN,NaN,NaN,NaN,NaN,NaN,NaN,NaN,NaN,NaN,NaN,NaN,NaN,NaN,NaN,NaN,NaN,NaN,NaN,NaN,NaN,NaN,NaN,NaN,NaN,NaN,NaN,NaN,NaN,NaN,NaN,NaN,NaN,NaN,NaN,NaN,NaN,NaN,NaN,NaN,NaN,NaN,NaN,NaN,NaN,NaN,NaN,NaN,NaN,NaN,NaN,NaN,NaN,NaN,NaN,NaN,NaN,NaN
-16.2970414214809,-16.5436305873375,-16.3163078800162,-16.5307760405918,-16.8046165618235,-17.1144608011077,-17.6856257880669,-18.1475987483266,-18.3981734810213,-18.5113030398095,-18.4853049096588,-18.1573244579279,-17.7836476031879,-17.529942643393,-17.7005102492559,-17.8895574376478,-18.1660164176211,-18.2339956735984,-18.2100251692246,-18.1629008757733,-17.9867829226368,-17.7707490307462,-17.7035848622571,-17.8674052002409,-17.9993387545652,-18.0318591705453,-18.0501891818817,-18.0207032474385,-17.9560607396753,-18.0092081984039,-18.108976697643,-18.1620952601519,-18.2375931883898,-18.4667304293505,-18.5759950931871,-18.7397751842884,-18.9821432963579,-18.9697328273661,-18.8732660923933,-18.8535130904402,-18.9307346150396,-18.7894542670456,-18.9035624133643,-18.8967504836107,-18.9681151663153,-19.1223589174233,-19.182730517889,-19.2281614609363,-19.1931577935183,-19.215433469374,-19.0328593902687,-18.9319419463235,-18.5764190993467,-18.3300543561558,-18.0086726670469,-17.8544680343194,-17.8293237104056,-17.8496174596985,-17.9739184917784,-17.9738367596471,-18.0773576833299,-18.1451220806721,-18.2689922221817,-18.3540015950529,-18.4397068257512,-18.3343640305545,-18.3999218825371,-18.4139630669528,-18.5247944052826,-18.5649140375925,-18.4238576427247,-18.4592256497373,-18.2061196193977,-18.1194355537817,-18.0432220841021,-17.9564930806191,-17.9029395533183,-17.7091673653865,-17.6454555549425,-17.6111100670104,-17.5804938053983,-17.3742086534378,-17.2081819629315,-16.9348412481879,-16.419872393807,-16.0224759289722,-15.7972979687862,-15.384169732265,-15.129338354025,-14.6315854747016,-14.0126800956481,-14.0468306641226,-14.0375695434057,-13.7976277247156,-13.9266652942754,-13.8103022730005,-14.0210647510473,-14.205739655396,-14.3504955781424,-14.4488582520571,-14.8025898848288,-15.6923278407402,NaN,NaN,NaN,NaN,NaN,NaN,NaN,NaN,NaN,NaN,NaN,NaN,NaN,NaN,NaN,NaN,NaN,NaN,NaN,NaN,NaN,NaN,NaN,NaN,NaN,NaN,NaN,NaN,NaN,NaN,NaN,NaN,NaN,NaN,NaN,NaN,NaN,NaN,NaN,NaN,NaN,NaN,NaN,NaN,NaN,NaN,NaN,NaN,NaN,NaN,NaN,NaN,NaN,NaN,NaN,NaN,NaN,NaN,NaN,NaN,NaN,NaN,NaN,NaN,NaN,NaN,NaN,NaN,NaN,NaN,NaN,NaN
-16.2288379705547,-16.4776716996486,-16.307084221513,-16.5043220057709,-16.614820684218,-17.0102561477742,-17.6313786172268,-18.0847648284711,-18.4204668705178,-18.5903382408429,-18.5033024114367,-18.3462892000647,-17.8088038254268,-17.5569378307839,-17.6185765379336,-17.9423638264748,-18.3042064599551,-18.2490745024302,-18.2195885348912,-18.130442120291,-17.9720020212439,-17.7062766712206,-17.6887700854742,-17.874401233208,-18.094354211697,-18.2598452688695,-18.2473773411236,-18.1222356780235,-17.9909559671311,-18.0003224556995,-18.1044206327662,-18.2330734493918,-18.3315088172936,-18.6302257102643,-18.8917591741003,-19.0600800075353,-19.2609288718476,-19.2528556236035,-19.0934446742876,-19.0623781715484,-19.0666764382262,-18.9684187469749,-18.9129273993892,-18.966536198963,-19.1740430639727,-19.2998618988394,-19.4274266257863,-19.3284241464616,-19.2527008859154,-19.1250875014982,-18.9125482563337,-18.8223115086593,-18.5524911844932,-18.3194214175921,-18.0338405960463,-17.9016204307169,-17.8629956179901,-17.758397333095,-17.775678984014,-17.8536396629972,-17.8495476184315,-17.9736083419284,-17.9430454566945,-17.9620686329084,-18.085256253231,-18.0254594400993,-18.1266182268483,-18.096606317836,-18.1425854904663,-18.116233277432,-18.2070160402669,-18.2271021019053,-18.1035191657801,-17.9445618164043,-17.6426677519207,-17.573629987832,-17.4895527127832,-17.3709803612372,-17.2487310105622,-17.3011543553815,-17.2930258227693,-17.2268347568735,-17.1603627398744,-17.0782113209168,-16.8004959035915,-16.3955513393046,-16.0677676155991,-15.7753750013846,-15.576398777147,-15.2927779167225,-14.6871957955498,-14.208790200261,-14.0501736473427,-14.0618244751552,-13.9584881183467,-14.2310117784006,-14.0564682924718,-13.8975403138309,-13.9002280676962,-13.8727402668814,-13.9122013616954,-14.5915743180775,NaN,NaN,NaN,NaN,NaN,NaN,NaN,NaN,NaN,NaN,NaN,NaN,NaN,NaN,NaN,NaN,NaN,NaN,NaN,NaN,NaN,NaN,NaN,NaN,NaN,NaN,NaN,NaN,NaN,NaN,NaN,NaN,NaN,NaN,NaN,NaN,NaN,NaN,NaN,NaN,NaN,NaN,NaN,NaN,NaN,NaN,NaN,NaN,NaN,NaN,NaN,NaN,NaN,NaN,NaN,NaN,NaN,NaN,NaN,NaN,NaN,NaN,NaN,NaN,NaN,NaN,NaN,NaN,NaN,NaN,NaN,NaN
-16.2288228341288,-16.4337870004235,-16.3704383568345,-16.5536157685309,-16.5442794826604,-16.9852166557783,-17.6507674806995,-18.1976115954166,-18.5292368193086,-18.6872351673952,-18.6362111048114,-18.5139024526934,-17.9248126548817,-17.6750084011964,-17.7619524363517,-18.0103689568231,-18.3333545360979,-18.3175045997568,-18.20244953406,-18.1589395518558,-18.231515791215,-18.0251286531073,-18.0009092957981,-18.1676998268361,-18.3066614131315,-18.418734467426,-18.393695839624,-18.2349344583112,-18.1546843200749,-18.1306093502212,-18.2436380742105,-18.3469776533396,-18.5243444605432,-18.7750027652446,-19.0237891245162,-19.1863201538454,-19.3284043750578,-19.2460600916686,-19.1148673329373,-19.0638255897084,-19.1544743242496,-19.1883124968799,-19.026730974078,-19.0622329105071,-19.152518734201,-19.262428940063,-19.3769704016159,-19.3420441423772,-19.201652624492,-19.0387081136195,-18.8676764499382,-18.8034508791492,-18.5157954064074,-18.4869338809776,-18.3411754280135,-18.2266402481575,-18.2302305832731,-18.202778494492,-18.1549310341527,-18.1240915419041,-17.9897684958545,-18.0548627276538,-18.023958512596,-17.9749982845311,-18.0524820146002,-17.8606081547794,-17.8257661986758,-17.8550633841818,-17.8044649032694,-17.9291137378343,-17.8685495238468,-17.8883766677915,-17.6982374928837,-17.5724054403341,-17.3736371155655,-17.2611651240105,-17.1304241179039,-17.1229875895544,-17.063041303894,-17.0435261318402,-17.1116811681018,-17.1257356939491,-16.9744625846722,-16.8411607228762,-16.8325355165086,-16.7054867428587,-16.5040328946944,-16.284374688606,-15.9255911350626,-15.5799153858164,-15.3795465984117,-14.9055881624506,-14.511230080297,-14.3910925088707,-14.321281645951,-14.6687807971525,-14.8605098391248,-14.5905974957454,-14.4471278029159,-14.3625371524847,-14.0725623557619,-14.5971582215023,NaN,NaN,NaN,NaN,NaN,NaN,NaN,NaN,NaN,NaN,NaN,NaN,NaN,NaN,NaN,NaN,NaN,NaN,NaN,NaN,NaN,NaN,NaN,NaN,NaN,NaN,NaN,NaN,NaN,NaN,NaN,NaN,NaN,NaN,NaN,NaN,NaN,NaN,NaN,NaN,NaN,NaN,NaN,NaN,NaN,NaN,NaN,NaN,NaN,NaN,NaN,NaN,NaN,NaN,NaN,NaN,NaN,NaN,NaN,NaN,NaN,NaN,NaN,NaN,NaN,NaN,NaN,NaN,NaN,NaN,NaN,NaN
-16.2198923251788,-16.3866515913803,-16.4425614242257,-16.6334997672895,-16.6532063163729,-17.1871421178916,-17.8083652673145,-18.2726113028115,-18.585556148316,-18.779103158403,-18.6381124575177,-18.520522407393,-18.1936670682345,-18.0795776441227,-18.1169539972361,-18.2843306907834,-18.5678467001045,-18.4934536690635,-18.4185179140738,-18.3310588580999,-18.3685761210627,-18.2402092684191,-18.20755590757,-18.3626019371783,-18.5560698543813,-18.679285769416,-18.7329838080169,-18.6660773423854,-18.4764345762379,-18.3248866983708,-18.4159828323758,-18.3983724723986,-18.673694004483,-18.90636314149,-19.0781692042752,-19.135692628536,-19.3081521298682,-19.2754098208316,-19.0947543159656,-19.0508539447039,-19.1168632158299,-19.1209220726049,-19.0670211608672,-19.0554961342586,-19.0971921865441,-19.2504175514454,-19.2866514878611,-19.2932901272406,-19.1724691961287,-18.9857261628732,-18.694397261215,-18.5415492642089,-18.3983322269482,-18.2937868231598,-18.2126163355852,-18.1463991795209,-18.2029120525533,-18.1479813392779,-18.1862688107292,-18.1092304723891,-18.0184363284893,-18.041615567531,-18.0028279971585,-17.8808793584143,-17.9982036671378,-17.8717918677916,-17.8692171729729,-17.7992257668022,-17.8398715060149,-17.9222292760927,-17.8576325690916,-17.7717288663065,-17.6895994744652,-17.6300054182338,-17.4208394464007,-17.3257631765355,-17.1272765494624,-17.0382713930932,-17.0408674520287,-17.044666758938,-17.0366782644668,-17.012714451441,-16.8854135435392,-16.8588428179958,-16.7906847170333,-16.7535914495941,-16.5871618634967,-16.5629828780512,-16.4181348795671,-15.8598613360594,-15.5077619846759,-15.232605158691,-14.9864080962392,-14.8314828730277,-14.6202438530063,-14.8617667794995,-14.9953940245548,-15.1496785263358,-15.0006049631191,-14.5463137427595,-14.3189986167428,-14.4348735247395,NaN,NaN,NaN,NaN,NaN,NaN,NaN,NaN,NaN,NaN,NaN,NaN,NaN,NaN,NaN,NaN,NaN,NaN,NaN,NaN,NaN,NaN,NaN,NaN,NaN,NaN,NaN,NaN,NaN,NaN,NaN,NaN,NaN,NaN,NaN,NaN,NaN,NaN,NaN,NaN,NaN,NaN,NaN,NaN,NaN,NaN,NaN,NaN,NaN,NaN,NaN,NaN,NaN,NaN,NaN,NaN,NaN,NaN,NaN,NaN,NaN,NaN,NaN,NaN,NaN,NaN,NaN,NaN,NaN,NaN,NaN,NaN
-16.0045586690659,-16.3161996513772,-16.3924200161905,-16.6132007975257,-16.7489344230304,-17.3359054707386,-17.9695586507552,-18.3310852122127,-18.6610000039277,-18.9270590704234,-18.7777302287458,-18.6515789515652,-18.4378626026354,-18.4580485909568,-18.5157814590255,-18.615430760083,-18.7657997283134,-18.6127966769361,-18.7000584382964,-18.5384913726822,-18.6562084673758,-18.4790242798902,-18.4787195478931,-18.674933429716,-18.8721854035475,-18.9728516935859,-18.9941010189103,-18.8971483633791,-18.6956790744799,-18.4209924443672,-18.392206892088,-18.4639916580321,-18.7359883402673,-18.9109016225576,-19.0294016672012,-19.0376441067183,-19.1294516134672,-19.1671593636022,-19.0610153713799,-19.0823984609706,-19.1511751173832,-19.1175835276755,-19.1127093446842,-19.1837160825716,-19.2151809532212,-19.1884217687609,-19.1307931113963,-19.073017864665,-18.9185246099174,-18.7913345195062,-18.6433460981626,-18.5855740656116,-18.4836532017385,-18.4253193133227,-18.4046535257507,-18.3276263550443,-18.4269917605006,-18.3178157982854,-18.3015366748987,-18.2982630343328,-18.2965293726801,-18.143863525682,-18.1223151052876,-17.9934036692824,-18.015874053972,-17.9275468021988,-18.0457605991743,-18.001198977298,-17.9920052906208,-17.8582336229736,-17.8181841533981,-17.7681624810779,-17.5733804822875,-17.4407606733536,-17.3826677510448,-17.4282381679945,-17.3633621639697,-17.3611375714303,-17.2908377510736,-17.2139222585195,-17.022516635018,-16.9089964481288,-16.842521308111,-16.8336713591349,-16.7864447212663,-16.8068296622753,-16.6289911991047,-16.5208932136179,-16.5714792274046,-16.2884535152463,-15.7456649874547,-15.6122793131443,-15.5581706948229,-15.6487215066679,-15.4601959218421,-15.3538463283321,-15.5177172048132,-15.4644133126507,-14.9387284872686,-14.5500082128819,-14.0406679649124,-14.9783315779718,NaN,NaN,NaN,NaN,NaN,NaN,NaN,NaN,NaN,NaN,NaN,NaN,NaN,NaN,NaN,NaN,NaN,NaN,NaN,NaN,NaN,NaN,NaN,NaN,NaN,NaN,NaN,NaN,NaN,NaN,NaN,NaN,NaN,NaN,NaN,NaN,NaN,NaN,NaN,NaN,NaN,NaN,NaN,NaN,NaN,NaN,NaN,NaN,NaN,NaN,NaN,NaN,NaN,NaN,NaN,NaN,NaN,NaN,NaN,NaN,NaN,NaN,NaN,NaN,NaN,NaN,NaN,NaN,NaN,NaN,NaN,NaN
-15.9929593179281,-16.2845600911148,-16.4137453872881,-16.7229320204256,-17.0113949397464,-17.4758182073546,-18.1404961642474,-18.4931189183817,-18.6000908683838,-18.9583316139463,-18.9450585778466,-18.8192306984023,-18.6711840960026,-18.8319659230652,-18.9068304894245,-18.9594810062393,-19.002533947247,-18.8674256542065,-18.9313373713824,-18.8038015083332,-18.9011192490121,-18.7314371405328,-18.7627007753413,-18.9259058799912,-19.1151603583074,-19.1345424515436,-19.1032053884586,-18.9314296953818,-18.8515259865577,-18.6575097314538,-18.5349457567709,-18.6122803748553,-18.8729637902333,-18.8539438332912,-18.9236501028444,-18.8851439677373,-18.9668728619635,-18.9507444771916,-18.9788575717857,-19.0607491761747,-19.1064592051094,-19.0978029247931,-19.125181969202,-19.1620438499067,-19.2000800022759,-19.1213554713298,-19.1192734686787,-18.9828231202702,-18.9272504646893,-18.8736470303791,-18.8534469811271,-18.8104820424499,-18.7700751856665,-18.7989142549266,-18.7383388478468,-18.618485290658,-18.6284751029555,-18.5087478083808,-18.4611129585904,-18.4484046080647,-18.4288478458311,-18.3766537688577,-18.4462745748622,-18.3934475101767,-18.3839600584819,-18.3358082216086,-18.3561068171733,-18.445870663996,-18.4261278693511,-18.4020949075769,-18.3458935523495,-18.2609944716407,-18.2793971319043,-18.0874680113691,-18.0233931519541,-17.9336516503772,-17.8736618067793,-17.6594648328725,-17.4543175722704,-17.2623554023125,-17.1332715078406,-17.0455033459123,-16.9267814488389,-16.8303697209039,-16.820840950311,-16.7972200361093,-16.707354163126,-16.4448343736776,-16.54139063965,-16.4630490853484,-16.1233562241524,-15.7571515462397,-15.5968600659023,-15.6653710814044,-15.9704709890631,-15.6531756234994,-15.4623306981438,-15.5529030876893,-14.9337059853189,-14.8804157008449,-13.7303797421735,-13.5781099474064,-12.4705113979069,NaN,NaN,NaN,NaN,NaN,NaN,NaN,NaN,NaN,NaN,NaN,NaN,NaN,NaN,NaN,NaN,NaN,NaN,NaN,NaN,NaN,NaN,NaN,NaN,NaN,NaN,NaN,NaN,NaN,NaN,NaN,NaN,NaN,NaN,NaN,NaN,NaN,NaN,NaN,NaN,NaN,NaN,NaN,NaN,NaN,NaN,NaN,NaN,NaN,NaN,NaN,NaN,NaN,NaN,NaN,NaN,NaN,NaN,NaN,NaN,NaN,NaN,NaN,NaN,NaN,NaN,NaN,NaN,NaN,NaN,NaN
-16.0307553395887,-16.3762638976235,-16.3995218709956,-16.9316369137814,-17.1634293912696,-17.5129933428604,-18.1499233871456,-18.4535717939913,-18.6452864966132,-18.9278990536179,-19.1282076612588,-18.988563641404,-18.8640993210248,-19.1156031938048,-19.1384297494385,-19.1531762963964,-19.1337467057007,-19.0568879291765,-19.1328507867652,-19.0153832807997,-19.1528316695345,-19.0261004056206,-19.0589253293174,-19.061145711408,-19.1500436273235,-18.9948854496495,-18.9932996506327,-18.9610248260579,-18.9899095503542,-18.8013161638165,-18.6497034478226,-18.7553454777494,-18.9395115065491,-18.9543810839648,-18.9309881978195,-18.8495679982886,-18.8290553798645,-18.8134056590419,-18.8723404308722,-18.9539664483181,-19.0188008645051,-19.0753476101766,-19.1241720785569,-19.21443616437,-19.1768004182419,-19.2491329382721,-19.2479165036443,-19.2315471036757,-19.2238018548668,-19.1274003643309,-19.1875681242593,-19.1978386096745,-19.2574924721296,-19.1987800901791,-19.1142586105145,-19.0306534655905,-18.9703342907056,-18.9046949565752,-18.8491453826925,-18.7772175632282,-18.7888748191917,-18.7019478964261,-18.7127992548808,-18.5777931273183,-18.5388082348837,-18.4380757396323,-18.5730669540516,-18.6308572380482,-18.7109419547942,-18.665249207554,-18.6878789430129,-18.5380408691177,-18.5334823911455,-18.4971976857819,-18.4388185140101,-18.328392212537,-18.2010483762592,-18.0959912994913,-17.9358499407595,-17.8208913417214,-17.5933016204232,-17.543667180002,-17.2446678972334,-17.2168731855686,-17.0069124400517,-16.854681321237,-16.8145481392643,-16.5607600057351,-16.4663975548892,-16.5202282742491,-16.3157864686908,-16.0025608234928,-15.7281374366546,-15.7359228968468,-15.8039257770552,-15.8405517552488,-15.7867541774312,-15.8290257674058,-15.5342129586666,-15.6863145992632,-15.0325799357227,-14.9975676104107,-14.2816346573581,-13.1073587536526,NaN,NaN,NaN,NaN,NaN,NaN,NaN,NaN,NaN,NaN,NaN,NaN,NaN,NaN,NaN,NaN,NaN,NaN,NaN,NaN,NaN,NaN,NaN,NaN,NaN,NaN,NaN,NaN,NaN,NaN,NaN,NaN,NaN,NaN,NaN,NaN,NaN,NaN,NaN,NaN,NaN,NaN,NaN,NaN,NaN,NaN,NaN,NaN,NaN,NaN,NaN,NaN,NaN,NaN,NaN,NaN,NaN,NaN,NaN,NaN,NaN,NaN,NaN,NaN,NaN,NaN,NaN,NaN,NaN,NaN
-16.052636441751,-16.4930133633231,-16.5464620451823,-17.0780499935906,-17.3235019858455,-17.7573870511275,-18.1605440368832,-18.3100900449145,-18.6181052197337,-19.0094340364863,-19.1424781184841,-19.0912963712798,-19.0849550480852,-19.3575917705409,-19.3238543424158,-19.3419876149219,-19.3650016738259,-19.2632916807993,-19.2123264245277,-19.1275517968353,-19.3113504329224,-19.1577348450235,-19.1271669894516,-19.0704773133036,-19.0169043404616,-18.8973524194222,-18.9625536638012,-19.0242002234177,-19.1538585099361,-19.0977112731687,-18.9390006878222,-18.8981537862186,-18.9847790549932,-18.9586961335294,-18.9135976431613,-18.8127812160462,-18.7310715013894,-18.7599747228592,-18.944306647101,-18.9052116676177,-18.9324364664373,-19.1227046632177,-19.2871932516081,-19.4070366421295,-19.3683128717051,-19.4192318620928,-19.603795801309,-19.5482666283908,-19.5657923776665,-19.4991140412584,-19.458882186419,-19.4270837750778,-19.4356701312591,-19.3073938207502,-19.3044819555322,-19.1006338174725,-19.023960606904,-18.9228375483504,-18.8688348368743,-18.8319680313194,-18.8846840042022,-18.826263122276,-18.7701950119687,-18.7152194803772,-18.7234079715348,-18.6753289412995,-18.6847329956597,-18.7032093447177,-18.7418862042679,-18.7109992062042,-18.718635077841,-18.6053845245941,-18.6893917942922,-18.6590746405073,-18.5453334869427,-18.447398493894,-18.3385442044747,-18.2941348844254,-18.2146700216073,-18.1573766647945,-18.0160858230532,-17.9910711276949,-17.8670005120437,-17.7608964556381,-17.6512725199242,-17.351098192522,-17.2995258876134,-17.0591571488681,-16.817836380728,-16.4814184766752,-16.2358656016317,-16.0654527378581,-15.8683293537342,-15.637682073163,-15.6082803470216,-15.8483198948011,-15.8490378639403,-15.8391688278713,-15.7727431453737,-15.6168748974278,-14.9575322202069,-14.6446983194652,-14.6107386466053,-14.5405307690422,-13.9598082051558,NaN,NaN,NaN,NaN,NaN,NaN,NaN,NaN,NaN,NaN,NaN,NaN,NaN,NaN,NaN,NaN,NaN,NaN,NaN,NaN,NaN,NaN,NaN,NaN,NaN,NaN,NaN,NaN,NaN,NaN,NaN,NaN,NaN,NaN,NaN,NaN,NaN,NaN,NaN,NaN,NaN,NaN,NaN,NaN,NaN,NaN,NaN,NaN,NaN,NaN,NaN,NaN,NaN,NaN,NaN,NaN,NaN,NaN,NaN,NaN,NaN,NaN,NaN,NaN,NaN,NaN,NaN,NaN,NaN
-16.0623003846359,-16.5261628354052,-16.6298969843456,-17.2181353890165,-17.5478750005196,-17.8969848045713,-18.1695890333426,-18.2934462326992,-18.6078352308368,-18.963024484429,-19.1331677844317,-19.1992375258356,-19.3120667397291,-19.3985662266422,-19.4375483238476,-19.4627148309712,-19.4309721176537,-19.4287374169936,-19.3568872813989,-19.2623779922125,-19.3394764664038,-19.1567564479917,-19.1095613892293,-19.03870072346,-18.9349079041415,-18.9081597443031,-19.0556769851209,-19.2329595852335,-19.3676673391617,-19.3619510484773,-19.2674625773907,-19.1067628962361,-19.0783633547321,-19.0324802717141,-19.0071611443724,-18.9011059580446,-18.7554047474574,-18.8042930312873,-18.8860479489014,-18.8821806880395,-18.9906597332656,-19.1626829063082,-19.2791782061462,-19.4407844000131,-19.3469060292141,-19.3869758420319,-19.5362198215671,-19.6140514055569,-19.5302435060455,-19.4990958414531,-19.4718058655909,-19.3635171364009,-19.2415656645131,-19.1573624498374,-19.0702382844184,-19.0644397049285,-18.9869351191416,-18.8734233109708,-18.8975232682448,-18.8748011475017,-18.8436417893718,-18.9278900980982,-18.9062608801206,-18.8875951314511,-18.9303920532651,-18.89886400994,-18.9281940407982,-18.9534318801723,-18.9241814798283,-18.8945423961646,-18.970150339088,-18.978838958471,-18.9452579535244,-18.9331138059164,-18.8288903621333,-18.6375841432925,-18.5565653242988,-18.5719944502019,-18.5237205411427,-18.4701197275894,-18.3323005354172,-18.1842680347377,-18.1712663721135,-18.0673747093804,-17.9303676649031,-17.8260471197484,-17.6103968268894,-17.4529839319246,-17.325175634783,-17.0730648819643,-16.7627022072473,-16.2718731842415,-15.8971104231148,-15.6660237719443,-15.2696866773861,-15.36245329006,-15.7110522993686,-15.9711039513887,-15.7146167306227,-15.5635115620261,-14.7952004564136,-14.3235305816333,-13.7462555316386,-13.6385388508722,NaN,NaN,NaN,NaN,NaN,NaN,NaN,NaN,NaN,NaN,NaN,NaN,NaN,NaN,NaN,NaN,NaN,NaN,NaN,NaN,NaN,NaN,NaN,NaN,NaN,NaN,NaN,NaN,NaN,NaN,NaN,NaN,NaN,NaN,NaN,NaN,NaN,NaN,NaN,NaN,NaN,NaN,NaN,NaN,NaN,NaN,NaN,NaN,NaN,NaN,NaN,NaN,NaN,NaN,NaN,NaN,NaN,NaN,NaN,NaN,NaN,NaN,NaN,NaN,NaN,NaN,NaN,NaN,NaN,NaN
-16.0631876567182,-16.5476785630718,-16.7464287124847,-17.3270374023327,-17.6125508714625,-17.9472217933995,-18.1883657257119,-18.3191310763886,-18.6298154540358,-19.023055840715,-19.1903654384692,-19.2738796186931,-19.4163370068698,-19.4983890855447,-19.4256021908598,-19.4997944952277,-19.4685043203505,-19.4803887272144,-19.4422411316904,-19.3113979372565,-19.2996571014663,-19.2164199427582,-19.1601689873202,-19.0497042760978,-19.0251066890928,-18.9934212994365,-19.1439308656305,-19.291584304929,-19.4375499090963,-19.516288757605,-19.4254762772654,-19.3679371275907,-19.327551798713,-19.2084471653803,-19.0591582259648,-18.9235706141387,-18.822924039907,-18.7349615717023,-18.7924080717501,-18.8186370943116,-18.9348076887831,-19.0476672445043,-19.2917867871516,-19.3975900460819,-19.3926455249603,-19.443128979996,-19.482776260164,-19.5665885420145,-19.4392045580755,-19.4078170641612,-19.4153038643335,-19.3431076009704,-19.1607129044989,-19.1316668224657,-19.0679484911109,-19.0041082240956,-18.9305462637554,-18.8341875526529,-18.8011762456344,-18.8572085599767,-18.7587257411537,-18.7750700079111,-18.8093629070621,-18.878974396637,-18.9304172908052,-18.9433980789749,-18.9018600577995,-18.9008781180218,-18.8371163847126,-18.8377464809466,-18.8462002841025,-18.859436566672,-18.907042294052,-18.9560093016008,-18.9367560683712,-18.7695282681332,-18.7442581172082,-18.674270257049,-18.6605463040141,-18.5847826377929,-18.4115937343334,-18.3725554151101,-18.2227323582424,-18.0071322640478,-17.7711773732033,-17.7963582671501,-17.6241625532987,-17.5703720315453,-17.4517899307891,-17.3267725156845,-17.1268527787365,-16.7734352613162,-16.366438054339,-15.883688730471,-15.1714181767807,-14.9246716837881,-14.8758727770639,-15.4628060380062,-15.4311118671408,-15.4322521732438,-14.7069579626822,-14.6663732762908,-14.5578564912128,-14.0568266779231,NaN,NaN,NaN,NaN,NaN,NaN,NaN,NaN,NaN,NaN,NaN,NaN,NaN,NaN,NaN,NaN,NaN,NaN,NaN,NaN,NaN,NaN,NaN,NaN,NaN,NaN,NaN,NaN,NaN,NaN,NaN,NaN,NaN,NaN,NaN,NaN,NaN,NaN,NaN,NaN,NaN,NaN,NaN,NaN,NaN,NaN,NaN,NaN,NaN,NaN,NaN,NaN,NaN,NaN,NaN,NaN,NaN,NaN,NaN,NaN,NaN,NaN,NaN,NaN,NaN,NaN,NaN,NaN,NaN,NaN
-16.1384718795391,-16.5805229634132,-16.7289069162677,-17.3454725808807,-17.699834786388,-17.9738840959259,-18.2241672556578,-18.3457348906185,-18.5908047136338,-18.9257609347019,-19.1623920663554,-19.2922572599206,-19.3818272975124,-19.4439759302639,-19.5291001453371,-19.5569125555213,-19.5088882423034,-19.5216879613156,-19.4477476663158,-19.4678771118065,-19.3792232372739,-19.3029503013665,-19.2173534056827,-19.1540070329036,-19.1208458930859,-19.0699483284427,-19.1843573955998,-19.3688053280164,-19.4613096346872,-19.5224345564854,-19.5696831048318,-19.6146082914648,-19.5228464975216,-19.3606136733413,-19.2105250470435,-19.0308028477606,-18.9518257844236,-18.8380404326105,-18.7719512236609,-18.8314979617081,-19.0027237617264,-19.1287863775673,-19.4114343142423,-19.4542741706203,-19.4653003868761,-19.422430799537,-19.3680371252564,-19.4003246381099,-19.4098543263102,-19.378703116714,-19.4028646699211,-19.3758776091236,-19.1640043606617,-19.0350301587931,-19.0185744371813,-18.9686384785792,-18.9639754056651,-18.9186627264168,-18.8889011747281,-18.8784693477339,-18.8365530967402,-18.8000708768925,-18.7346672253792,-18.7354112592535,-18.6912274581844,-18.638548546283,-18.6370913916342,-18.6177818392238,-18.6182209627247,-18.6617799361446,-18.7130738048812,-18.840439544179,-18.8471731809179,-18.8997491423875,-18.9826040477689,-18.9709285029617,-18.9910185182079,-18.9645421850265,-18.9016607394507,-18.85725226935,-18.7519239077117,-18.6044004267149,-18.4888267404163,-18.220461040377,-17.9662869275141,-17.871806767387,-17.7440011931473,-17.6983618066352,-17.632960506181,-17.5647588148604,-17.4360887318948,-17.1518999263294,-16.7427861116535,-16.2767737018618,-15.7028320862796,-15.1346272979177,-14.7997067098344,-15.0032165868504,-15.2787848423351,-15.4961773419388,-15.309703951898,-14.9280993751579,-14.9795024636908,-13.9518614787713,-12.667844908929,NaN,NaN,NaN,NaN,NaN,NaN,NaN,NaN,NaN,NaN,NaN,NaN,NaN,NaN,NaN,NaN,NaN,NaN,NaN,NaN,NaN,NaN,NaN,NaN,NaN,NaN,NaN,NaN,NaN,NaN,NaN,NaN,NaN,NaN,NaN,NaN,NaN,NaN,NaN,NaN,NaN,NaN,NaN,NaN,NaN,NaN,NaN,NaN,NaN,NaN,NaN,NaN,NaN,NaN,NaN,NaN,NaN,NaN,NaN,NaN,NaN,NaN,NaN,NaN,NaN,NaN,NaN,NaN,NaN
-16.1914732609325,-16.6006969392079,-16.7538491421055,-17.343326746854,-17.7770225425778,-17.9922705704969,-18.1978277072683,-18.3702552529904,-18.482084087888,-18.8645204598244,-19.0896402677211,-19.2080425509639,-19.3539572839546,-19.4773348034361,-19.5895856763153,-19.6135742235542,-19.5239609096882,-19.4252228749486,-19.4361501721191,-19.5849174411542,-19.5457477654155,-19.4828810704772,-19.2962363983199,-19.2309804555511,-19.216490501194,-19.2043716353132,-19.3348193591009,-19.4303073459541,-19.5340231453868,-19.6532047714327,-19.7337448995324,-19.7895134412783,-19.687596583607,-19.4742948045007,-19.3488079722587,-19.1590000366047,-19.0570711606449,-18.9464364388472,-18.9148716061283,-18.9624156088139,-19.0884622070491,-19.1905635567355,-19.429143349305,-19.4912207292546,-19.4692204381082,-19.4531295092522,-19.4218907859841,-19.3608518413939,-19.4100598863409,-19.4342048467176,-19.4750184990233,-19.4009345804489,-19.3117121869042,-19.1849416056702,-19.1955096397304,-19.1118358947827,-19.0882050131736,-18.9622823169934,-18.9034120921934,-18.782449249903,-18.7126657006165,-18.6933866271489,-18.6897171300217,-18.6593013128472,-18.6962855439162,-18.6474393852238,-18.5755296750623,-18.6138600954178,-18.6258093628618,-18.6669507297098,-18.8054990002298,-18.9014442059481,-18.8954431403167,-18.9451312722292,-18.9531478281548,-18.9530518081964,-18.9996651503882,-19.0028478082222,-18.9400396333672,-18.9792705239011,-18.9756379817343,-18.8572229510258,-18.7329869248572,-18.5347482276543,-18.2448488295657,-17.8938409929029,-17.6638335620477,-17.6767550724516,-17.5697716466768,-17.4860590933695,-17.3391767128274,-17.3138534303818,-17.2888783826987,-16.8831564067344,-16.1578603056371,-15.5225184632436,-15.1582941218707,-14.9923936009913,-15.0534959993245,-15.5882142300161,-15.2568750296496,-15.2760962070104,-15.3121856729991,-15.4339437662158,-13.654360258328,NaN,NaN,NaN,NaN,NaN,NaN,NaN,NaN,NaN,NaN,NaN,NaN,NaN,NaN,NaN,NaN,NaN,NaN,NaN,NaN,NaN,NaN,NaN,NaN,NaN,NaN,NaN,NaN,NaN,NaN,NaN,NaN,NaN,NaN,NaN,NaN,NaN,NaN,NaN,NaN,NaN,NaN,NaN,NaN,NaN,NaN,NaN,NaN,NaN,NaN,NaN,NaN,NaN,NaN,NaN,NaN,NaN,NaN,NaN,NaN,NaN,NaN,NaN,NaN,NaN,NaN,NaN,NaN,NaN
-16.280410480937,-16.5744888460956,-16.7888844640513,-17.4510896785287,-17.7965604133568,-18.1507451115368,-18.2557394986403,-18.4360281028801,-18.5082161955365,-18.8140031023295,-19.0463352566583,-19.2233606854286,-19.4013180759112,-19.5610058651058,-19.5864175167451,-19.6060602297928,-19.4771927999138,-19.429457623522,-19.4508143110364,-19.6484338989698,-19.6097693512191,-19.5915494559125,-19.4375404267104,-19.3152234161882,-19.3236843868743,-19.4538753929208,-19.6100530614243,-19.6242862170713,-19.7803608773336,-19.822217489476,-19.8478485194388,-19.859768532721,-19.8820370599699,-19.7363450498793,-19.5696107628511,-19.365957214961,-19.2446523212682,-19.1550120954316,-19.1074839651064,-19.1198125809333,-19.2464242298299,-19.3055241900163,-19.4501052921053,-19.4601148756291,-19.4541800705655,-19.4767881865421,-19.4841610423035,-19.4983987407026,-19.5185438649287,-19.4800729893896,-19.4999346637576,-19.4507577860382,-19.3689544885739,-19.2772653542542,-19.2298325566869,-19.0782757521685,-19.0795620809093,-19.0152144700486,-18.9400757581229,-18.8474147957579,-18.7361659093328,-18.7334200492506,-18.692852774025,-18.652962321598,-18.6624628358148,-18.7077068907234,-18.7266986324281,-18.7566400438635,-18.7669551989657,-18.698179795183,-18.6588400503133,-18.8142572875321,-18.8565157310651,-18.994558098694,-19.012986146208,-18.9432262392459,-18.8604342471685,-18.954491983985,-18.9174284603541,-19.0347779761361,-19.0295379880895,-18.9884672223351,-18.9348511809109,-18.7390785334289,-18.4630645181027,-18.2307261581855,-17.8825552174951,-17.7916095695311,-17.6670119997582,-17.5318357914946,-17.4686417908495,-17.3459663516924,-17.3140477915376,-17.1753512861894,-16.6916558000534,-15.9707397581547,-15.2363725232348,-14.9724372314993,-14.9268933757111,-15.1242317651964,-15.3410576978421,-14.9774166535549,-14.7063622630854,-14.9014561442708,-14.4160934791825,NaN,NaN,NaN,NaN,NaN,NaN,NaN,NaN,NaN,NaN,NaN,NaN,NaN,NaN,NaN,NaN,NaN,NaN,NaN,NaN,NaN,NaN,NaN,NaN,NaN,NaN,NaN,NaN,NaN,NaN,NaN,NaN,NaN,NaN,NaN,NaN,NaN,NaN,NaN,NaN,NaN,NaN,NaN,NaN,NaN,NaN,NaN,NaN,NaN,NaN,NaN,NaN,NaN,NaN,NaN,NaN,NaN,NaN,NaN,NaN,NaN,NaN,NaN,NaN,NaN,NaN,NaN,NaN,NaN
-16.2569307880794,-16.4937399415631,-16.763354655232,-17.4509036312124,-17.7774692245284,-18.1667258725186,-18.3201460760769,-18.5515144002605,-18.5399044835856,-18.8151672725368,-18.97442852147,-19.2346903398362,-19.4198715710787,-19.5624572077675,-19.6575634503982,-19.6499949137399,-19.4386414455616,-19.40948696764,-19.4993124696836,-19.7258206604243,-19.7909106361496,-19.7544060099291,-19.6755576510473,-19.5683215217553,-19.5711716375055,-19.6670684459409,-19.8083829371507,-19.8393766018168,-19.9317080550098,-19.9665679171289,-19.9404504112815,-19.879101467448,-19.8940541279525,-19.7987295992955,-19.7606691112978,-19.5621751666764,-19.4240007342988,-19.3663587806653,-19.3059793247415,-19.297395942991,-19.3815061930086,-19.4325084767093,-19.5521192850532,-19.55750798459,-19.5503474726304,-19.5623777632912,-19.5977097280108,-19.6149466132074,-19.5599552455811,-19.5560151296369,-19.5318024028391,-19.5584177103188,-19.52582092452,-19.4462724941566,-19.3362743914298,-19.2130440810373,-19.1428242882882,-19.0334176977095,-18.9792313504528,-18.9517784169255,-18.8430920084757,-18.8043779183945,-18.6983967575347,-18.6675074971507,-18.7513617734874,-18.7498735105867,-18.732177737405,-18.77007891506,-18.7369612638657,-18.7847789123971,-18.7504626371921,-18.8371265282275,-18.8509122512987,-18.9600933575728,-18.9867567328602,-18.9249094399632,-18.8715441607295,-18.9165592532821,-18.8732481882469,-18.9597520569254,-18.9855452375823,-18.9849167700484,-18.9254533887004,-18.8636581365363,-18.6729545920291,-18.447956598859,-18.1993332206734,-18.0542924270525,-17.83495511793,-17.6969232803661,-17.6353057196116,-17.6447214222908,-17.3431827245284,-17.1232571736482,-16.7935548207239,-16.3142254851786,-15.7540309468475,-15.2108271867596,-15.2147719221571,-15.2571919401573,-14.8735163933721,-15.06908666854,-14.7077258011096,-15.0652624503585,-14.533047681177,NaN,NaN,NaN,NaN,NaN,NaN,NaN,NaN,NaN,NaN,NaN,NaN,NaN,NaN,NaN,NaN,NaN,NaN,NaN,NaN,NaN,NaN,NaN,NaN,NaN,NaN,NaN,NaN,NaN,NaN,NaN,NaN,NaN,NaN,NaN,NaN,NaN,NaN,NaN,NaN,NaN,NaN,NaN,NaN,NaN,NaN,NaN,NaN,NaN,NaN,NaN,NaN,NaN,NaN,NaN,NaN,NaN,NaN,NaN,NaN,NaN,NaN,NaN,NaN,NaN,NaN,NaN,NaN,NaN
-16.1570422346813,-16.450615692165,-16.7799981262983,-17.3749951838162,-17.7471803930806,-18.2105100531512,-18.407535243485,-18.5748175919017,-18.6251061645031,-18.8224012794997,-19.0613785704941,-19.2075303624972,-19.3360472996033,-19.4599711881841,-19.5610846285608,-19.5093610565821,-19.4229346298947,-19.3921676496919,-19.5820669016188,-19.7962925756289,-19.8883567159494,-19.8978667993369,-19.8669671459238,-19.7932277472853,-19.9437207409055,-19.9374709791032,-20.0162097682864,-20.0262779150709,-19.9985792718408,-20.0475942324774,-20.0534181122363,-20.0099671165815,-19.9587939909298,-19.8155112695463,-19.859770829208,-19.6629200576047,-19.5232278722648,-19.5043713919982,-19.4796166952619,-19.374949401819,-19.4005941961707,-19.5627587459247,-19.5899028435239,-19.6147831651364,-19.6867068769735,-19.6456096060318,-19.6787531813006,-19.6596090264061,-19.6498012777945,-19.6255669060058,-19.6884807121849,-19.6745153841293,-19.643833659332,-19.5592502797845,-19.4958281604626,-19.446944494809,-19.4700610437486,-19.3332032048469,-19.2170649124042,-19.0781341220872,-19.0323622980689,-18.9225462856694,-18.8250145938088,-18.7700926626645,-18.7327375952806,-18.7295419818333,-18.7259939981963,-18.6983224666312,-18.7114430441414,-18.7892420645308,-18.8256085548346,-18.9316036896245,-18.9882431785833,-18.9594605550534,-18.9097633641449,-18.8758828382381,-18.8542817936997,-18.9321553060813,-18.8573205009569,-18.9196896016834,-18.8879177398669,-18.8566186209807,-18.8179716454906,-18.7323767608129,-18.7189595330725,-18.6038194594599,-18.3690480916284,-18.3256224591809,-18.1325072958182,-17.8382192687927,-17.5329587573935,-17.544032889309,-17.4240822893441,-17.247047637457,-17.1005631186054,-16.4880417343381,-16.0430068906326,-15.6108131636441,-15.1669900790939,-15.1708612495574,-15.1381091850777,-14.8672910325193,-14.4570653182175,-13.9418602777517,-12.976871650178,-12.2302269212575,NaN,NaN,NaN,NaN,NaN,NaN,NaN,NaN,NaN,NaN,NaN,NaN,NaN,NaN,NaN,NaN,NaN,NaN,NaN,NaN,NaN,NaN,NaN,NaN,NaN,NaN,NaN,NaN,NaN,NaN,NaN,NaN,NaN,NaN,NaN,NaN,NaN,NaN,NaN,NaN,NaN,NaN,NaN,NaN,NaN,NaN,NaN,NaN,NaN,NaN,NaN,NaN,NaN,NaN,NaN,NaN,NaN,NaN,NaN,NaN,NaN,NaN,NaN,NaN,NaN,NaN,NaN,NaN
-16.2056637192534,-16.4032807647048,-16.7847805748274,-17.4358602833527,-17.7481839584595,-18.2599407861527,-18.5422783871681,-18.7217953579645,-18.7335197401877,-18.860147497834,-19.0792814089731,-19.2392638381688,-19.3215510779837,-19.4437008537989,-19.6063043779175,-19.4924706899662,-19.4255169968442,-19.40072619689,-19.575932560211,-19.844166404342,-19.963269943649,-20.0081544874417,-20.0068141715196,-19.9208634734763,-20.0407162756355,-20.0815834629021,-20.206937405669,-20.2090130656084,-20.0626192985033,-20.0848391511372,-20.0322415244477,-19.9982320952608,-19.9916470825719,-19.9530080448638,-19.9204244572787,-19.7803240630129,-19.6953317032684,-19.6422185240534,-19.5762025816886,-19.4566768614937,-19.4269185862789,-19.598438645561,-19.6922714219859,-19.7339275894828,-19.7449429148124,-19.6923919534871,-19.6364493231933,-19.6493456781784,-19.6163260477639,-19.6191643398757,-19.672311589919,-19.6926234758705,-19.7202876858101,-19.6691654640798,-19.6325749097692,-19.614964677521,-19.6228611380476,-19.5060160936092,-19.3224868922146,-19.2566243616096,-19.1795240545051,-19.1341257411216,-19.0396121702314,-18.9056554968015,-18.8723338565767,-18.8191314236817,-18.873152876011,-18.845086535855,-18.8243473785058,-18.7969927316807,-18.8844168201716,-18.9426550890281,-19.0061397710843,-19.0257403342928,-18.9884132609149,-18.9616792810484,-19.0007748791615,-19.0648275265704,-18.977452905893,-18.9644758442549,-18.8902704555986,-18.8933189703542,-18.8277563713838,-18.7501983469597,-18.6695229373741,-18.5008504216688,-18.3102347896689,-18.1853034268131,-18.0774717165203,-17.8627037444872,-17.5596507743769,-17.161131082717,-17.0781379225674,-16.8985086667947,-16.6473405280022,-16.4147727540824,-15.8617534837363,-15.4110555445326,-15.1637474926397,-15.3809961044449,-15.0796152498187,-14.9522756076965,-14.325409166518,-14.3665936889333,-14.101881347621,-13.0830081078794,NaN,NaN,NaN,NaN,NaN,NaN,NaN,NaN,NaN,NaN,NaN,NaN,NaN,NaN,NaN,NaN,NaN,NaN,NaN,NaN,NaN,NaN,NaN,NaN,NaN,NaN,NaN,NaN,NaN,NaN,NaN,NaN,NaN,NaN,NaN,NaN,NaN,NaN,NaN,NaN,NaN,NaN,NaN,NaN,NaN,NaN,NaN,NaN,NaN,NaN,NaN,NaN,NaN,NaN,NaN,NaN,NaN,NaN,NaN,NaN,NaN,NaN,NaN,NaN,NaN,NaN,NaN,NaN
-16.2449821008625,-16.3913239357438,-16.7514485695888,-17.4577850006461,-17.8840579251335,-18.2780872288083,-18.460147485603,-18.7537764703151,-18.6827817366281,-18.6981419752704,-18.9722668197081,-19.1777943539544,-19.2998002411665,-19.4254498701918,-19.5849814149545,-19.5139534694478,-19.4364077438982,-19.4107213274974,-19.5643390465788,-19.8561857839777,-19.9592872095859,-20.1118900925499,-20.0755302598196,-20.0473056157675,-20.1848177442208,-20.245284040453,-20.3388109040694,-20.2133640978415,-20.0662160592695,-20.0206189110947,-19.9670544243867,-19.942964359838,-19.9790360338412,-20.0432434158832,-20.0249956937481,-19.8924381260815,-19.7702185942902,-19.6485991058437,-19.6350354661947,-19.5052137548006,-19.5554831683382,-19.7247485933905,-19.8143509656653,-19.8713054719835,-19.9155252849338,-19.8670349575943,-19.7815410301266,-19.6662915708432,-19.6140154747424,-19.6345384293016,-19.7277348042538,-19.8142548897537,-19.8479149774707,-19.8115950206587,-19.7834885145431,-19.6959480138701,-19.627593723709,-19.5089940411352,-19.4016564278853,-19.3607965631489,-19.2712211000313,-19.1941544614726,-19.1191690167666,-19.0203428516912,-18.9204783285471,-18.8119817290473,-18.8121375153163,-18.722305148754,-18.7690399987241,-18.7382558666588,-18.7490639924729,-18.7814888471805,-18.8106932158807,-18.791627795304,-18.8187602681804,-18.8209185876157,-18.7916585529319,-18.8938072042527,-18.8830417312755,-18.9000227292198,-18.9365517422553,-18.9934000984098,-19.0023337502645,-18.9408547110309,-18.8141368653362,-18.6880400787592,-18.5252493341337,-18.3174547139943,-18.1193007727551,-18.0074161198444,-17.6623588787534,-17.2373337882187,-16.8389217354974,-16.7719524959781,-16.4267480939153,-16.1661240138128,-15.9491366666857,-15.5773998918437,-15.3504043489359,-15.6534193002632,-15.37399052869,-14.9312714001709,-14.1951076705266,-13.716308526321,-12.9597576499354,-12.6059023787327,-12.913243761741,NaN,NaN,NaN,NaN,NaN,NaN,NaN,NaN,NaN,NaN,NaN,NaN,NaN,NaN,NaN,NaN,NaN,NaN,NaN,NaN,NaN,NaN,NaN,NaN,NaN,NaN,NaN,NaN,NaN,NaN,NaN,NaN,NaN,NaN,NaN,NaN,NaN,NaN,NaN,NaN,NaN,NaN,NaN,NaN,NaN,NaN,NaN,NaN,NaN,NaN,NaN,NaN,NaN,NaN,NaN,NaN,NaN,NaN,NaN,NaN,NaN,NaN,NaN,NaN,NaN,NaN,NaN
-16.2264304962662,-16.3318712072166,-16.71459680377,-17.4905510602053,-17.9701697847295,-18.294484094947,-18.5181018550157,-18.6692259710696,-18.5515473031294,-18.6514924104479,-18.8274566422331,-19.0543772673872,-19.2931567846814,-19.4113321923567,-19.5275215206387,-19.4343842181817,-19.4269894114947,-19.4245985636277,-19.6544761113263,-19.8931461522845,-20.0010827622413,-20.1242886294779,-20.1550280198036,-20.1615776102446,-20.3115373266687,-20.3657821926992,-20.4087751885565,-20.2259693057979,-20.1153540526856,-20.0409664854907,-19.9886425173578,-19.9006752972225,-19.8603980274426,-19.9849375690332,-19.9793239839186,-19.8425129342299,-19.7406021723205,-19.5587687278208,-19.5891050418934,-19.5717901769377,-19.6640010835653,-19.7524062440851,-19.7751903266494,-19.8553872366894,-19.8076489321725,-19.7790550101161,-19.7223198957856,-19.6978907962861,-19.6866831119407,-19.6568537295349,-19.8027709068102,-19.8658363024105,-19.9646226294969,-19.9022966461451,-19.8035641177195,-19.7033387609216,-19.5991700170228,-19.451674019578,-19.3286847733194,-19.2771811091837,-19.1828685304118,-19.1352288789471,-19.0814566538009,-18.9694082761309,-18.9122033232488,-18.8377980361621,-18.8547614625458,-18.7696253177426,-18.7588367739816,-18.7001028269721,-18.7188630356195,-18.6936237809447,-18.6939667432473,-18.6584929278931,-18.7300634066188,-18.7022029523576,-18.7082149203373,-18.6733014409834,-18.7109303010417,-18.7352055274732,-18.8593615299538,-18.9695427002363,-19.0890626328305,-19.0668830058314,-18.8856504795756,-18.6348126357432,-18.4025626819804,-18.2387219039072,-18.0529466869985,-17.8809403025076,-17.6639556308695,-17.2504397370617,-16.8581022871891,-16.7636840311872,-16.40763213428,-16.070260217109,-16.0570695882414,-15.886376306912,-15.7348119120048,-15.680261351009,-15.478896987481,-15.4253385771514,-14.7129359656411,-14.2763015383048,-13.53907663605,-12.7506274606876,-13.5786309626276,NaN,NaN,NaN,NaN,NaN,NaN,NaN,NaN,NaN,NaN,NaN,NaN,NaN,NaN,NaN,NaN,NaN,NaN,NaN,NaN,NaN,NaN,NaN,NaN,NaN,NaN,NaN,NaN,NaN,NaN,NaN,NaN,NaN,NaN,NaN,NaN,NaN,NaN,NaN,NaN,NaN,NaN,NaN,NaN,NaN,NaN,NaN,NaN,NaN,NaN,NaN,NaN,NaN,NaN,NaN,NaN,NaN,NaN,NaN,NaN,NaN,NaN,NaN,NaN,NaN,NaN,NaN
-16.1864581507118,-16.2812161939839,-16.7016964966855,-17.502297823225,-17.9986409798522,-18.214463184911,-18.5195806933443,-18.6146838488107,-18.4450961447229,-18.4999283440009,-18.7082177587085,-18.8874526973266,-19.2123206071487,-19.3828785772506,-19.4711946094471,-19.3684718961641,-19.4787733265072,-19.4111010213868,-19.6556604543468,-19.8384594152978,-19.9906450156968,-20.1644790376104,-20.2760273740184,-20.349274723398,-20.4161638272552,-20.3426285246963,-20.4430984282628,-20.2530925901553,-20.1510507487208,-20.0861270044325,-19.9821123433196,-19.9417273221693,-19.8471951416458,-19.8742307685674,-19.8951389153195,-19.731295151775,-19.7271622060733,-19.6495641668732,-19.6609338952203,-19.6772682690644,-19.7939195782502,-19.7267958442018,-19.7001814378962,-19.773343766262,-19.757187133388,-19.8200241728608,-19.7201580576303,-19.7147362089981,-19.6483270460102,-19.5844642672267,-19.7410126596828,-19.8587634458775,-19.932387859028,-19.9754104118137,-19.8869718597601,-19.7732056952381,-19.6140474628204,-19.4837307783217,-19.3944997909567,-19.3038900536878,-19.2070548572082,-19.1435871123269,-19.0659580098446,-18.9460971779718,-18.8716974540883,-18.8405942878126,-18.8358580950194,-18.7770933577922,-18.7145685334198,-18.6460824731007,-18.5584114169389,-18.4928366449125,-18.4812710830853,-18.5061011609756,-18.6060251267679,-18.6831778253644,-18.6659272409522,-18.6571196031203,-18.6205665428321,-18.6897894316452,-18.780965754098,-18.89129095245,-18.9795178733176,-18.9904209316608,-18.7773383888394,-18.6079406972945,-18.3727337868545,-18.2155536621112,-18.0824133000776,-17.9578740579805,-17.615328479662,-17.1837765020459,-16.8430460643223,-16.7350727587972,-16.5327516316623,-16.2129471258661,-15.9085686843518,-15.8583213741991,-15.9368910269824,-15.9472592127668,-15.7015684308902,-15.6371942236734,-15.0982031152618,-14.3448101896844,-13.3002792197793,-12.008431729072,-11.5952138956068,NaN,NaN,NaN,NaN,NaN,NaN,NaN,NaN,NaN,NaN,NaN,NaN,NaN,NaN,NaN,NaN,NaN,NaN,NaN,NaN,NaN,NaN,NaN,NaN,NaN,NaN,NaN,NaN,NaN,NaN,NaN,NaN,NaN,NaN,NaN,NaN,NaN,NaN,NaN,NaN,NaN,NaN,NaN,NaN,NaN,NaN,NaN,NaN,NaN,NaN,NaN,NaN,NaN,NaN,NaN,NaN,NaN,NaN,NaN,NaN,NaN,NaN,NaN,NaN,NaN,NaN,NaN
-16.3368207404451,-16.2757449649042,-16.7766854446727,-17.4849002279508,-17.9284024661998,-18.1601362330993,-18.4757620397292,-18.6566946501969,-18.4013317015348,-18.5150960299576,-18.6564253017465,-18.8724082415446,-19.1852822525341,-19.2595252287363,-19.3243473044586,-19.3465097165778,-19.4478956812192,-19.3700892210838,-19.5478167149139,-19.7414958798537,-19.9852338480144,-20.2237606447313,-20.3833900735017,-20.5209851408628,-20.5215569027332,-20.4978140416943,-20.4947089911648,-20.377288757862,-20.2664703226503,-20.1899719903023,-20.0485164234512,-19.9048546618782,-19.8839669054674,-19.9005359356451,-19.8734226826325,-19.6985653647557,-19.6871985314193,-19.6134865000361,-19.6609760301897,-19.638948056274,-19.761548176919,-19.810202643902,-19.7396251013699,-19.7019116706335,-19.7358034167204,-19.6737357687515,-19.6230553523293,-19.5678880269961,-19.6373300047874,-19.5438886928754,-19.6550867460521,-19.7624432397479,-19.9228479878026,-19.9219990290969,-19.8888978387091,-19.7009726273188,-19.6223365442025,-19.5562398713467,-19.5056076778446,-19.393814690104,-19.2996245411131,-19.2143346915165,-19.1489395527774,-19.0205086659533,-18.9570631639845,-18.9031953405799,-18.8605089892296,-18.6945303282012,-18.6354018793506,-18.6257724590438,-18.558976411724,-18.5139866016776,-18.4879193568336,-18.4348784363156,-18.5093049390276,-18.5713975239647,-18.718763765966,-18.7482760744352,-18.7628324852988,-18.7526259814053,-18.8274198849623,-18.923391612688,-18.9648637920652,-18.932131339049,-18.843984092139,-18.6175372896953,-18.4151411502168,-18.306727477029,-18.0389558372735,-17.8155568384029,-17.5898526312304,-17.2160282249465,-16.9663234511827,-16.8726666678597,-16.8804830944205,-16.4616868778014,-16.2898820301191,-15.9827410507012,-15.9966775721955,-16.2360004503971,-15.9764265542509,-15.7514071632279,-15.3621701748052,-14.976941149001,-13.925197432329,-12.4779066724919,-11.9848910753013,NaN,NaN,NaN,NaN,NaN,NaN,NaN,NaN,NaN,NaN,NaN,NaN,NaN,NaN,NaN,NaN,NaN,NaN,NaN,NaN,NaN,NaN,NaN,NaN,NaN,NaN,NaN,NaN,NaN,NaN,NaN,NaN,NaN,NaN,NaN,NaN,NaN,NaN,NaN,NaN,NaN,NaN,NaN,NaN,NaN,NaN,NaN,NaN,NaN,NaN,NaN,NaN,NaN,NaN,NaN,NaN,NaN,NaN,NaN,NaN,NaN,NaN,NaN,NaN,NaN,NaN,NaN
-16.321511030161,-16.2336450540894,-16.7534782699162,-17.4435513362184,-17.8389259037347,-18.0077811181519,-18.2537448295581,-18.576012374787,-18.4502440563942,-18.4956034004915,-18.6081753510148,-18.8562816967995,-19.0794625791821,-19.2676905962095,-19.2498496616123,-19.2592199544821,-19.2533942543137,-19.3050250623961,-19.5297376386537,-19.6750712737548,-19.9724033460002,-20.3072400149267,-20.4547241215471,-20.7033211486975,-20.682244571112,-20.6252938788033,-20.6474864745375,-20.4751458012158,-20.3693264635611,-20.2722033897858,-20.1452578179974,-19.9461164661473,-19.8851392247118,-19.8077100607646,-19.7787544432891,-19.6386361928666,-19.6587336289988,-19.6228120443104,-19.6497988481091,-19.6076937503833,-19.7450000139526,-19.8472714579822,-19.8334842326932,-19.7729795662,-19.7389051323894,-19.7147958353765,-19.6622921880399,-19.5653246717657,-19.6595641287415,-19.6105819906141,-19.6114993025893,-19.7089138793104,-19.7799975092739,-19.819866273301,-19.7617685044957,-19.7005674152875,-19.6072133768565,-19.5777588431237,-19.5520661237857,-19.4458739114135,-19.3120564230896,-19.2297263603374,-19.1040233236178,-19.0572918038874,-18.9885625036067,-18.917827424511,-18.8454416639905,-18.7433485864357,-18.6730772667448,-18.5902655097316,-18.4676555606991,-18.3685531488404,-18.3621085363895,-18.3479189376321,-18.4517219112242,-18.5686527765038,-18.7204671296475,-18.7657914874404,-18.8328917023898,-18.7587380963258,-18.8256027775423,-18.9123520694695,-18.9828331207775,-18.9611335723128,-18.9004659821612,-18.7311840418585,-18.4710707570824,-18.2335870587528,-18.0577640066405,-17.8515713669927,-17.5066330139327,-17.2574332021388,-17.0889473237856,-16.9834722331653,-16.8374134537344,-16.7667194988869,-16.4354922882463,-16.3102046355506,-16.3673725461896,-16.6420954532687,-16.6212430289557,-16.6760547269494,-16.2154493639109,-15.6375371319462,-14.8077012775068,-13.2920426456791,-11.7394740905721,NaN,NaN,NaN,NaN,NaN,NaN,NaN,NaN,NaN,NaN,NaN,NaN,NaN,NaN,NaN,NaN,NaN,NaN,NaN,NaN,NaN,NaN,NaN,NaN,NaN,NaN,NaN,NaN,NaN,NaN,NaN,NaN,NaN,NaN,NaN,NaN,NaN,NaN,NaN,NaN,NaN,NaN,NaN,NaN,NaN,NaN,NaN,NaN,NaN,NaN,NaN,NaN,NaN,NaN,NaN,NaN,NaN,NaN,NaN,NaN,NaN,NaN,NaN,NaN,NaN,NaN,NaN
-16.4226169887419,-16.2064580457881,-16.6906627006239,-17.4269369366047,-17.7038234514518,-17.9488831637229,-18.0786754625307,-18.5778024589666,-18.5310837329823,-18.5506179987053,-18.5882343395571,-18.7977258798443,-18.9859478016223,-19.2695100346665,-19.2142851708113,-19.2647045947089,-19.2353779052753,-19.2586765882979,-19.4398856788611,-19.7377812738754,-20.030139218848,-20.3024399972439,-20.5282949601694,-20.8636117225839,-20.7708090543537,-20.7659253322707,-20.7787239554258,-20.6125635407137,-20.5260975496845,-20.4148193717834,-20.2256663308406,-19.9676723120792,-19.8282608125223,-19.7248817097592,-19.7002014375605,-19.6083978939818,-19.7099784154686,-19.7368577278485,-19.7317458914315,-19.7487841036732,-19.8374037410622,-19.8028427131025,-19.8673531765863,-19.76601985188,-19.7181952724377,-19.6940150758673,-19.6566956442019,-19.525229884633,-19.5187922715557,-19.5765121053836,-19.5609144252834,-19.5762111764396,-19.6757738973385,-19.714720424713,-19.7380747627074,-19.7229255032956,-19.7237652178808,-19.6247606243643,-19.5816765273167,-19.4999343803112,-19.4180416706761,-19.3163338758067,-19.2171240818618,-19.1789462196991,-19.0822952267675,-18.9313017391258,-18.8107263288246,-18.8263299269608,-18.6640299328925,-18.5410388971863,-18.3960015039638,-18.3603435261114,-18.3974986358882,-18.4695271546764,-18.5882950872343,-18.7015852505266,-18.8522462858336,-18.9336880655835,-18.8734383274481,-18.8465107812016,-18.8780514430445,-19.0005431663577,-19.0785730932222,-19.104611957397,-19.0187907381647,-18.8498131046868,-18.6468269284462,-18.322715843314,-18.212214295907,-17.9210317399555,-17.6615910474015,-17.3469473158217,-17.1501012979363,-17.0718864274239,-16.9855070441356,-16.9863840357539,-16.7926539108768,-16.6242163667666,-16.715762308315,-16.9447561104585,-17.1653849562179,-17.0297076341964,-16.7368256809318,-16.3289879125811,-15.1462148959865,-13.8977764808837,-12.4910967564589,NaN,NaN,NaN,NaN,NaN,NaN,NaN,NaN,NaN,NaN,NaN,NaN,NaN,NaN,NaN,NaN,NaN,NaN,NaN,NaN,NaN,NaN,NaN,NaN,NaN,NaN,NaN,NaN,NaN,NaN,NaN,NaN,NaN,NaN,NaN,NaN,NaN,NaN,NaN,NaN,NaN,NaN,NaN,NaN,NaN,NaN,NaN,NaN,NaN,NaN,NaN,NaN,NaN,NaN,NaN,NaN,NaN,NaN,NaN,NaN,NaN,NaN,NaN,NaN,NaN,NaN,NaN
-16.536308334961,-16.2350175394623,-16.6607053137546,-17.2535731333222,-17.5476589593326,-17.8292550915901,-17.9421511985677,-18.5795887019958,-18.5179215284719,-18.4609036145125,-18.5219414624284,-18.6592199183626,-18.9666164424609,-19.2347635050488,-19.2066232529306,-19.2990803100063,-19.3336220446303,-19.3430732908573,-19.4714555163126,-19.7312246872519,-20.0832551510174,-20.2632097958257,-20.5984698181376,-20.866505732358,-20.8245869986953,-20.8749372185187,-20.8932720873038,-20.6882206466591,-20.594791134556,-20.3759715805984,-20.1588835189008,-19.9773315786534,-19.8631156517094,-19.7280731394106,-19.650779972153,-19.6226665396068,-19.6826911032755,-19.7996381308619,-19.7497518908257,-19.7401745337879,-19.8922474819623,-19.8639385533861,-19.8898587563115,-19.8094880109382,-19.8157070289791,-19.7609903315965,-19.7496762725074,-19.6036940679349,-19.556821274152,-19.5724916162685,-19.5851535850871,-19.5528512394299,-19.6065672959055,-19.6752400574397,-19.7685361185529,-19.7999342238942,-19.8228924672711,-19.731735418248,-19.6970020710236,-19.5623535628077,-19.4533927216551,-19.3853731418067,-19.2764280723484,-19.1953672811138,-19.0718481037278,-18.9682739852766,-18.8225559951503,-18.7138816111063,-18.5639282426747,-18.4242298085109,-18.3716461750435,-18.2740463519359,-18.3442402020046,-18.4617436776819,-18.6034757216347,-18.730510686557,-18.9744195627825,-19.0248786038333,-18.9776720131632,-18.8970966514731,-18.9760950109036,-18.989351310359,-19.0112273557689,-19.0066806000808,-18.9986488670534,-18.8684490519128,-18.7473699718608,-18.4993797879083,-18.3831215624449,-17.9570517313699,-17.5449149074166,-17.3469173165643,-17.0924072669873,-16.9948768275024,-16.9562380467963,-16.9690818449116,-16.7545628746543,-16.8410411044441,-16.9167770484681,-17.0650998709273,-17.3017281138968,-17.2481438943919,-16.8318918022306,-16.2568287671801,-15.5349131331255,-14.0144218105546,-12.8667948726496,NaN,NaN,NaN,NaN,NaN,NaN,NaN,NaN,NaN,NaN,NaN,NaN,NaN,NaN,NaN,NaN,NaN,NaN,NaN,NaN,NaN,NaN,NaN,NaN,NaN,NaN,NaN,NaN,NaN,NaN,NaN,NaN,NaN,NaN,NaN,NaN,NaN,NaN,NaN,NaN,NaN,NaN,NaN,NaN,NaN,NaN,NaN,NaN,NaN,NaN,NaN,NaN,NaN,NaN,NaN,NaN,NaN,NaN,NaN,NaN,NaN,NaN,NaN,NaN,NaN,NaN,NaN
-16.6022421786473,-16.2676821971917,-16.649825497469,-17.1824412830107,-17.4605446063062,-17.7686683458277,-17.9003559118483,-18.4944264348749,-18.451914229482,-18.3441387990367,-18.3907989149133,-18.597265530343,-18.9387869729488,-19.3325710023213,-19.3154105801856,-19.3737317065208,-19.3647663801417,-19.3348873849007,-19.4826144466089,-19.8364260013233,-20.0674726576275,-20.2710194218039,-20.5716331718004,-20.8461830205283,-20.8442317308887,-20.865325133918,-20.9609107810124,-20.7707084648857,-20.6463026916893,-20.3420241450908,-20.1234984006394,-20.0085226813112,-19.9037904487049,-19.7698458701281,-19.7355009591161,-19.7210914785596,-19.7968747323669,-19.8289011733498,-19.7986252323514,-19.8087823838131,-19.9199028995409,-19.8479813471715,-19.946039003123,-19.8237904369365,-19.8382586094899,-19.7348937766451,-19.6816502337349,-19.6439331849883,-19.6809767115599,-19.5730694073522,-19.6196645607208,-19.5701770069427,-19.607089908257,-19.655494010872,-19.7596469948292,-19.7969533680336,-19.8067466247708,-19.7768197605633,-19.8007683686267,-19.6380791088156,-19.529182181648,-19.3631823926689,-19.2333982986102,-19.129848951995,-19.0435620345006,-18.8744437089443,-18.7643639085972,-18.6489194012865,-18.5297525918677,-18.36246124257,-18.3062545398182,-18.2937240893892,-18.3651943660877,-18.4897619185363,-18.63995983527,-18.7348057640469,-18.9004669867396,-18.8659023133554,-18.8381492397181,-18.8125679550525,-18.9276516133165,-19.036458473074,-19.0388603415912,-18.9922616911316,-18.931323988062,-18.837706696961,-18.7343154312993,-18.4519246981139,-18.3370204350248,-17.9802684983672,-17.4498320688434,-17.2189964059439,-17.1089422663062,-17.112085054991,-16.9419792739189,-16.9458812459326,-16.9148750313552,-17.0373633029847,-17.2358196102418,-17.4616752359302,-17.6301577911054,-17.3316049437989,-17.1913602125746,-16.82689421341,-16.0911955436246,-14.8836256847658,-13.5497762528056,NaN,NaN,NaN,NaN,NaN,NaN,NaN,NaN,NaN,NaN,NaN,NaN,NaN,NaN,NaN,NaN,NaN,NaN,NaN,NaN,NaN,NaN,NaN,NaN,NaN,NaN,NaN,NaN,NaN,NaN,NaN,NaN,NaN,NaN,NaN,NaN,NaN,NaN,NaN,NaN,NaN,NaN,NaN,NaN,NaN,NaN,NaN,NaN,NaN,NaN,NaN,NaN,NaN,NaN,NaN,NaN,NaN,NaN,NaN,NaN,NaN,NaN,NaN,NaN,NaN,NaN,NaN
-16.7384429866486,-16.302707415856,-16.6471805994018,-17.1533838734279,-17.4131397483748,-17.7352359720858,-17.868952729857,-18.3280925988125,-18.4112568431697,-18.3075328752595,-18.2469319941854,-18.541542064829,-18.8709583631589,-19.2915991633637,-19.3507287899681,-19.3890422178217,-19.2846554930916,-19.4295708859327,-19.5717096513709,-19.8995156329337,-20.0808192308768,-20.3007060470146,-20.6311349873012,-20.8014323802118,-20.9008322568227,-20.8988364549073,-20.9551663653822,-20.7759219701939,-20.6378377880847,-20.3505073641887,-20.1582063648181,-19.985042012793,-19.8258536244124,-19.7542115737399,-19.7037273438129,-19.7100776432338,-19.7931601348549,-19.8282126979732,-19.8088852727615,-19.8755288392619,-19.9174335156432,-19.9017752335519,-19.9357132358423,-19.8003427893436,-19.8672867543278,-19.7787802699627,-19.7301309169054,-19.7778441104879,-19.8008191964701,-19.7175208581993,-19.687467979426,-19.6009654756482,-19.6672708485492,-19.6748354833355,-19.7051567270796,-19.7812107086521,-19.7520611774804,-19.8083125823515,-19.8270558750293,-19.6817848543124,-19.5374129663085,-19.3609585232251,-19.2181241747435,-19.0473761622214,-18.8713349739526,-18.6699844333282,-18.5868138961578,-18.443632018393,-18.3918053184159,-18.3027821955296,-18.292983182397,-18.3164398136873,-18.4080803240909,-18.481193430088,-18.5833720815837,-18.640420786568,-18.7905576702054,-18.7555010737472,-18.7990544952258,-18.876100649082,-19.0734644293663,-19.1931151014516,-19.2360768767353,-19.2412210953233,-19.0951039321735,-18.859673355145,-18.8273917997898,-18.532139756393,-18.2263408038922,-17.9266676623245,-17.4183309687012,-17.1314623331241,-17.1843176849776,-17.0911656982234,-17.1022813805666,-17.0108367839296,-17.0231781864919,-17.078209957996,-17.3130615334981,-17.5429716545294,-17.6402011968709,-17.4138805247878,-16.9815031486669,-16.6152736900835,-16.2046716642972,-14.9928023404834,-13.8971343563632,NaN,NaN,NaN,NaN,NaN,NaN,NaN,NaN,NaN,NaN,NaN,NaN,NaN,NaN,NaN,NaN,NaN,NaN,NaN,NaN,NaN,NaN,NaN,NaN,NaN,NaN,NaN,NaN,NaN,NaN,NaN,NaN,NaN,NaN,NaN,NaN,NaN,NaN,NaN,NaN,NaN,NaN,NaN,NaN,NaN,NaN,NaN,NaN,NaN,NaN,NaN,NaN,NaN,NaN,NaN,NaN,NaN,NaN,NaN,NaN,NaN,NaN,NaN,NaN,NaN,NaN,NaN
-16.7244978903156,-16.3337089771846,-16.7195538922548,-17.1677177011029,-17.3066857580881,-17.7474019391274,-17.7971222713518,-18.2200667866242,-18.3867417629892,-18.2717043119558,-18.2850873542128,-18.5387802469328,-18.8332228839293,-19.2350075719214,-19.331092226,-19.3361421798616,-19.3003534474216,-19.4515331530575,-19.6113486994564,-19.9072173432655,-20.0841585671321,-20.3585329127257,-20.5579023519354,-20.7924335793314,-20.8954579879344,-20.9321302296654,-20.9573867738762,-20.748627349812,-20.6273860604094,-20.3618415304713,-20.1376796280483,-19.9379976538779,-19.7817764918565,-19.7627930563019,-19.6908295480555,-19.7075412141483,-19.8492574417821,-19.7529522232645,-19.76552675589,-19.8151925236729,-19.9266100115547,-19.9224073615317,-19.9786246452391,-19.8209246796198,-19.8790280598534,-19.7758342311261,-19.7965064782754,-19.7530358510676,-19.8229472780749,-19.6980835052075,-19.7173694408565,-19.6188791523654,-19.680087469258,-19.7137405167707,-19.7284817334274,-19.7453631486984,-19.6996795350871,-19.7722408317111,-19.7537936238646,-19.6099584873015,-19.4493686118065,-19.2192805155071,-19.1233558226007,-18.9102663844401,-18.8223961499628,-18.6104489444189,-18.571719861294,-18.3474840103344,-18.2745218647669,-18.2017043520717,-18.1684371345711,-18.1479196430931,-18.2265490383246,-18.351670038106,-18.4661369942379,-18.5519878463766,-18.5757038234004,-18.5915929483497,-18.7307549225612,-18.8997583871926,-19.0647699909997,-19.1302763740265,-19.1122336549702,-19.1228224749111,-19.0621204965107,-18.8130893747389,-18.6728229971142,-18.376754028842,-18.118195878399,-17.8706086790958,-17.5141574137224,-17.3877401680391,-17.2661943901707,-17.1923279625628,-17.1932922027144,-17.1227647979959,-17.0645262893894,-17.2949253099104,-17.5666636810311,-17.7020921946857,-17.6894161187332,-17.5207645177417,-17.1923024545167,-17.0753950678568,-16.5125159358694,-15.3979585922684,-14.117941836178,NaN,NaN,NaN,NaN,NaN,NaN,NaN,NaN,NaN,NaN,NaN,NaN,NaN,NaN,NaN,NaN,NaN,NaN,NaN,NaN,NaN,NaN,NaN,NaN,NaN,NaN,NaN,NaN,NaN,NaN,NaN,NaN,NaN,NaN,NaN,NaN,NaN,NaN,NaN,NaN,NaN,NaN,NaN,NaN,NaN,NaN,NaN,NaN,NaN,NaN,NaN,NaN,NaN,NaN,NaN,NaN,NaN,NaN,NaN,NaN,NaN,NaN,NaN,NaN,NaN,NaN,NaN
-16.8105295834923,-16.4640164799547,-16.8458250377421,-17.1310848875403,-17.335766688795,-17.7544344237579,-17.815126938821,-18.2060320137562,-18.4274994965126,-18.1974331693682,-18.2573167439267,-18.4537179299381,-18.7870078393369,-19.1037744867073,-19.3234438398911,-19.3243369682426,-19.2654387424272,-19.4243695933877,-19.5068940081451,-19.850128493011,-20.0859228204727,-20.35157887232,-20.501626141811,-20.7415135516152,-20.7446944314453,-20.8816203399479,-20.8567721711166,-20.7058433317981,-20.5609014500148,-20.301374826214,-20.1352448670605,-19.9371382242881,-19.7767119235669,-19.8168938461552,-19.7216427404268,-19.7029464790151,-19.7469614173193,-19.610746489689,-19.6892640168085,-19.808841966353,-19.8555122560284,-19.8413995664206,-19.8294715218544,-19.8398895754392,-19.8205580951673,-19.7365687167838,-19.7232135708423,-19.7602870118603,-19.7052944136232,-19.5942320932203,-19.5749558756618,-19.5649710022759,-19.6043907267343,-19.6629180085259,-19.640868610274,-19.6569628515278,-19.6219976129231,-19.634755861423,-19.6363454967592,-19.5170472152641,-19.4434933094652,-19.3096217302415,-19.1377368249449,-18.8829280022675,-18.7522315745625,-18.5927068075371,-18.5484940471741,-18.3473216359046,-18.3043115624592,-18.2392839760607,-18.2166110463675,-18.1248292356169,-18.2175549530924,-18.2713444692242,-18.4022521329528,-18.4423775116796,-18.5553866816319,-18.5556273045688,-18.639933119878,-18.7525364014879,-18.8878120992972,-18.9065836646915,-18.8712179825587,-18.9414270194166,-18.8878082628896,-18.6379401959721,-18.5657847647984,-18.2071600684956,-18.0375020034404,-17.762487903478,-17.5654108038021,-17.5266960389415,-17.3845020691626,-17.3237342575813,-17.2612365890562,-17.3954143625596,-17.2939993989546,-17.5254118605794,-17.6662465301723,-17.9044968069593,-17.8114152092438,-17.8283914513274,-17.4767285480113,-16.9982859579391,-16.5093405961491,-15.2746476820437,-14.1381557072328,NaN,NaN,NaN,NaN,NaN,NaN,NaN,NaN,NaN,NaN,NaN,NaN,NaN,NaN,NaN,NaN,NaN,NaN,NaN,NaN,NaN,NaN,NaN,NaN,NaN,NaN,NaN,NaN,NaN,NaN,NaN,NaN,NaN,NaN,NaN,NaN,NaN,NaN,NaN,NaN,NaN,NaN,NaN,NaN,NaN,NaN,NaN,NaN,NaN,NaN,NaN,NaN,NaN,NaN,NaN,NaN,NaN,NaN,NaN,NaN,NaN,NaN,NaN,NaN,NaN,NaN,NaN
-16.9349626836079,-16.6152255182593,-16.9222066719014,-17.0891974213843,-17.3546070132809,-17.8361296803113,-17.7581815015772,-18.0748204012689,-18.3212506909065,-18.2037533418721,-18.2126977075296,-18.3719750108783,-18.6418540266495,-18.9894326667504,-19.2824691262545,-19.300243264637,-19.280353935654,-19.3406111614588,-19.4382601038189,-19.8162749091443,-20.0779655873675,-20.3207265807306,-20.5083421191313,-20.7272728445025,-20.7352517422994,-20.8395339265192,-20.7740451591696,-20.6461676627581,-20.4826894871523,-20.2762046094049,-20.1957049418499,-19.9792783838009,-19.8168549156096,-19.8399800572201,-19.7558170852918,-19.7760203503713,-19.6923827216665,-19.5436220227671,-19.6445664234567,-19.6785158814694,-19.7440217362288,-19.7449216107997,-19.6816241285927,-19.6454278435193,-19.6920915984867,-19.6185190337027,-19.5944074802042,-19.5963029879404,-19.6217934752997,-19.6232711128269,-19.5950986118634,-19.550781829459,-19.5560275193968,-19.5437119925614,-19.5593311519509,-19.5465992546356,-19.6010573026774,-19.5417817790069,-19.4781458679048,-19.3526681860055,-19.2929056858242,-19.164613176614,-19.0656032714023,-18.8004487621753,-18.6359305668675,-18.4564293304014,-18.4603424969186,-18.3403019478869,-18.2891490802205,-18.2645984008847,-18.2678801958617,-18.1512410710218,-18.2522004421114,-18.3050410429065,-18.4327428707435,-18.4309491652236,-18.4684428884692,-18.5797160662449,-18.6846195037425,-18.7906540281136,-18.9008685383327,-18.9438761836865,-18.9858009734199,-18.8179136163295,-18.8511568216408,-18.6644080476331,-18.5040290245243,-18.2578595714699,-17.9427950148695,-17.6821940866835,-17.5876964154535,-17.5556333347126,-17.4245675295615,-17.2851808353481,-17.3002918033474,-17.4106078718553,-17.3898209310292,-17.6137680044375,-17.7842871516614,-17.9406763905204,-17.8564849082382,-17.9455563542215,-17.8394236481755,-17.4457649552951,-16.996575005236,-15.6012069643386,-14.5070124101994,NaN,-16.6155859103143,NaN,NaN,NaN,NaN,NaN,NaN,NaN,NaN,NaN,NaN,NaN,NaN,NaN,NaN,NaN,NaN,NaN,NaN,NaN,NaN,NaN,NaN,NaN,NaN,NaN,NaN,NaN,NaN,NaN,NaN,NaN,NaN,NaN,NaN,NaN,NaN,NaN,NaN,NaN,NaN,NaN,NaN,NaN,NaN,NaN,NaN,NaN,NaN,NaN,NaN,NaN,NaN,NaN,NaN,NaN,NaN,NaN,NaN,NaN,NaN,NaN,NaN,NaN,NaN,NaN
-17.0491845601276,-16.7283782500169,-16.9541710277592,-17.1443642227096,-17.4034260041866,-17.8080476735037,-17.710938783353,-17.9701795574476,-18.2141408239679,-18.2194014091841,-18.2611134607476,-18.3222643410137,-18.5342114596199,-18.8115550369209,-19.176699814994,-19.2142237948568,-19.248978696098,-19.2524043469752,-19.3085734811673,-19.6490776580657,-20.0129542278642,-20.3753180518394,-20.5671493123583,-20.7595449834856,-20.7113723793289,-20.7351923226338,-20.6542610918636,-20.5072459410715,-20.3509305790175,-20.2151077918808,-20.1502161760051,-19.9406363966192,-19.7789909881477,-19.7633144999306,-19.7422113554117,-19.8175426631311,-19.7124473600796,-19.6037796715289,-19.6237316545011,-19.5775754858458,-19.6036607568165,-19.6653826305377,-19.5225005269201,-19.5776156217265,-19.4857758716302,-19.3978037039681,-19.3405843954199,-19.3434046476909,-19.4572263069044,-19.5257763657631,-19.5696260241532,-19.5540988586087,-19.5667165701396,-19.5330612411701,-19.562161637728,-19.5770788071142,-19.5844427882376,-19.6179290157378,-19.5322349928332,-19.3586609131472,-19.2378533949181,-19.1053943788507,-18.9749338716618,-18.8267411322743,-18.7407814866875,-18.5589390536103,-18.4790224879727,-18.4689784300847,-18.3689535388831,-18.2299847068994,-18.2435792126869,-18.2912702342986,-18.3586674368003,-18.4417271053323,-18.5207861204931,-18.4886284200919,-18.4612104468131,-18.5017380157598,-18.6057863451198,-18.7512244423567,-18.9141800001066,-18.9475920218721,-18.9557150037429,-18.7442669803286,-18.7015730870729,-18.6014157117542,-18.3547874784513,-18.0350612818416,-17.8402378949307,-17.7818575834274,-17.8716159936482,-17.7995815076496,-17.4689386075478,-17.3277769344961,-17.4046412942583,-17.5569325243958,-17.4842287834706,-17.7083140784974,-17.8973731691209,-17.9859714748675,-17.85480928613,-18.1027560604823,-17.9103617187747,-17.4398919278444,-17.0735838209725,-15.8165996270959,-14.9965732740694,-13.7186301445329,-15.2521634159191,NaN,NaN,NaN,NaN,NaN,NaN,NaN,NaN,NaN,NaN,NaN,NaN,NaN,NaN,NaN,NaN,NaN,NaN,NaN,NaN,NaN,NaN,NaN,NaN,NaN,NaN,NaN,NaN,NaN,NaN,NaN,NaN,NaN,NaN,NaN,NaN,NaN,NaN,NaN,NaN,NaN,NaN,NaN,NaN,NaN,NaN,NaN,NaN,NaN,NaN,NaN,NaN,NaN,NaN,NaN,NaN,NaN,NaN,NaN,NaN,NaN,NaN,NaN,NaN,NaN
-17.2292362006067,-16.9322185828678,-17.0299890327481,-17.2734266688003,-17.5253755797916,-17.9362840678423,-17.7914688431603,-18.0249878150948,-18.1929711262297,-18.1549834114453,-18.2790223135454,-18.3184918778882,-18.5344597375653,-18.7315357304496,-19.0421884821263,-19.1837324465096,-19.2410865385257,-19.2193602429452,-19.2380111509799,-19.5619729753778,-19.9417289644232,-20.3499125495362,-20.5647293879545,-20.7879406620789,-20.733803364014,-20.6423915393983,-20.5329817328085,-20.4385474032193,-20.3205579973084,-20.2303743472796,-20.1285961166785,-19.8997734314771,-19.7466553300999,-19.7608541744443,-19.7415721360288,-19.7332807456123,-19.6598925812121,-19.5083352839048,-19.528610405821,-19.3886649344757,-19.5518544790283,-19.4172821075048,-19.2940605836754,-19.2951729748613,-19.3126994573759,-19.2822467160581,-19.2248811599366,-19.1800414129079,-19.2278631930687,-19.4001689633579,-19.4002795134662,-19.3837352792231,-19.4214634259449,-19.4042275308446,-19.4462353146287,-19.4226983525164,-19.4309344106401,-19.5449105421912,-19.492896282594,-19.3330666143993,-19.2040629495232,-19.0771090141218,-18.9243472494538,-18.8107309088727,-18.7325964306446,-18.6474731761376,-18.6280560070617,-18.5972774706306,-18.4578530362793,-18.3527671758793,-18.3512276348471,-18.4405663850474,-18.5014846038766,-18.4878539592502,-18.5159629495205,-18.5226370481363,-18.5167701125237,-18.561337901262,-18.6309822086924,-18.6697819559048,-18.7146508458167,-18.7798765053176,-18.8096578020963,-18.6462903545504,-18.5961815628116,-18.4824751576759,-18.3404587679008,-18.0427475319818,-18.0212846418465,-18.0084263951405,-18.0409702117403,-17.9919317634192,-17.6772786336125,-17.5398483756863,-17.4105973031321,-17.4297320717179,-17.5346363946889,-17.6099850921059,-17.7391368646959,-17.8874947462657,-17.9514720424422,-18.2394106266576,-18.0326610348865,-17.7085765973631,-17.2736620528939,-15.9299306698532,-14.9417393299429,-13.2707193359546,NaN,NaN,NaN,NaN,NaN,NaN,NaN,NaN,NaN,NaN,NaN,NaN,NaN,NaN,NaN,NaN,NaN,NaN,NaN,NaN,NaN,NaN,NaN,NaN,NaN,NaN,NaN,NaN,NaN,NaN,NaN,NaN,NaN,NaN,NaN,NaN,NaN,NaN,NaN,NaN,NaN,NaN,NaN,NaN,NaN,NaN,NaN,NaN,NaN,NaN,NaN,NaN,NaN,NaN,NaN,NaN,NaN,NaN,NaN,NaN,NaN,NaN,NaN,NaN,NaN,NaN
-17.336906003441,-17.0504397684992,-17.1666394518459,-17.4059331721872,-17.650627736196,-17.9654917170095,-17.8509086687337,-17.9917824080428,-18.1907956435548,-18.1506087462164,-18.227064920798,-18.305160244772,-18.5562043252692,-18.7475915754061,-19.0506271084044,-19.1498003625878,-19.2344040656047,-19.1886768732337,-19.1889790208357,-19.5466804364774,-19.9038601793762,-20.2338581613847,-20.5569613824433,-20.743402483057,-20.6630746080633,-20.5570910429976,-20.4503268071761,-20.3987403649932,-20.3548725407985,-20.2340897418218,-20.0885480422984,-19.9459673856311,-19.8651776188466,-19.8439388495067,-19.7445929651035,-19.6962677659902,-19.5428819708262,-19.4398120857871,-19.4429026842698,-19.4511398581485,-19.5117801552391,-19.4650022680098,-19.3714164027443,-19.3183947653721,-19.1806320808966,-19.2147628904885,-19.1592520928775,-19.183735091612,-19.1469565127044,-19.3389628342823,-19.3228908546291,-19.3410291946662,-19.3446966887043,-19.3583167058561,-19.4043782150353,-19.4071836814609,-19.421926528531,-19.4373977164114,-19.3569995204369,-19.1958979110184,-19.0888450219945,-19.0496937299881,-18.884334437963,-18.8234730602138,-18.7472685701323,-18.6940868788374,-18.6569853812831,-18.7127754999725,-18.6075374126182,-18.540397388361,-18.5477052887654,-18.6390839307032,-18.5869964997255,-18.5977803303316,-18.6615341774622,-18.6629652214959,-18.6213299274939,-18.6227419091109,-18.6157040026589,-18.6316662875228,-18.7231875633581,-18.7726053465005,-18.8704641661324,-18.6751101647774,-18.5495114432628,-18.4725261811541,-18.272274780962,-18.0800210710366,-18.0378268479676,-18.0050699358038,-18.1234586251255,-18.1674154682963,-18.0041212181229,-17.8241809103869,-17.5651672189454,-17.5136939872605,-17.6086788312482,-17.7439601912622,-17.6272527668765,-17.8098249838196,-17.8607247961106,-18.161087847025,-17.9213814562744,-17.5255819126807,-17.2917703969025,-16.049863443661,-14.6246285616039,NaN,NaN,NaN,NaN,NaN,NaN,NaN,NaN,NaN,NaN,NaN,NaN,NaN,NaN,NaN,NaN,NaN,NaN,NaN,NaN,NaN,NaN,NaN,NaN,NaN,NaN,NaN,NaN,NaN,NaN,NaN,NaN,NaN,NaN,NaN,NaN,NaN,NaN,NaN,NaN,NaN,NaN,NaN,NaN,NaN,NaN,NaN,NaN,NaN,NaN,NaN,NaN,NaN,NaN,NaN,NaN,NaN,NaN,NaN,NaN,NaN,NaN,NaN,NaN,NaN,NaN,NaN
-17.459833040556,-17.2264688251006,-17.3178949028344,-17.5350387301477,-17.7389063510485,-18.0047485504423,-17.9633726390854,-18.0276505031444,-18.2743198321094,-18.0414947051958,-18.2095673503586,-18.2889845260272,-18.5033518964619,-18.6895593599739,-19.0194059624519,-19.0618730582338,-19.0937084936611,-19.1631048359826,-19.1862614291626,-19.4878510676274,-19.8169647902915,-20.1365835341595,-20.4586040109655,-20.6364685659284,-20.6280532370243,-20.5568514031238,-20.4264717313269,-20.3989448719231,-20.4132047106593,-20.2512024706231,-20.0579528516292,-19.9761819280502,-19.8906148050274,-19.8487027658046,-19.747847238804,-19.5994705834858,-19.5407372333216,-19.45574816843,-19.4415898315721,-19.4280465300479,-19.4991516924147,-19.3267166330814,-19.320510820007,-19.2311314096269,-19.1896068593732,-19.133183637612,-19.0833092649991,-19.1059553244858,-19.0845269904805,-19.2117590932045,-19.2065430682346,-19.2374586602698,-19.3295857381117,-19.3304763642,-19.3583421600945,-19.3990219567463,-19.4159444739166,-19.3018442155042,-19.2522680351592,-19.1252702742531,-19.0278856583618,-18.9632783871467,-18.8015464238187,-18.801363532127,-18.7512992450817,-18.6952210929296,-18.6819740290094,-18.7117642272585,-18.6646256944418,-18.6313334007154,-18.6437695686584,-18.6644262001237,-18.7164772034027,-18.6710516310512,-18.7545880368873,-18.7793440614036,-18.7499432327597,-18.7575273695961,-18.7071438988135,-18.722912034656,-18.8496739486914,-18.8430439021042,-18.910220011844,-18.7243780770534,-18.6289784953789,-18.5042592934561,-18.3059218547547,-18.2471631679695,-18.228339183043,-18.2335122820759,-18.3790585601783,-18.2617877422476,-18.1863846664342,-18.0800761829579,-17.864049876051,-17.5267412379169,-17.4278530492132,-17.6784465614458,-17.6231277407565,-17.8343399837093,-17.9836752919725,-18.1803952762381,-18.2211015706271,-17.7557446811989,-17.4411983634344,-16.2174628571404,-14.9526327331915,NaN,NaN,NaN,-17.1627403996337,-17.7066371137837,NaN,NaN,NaN,NaN,NaN,NaN,NaN,NaN,NaN,NaN,NaN,NaN,NaN,NaN,NaN,NaN,NaN,NaN,NaN,NaN,NaN,NaN,NaN,NaN,NaN,NaN,NaN,NaN,NaN,NaN,NaN,NaN,NaN,NaN,NaN,NaN,NaN,NaN,NaN,NaN,NaN,NaN,NaN,NaN,NaN,NaN,NaN,NaN,NaN,NaN,NaN,NaN,NaN,NaN,NaN,NaN,NaN,NaN,NaN,NaN,NaN,NaN
-17.5794930384466,-17.330335439438,-17.4255859915045,-17.6878298419653,-17.8534918215736,-18.1387379967117,-18.1771001859606,-18.2167628801102,-18.3881224274127,-18.2199317195287,-18.2844923702985,-18.322072632767,-18.5258948951951,-18.6849591816884,-19.0006052876972,-18.9372033613097,-19.0543951441472,-19.1699901799381,-19.2181990245771,-19.4611020902863,-19.7012588987446,-20.0803123181316,-20.464417265233,-20.6210963256296,-20.6548531737142,-20.6737404960802,-20.5033982887107,-20.4567499421341,-20.4570986956632,-20.3054878666823,-20.1141266929137,-20.0152732560092,-19.9039952831985,-19.8626893489642,-19.7509714718119,-19.6255822701241,-19.5666049372416,-19.5478882807528,-19.4395401498052,-19.4326170821047,-19.4691074729478,-19.3729831328565,-19.2608822137739,-19.1958839537342,-19.1263127128884,-19.1431020154415,-19.0485707028968,-19.0574055762734,-19.0605634078706,-19.1995714772581,-19.2107925217708,-19.1603895652988,-19.2365636736787,-19.2337241314485,-19.2288930887152,-19.2828638905686,-19.2689261324053,-19.2459803454394,-19.246581951858,-19.1725669473881,-19.0696992150779,-18.9244350146832,-18.7342947354329,-18.6563323794545,-18.6932371798872,-18.6528642449076,-18.7257275435061,-18.7766491274429,-18.7581866168703,-18.6879521525729,-18.6803449036523,-18.7373009645397,-18.8368366178194,-18.7995811076199,-18.839774453256,-18.8534838346432,-18.8247469810122,-18.8056206456689,-18.7971292238699,-18.8566900644919,-18.9130490629152,-19.0134533172219,-19.0403410904811,-18.8041636767875,-18.6599496829164,-18.5961437411407,-18.4147381220613,-18.3950700341197,-18.4007822438546,-18.4831245924608,-18.5602136114297,-18.4299333269093,-18.3001010381423,-18.0963964631052,-17.9424606053486,-17.7562368602455,-17.586725573871,-17.6802933369803,-17.7970840929488,-18.1287564677963,-18.3161438318302,-18.3766278871429,-18.3258001783022,-17.7720097956995,-17.5799529702346,-16.7957425939063,-15.7959447694546,-13.8233685871959,NaN,-17.0626649079792,-17.7610525431032,-17.2128921819445,NaN,NaN,NaN,NaN,NaN,NaN,NaN,NaN,NaN,NaN,NaN,NaN,NaN,NaN,NaN,NaN,NaN,NaN,NaN,NaN,NaN,NaN,NaN,NaN,NaN,NaN,NaN,NaN,NaN,NaN,NaN,NaN,NaN,NaN,NaN,NaN,NaN,NaN,NaN,NaN,NaN,NaN,NaN,NaN,NaN,NaN,NaN,NaN,NaN,NaN,NaN,NaN,NaN,NaN,NaN,NaN,NaN,NaN,NaN,NaN,NaN,NaN
-17.7419663671481,-17.4279453054285,-17.5326772651185,-17.7620674451643,-17.9799000673115,-18.2051261741212,-18.3668120510739,-18.3414390589644,-18.5184749222055,-18.4709169597863,-18.495710312464,-18.3489948045566,-18.5346213486541,-18.6602387547748,-18.9602619090969,-18.903146531304,-19.0465870600382,-19.1791984255846,-19.2409991092675,-19.5024003947844,-19.6814894197209,-20.0719848570837,-20.5136458860508,-20.6412139000407,-20.6843555882711,-20.7073394395211,-20.5724280978964,-20.5014155246617,-20.4818689099425,-20.2958468701271,-20.1114784463109,-20.0163595189817,-19.9071351560539,-19.8622178165274,-19.7389488499927,-19.6832084713139,-19.6200670089987,-19.5561644946195,-19.4517731176019,-19.3963689025892,-19.3291491456988,-19.3555810714337,-19.2385509251199,-19.1429854643389,-19.1003726189955,-19.1081129046358,-19.0558588635661,-19.126122380796,-19.1230673353579,-19.2723653012953,-19.2460641518276,-19.1897678666396,-19.2160384450365,-19.170626092995,-19.1859451235684,-19.1925415289392,-19.2190449189504,-19.2335589625047,-19.3190793126146,-19.2089584588094,-19.086197036223,-18.9817919475479,-18.7649744342441,-18.7187776908425,-18.7211981415871,-18.6719519706047,-18.686175456324,-18.7846394430001,-18.7148682625941,-18.7237302684254,-18.7829330592138,-18.8584594790017,-19.0187945123741,-19.0087783037462,-18.9675637984075,-18.8797770010459,-18.7743051179548,-18.8648031771885,-18.8525856586265,-18.8846630161227,-18.9521395825274,-19.0679752781558,-19.2220933962393,-19.0392928039119,-18.85395828411,-18.6167051961792,-18.5327749211323,-18.5613894911087,-18.5917510639223,-18.6484271437483,-18.7299575047747,-18.6006245265834,-18.3199030537435,-18.1742429512952,-18.0823394976801,-17.9364962648563,-17.6696375829864,-17.7323534068008,-18.1205385428627,-18.3551733769983,-18.4678874361545,-18.553309574779,-18.6672793601665,-18.1505117968279,-17.6958956529087,-16.9449758713314,-16.6198067094724,-16.2954991176246,-16.1830940156264,-16.0914386418336,-16.3186114019275,NaN,NaN,NaN,NaN,NaN,NaN,NaN,NaN,NaN,NaN,NaN,NaN,NaN,NaN,NaN,NaN,NaN,NaN,NaN,NaN,NaN,NaN,NaN,NaN,NaN,NaN,NaN,NaN,NaN,NaN,NaN,NaN,NaN,NaN,NaN,NaN,NaN,NaN,NaN,NaN,NaN,NaN,NaN,NaN,NaN,NaN,NaN,NaN,NaN,NaN,NaN,NaN,NaN,NaN,NaN,NaN,NaN,NaN,NaN,NaN,NaN,NaN,NaN
-17.8658099310942,-17.5639576797602,-17.6636599453512,-17.8713042815825,-18.0695303442454,-18.2800886256936,-18.4199679338242,-18.3448103313474,-18.5752002612413,-18.5155781255293,-18.6094028256059,-18.4811034152243,-18.6633548821239,-18.7729396045508,-18.9586946820739,-18.8794906865001,-18.990134021493,-19.1939042800258,-19.2823705963551,-19.6220116096799,-19.7718122563695,-20.1467977164059,-20.5385670056858,-20.6611194448868,-20.7212150998518,-20.7219109011994,-20.5669869107697,-20.4702550081579,-20.4713736199551,-20.387435146806,-20.1171341385854,-20.0275785805945,-19.9194858505654,-19.8904581576929,-19.7640381871398,-19.6679359190055,-19.5983717951622,-19.5820366065777,-19.4119340743176,-19.3737497712899,-19.2627142404734,-19.3554599107542,-19.2253112041295,-19.0954777824455,-19.0817103695694,-19.0656174857611,-19.0668443455098,-19.1131775219073,-19.1653005665941,-19.1959756623938,-19.2441063574454,-19.1956675591373,-19.1978166552091,-19.1684108889361,-19.1367470673215,-19.1283738940005,-19.1702314616704,-19.3343500899755,-19.3479083862871,-19.2573905539721,-19.1685203638498,-19.0623481643843,-18.9522089164167,-18.8381359359345,-18.7482614439003,-18.620672873202,-18.6711659556986,-18.7790922910003,-18.7885975715944,-18.774452412162,-18.8064437789121,-18.9538400512735,-19.017990048329,-19.0171191311455,-18.9561073385005,-18.8905578123975,-18.8039702964898,-18.8520916317634,-18.8237627948111,-18.8409965661606,-18.9000236159891,-18.9241412488724,-19.0300736374173,-19.0362316131746,-18.9878115460176,-18.7412742523483,-18.5890787708574,-18.5669707904273,-18.6888886971685,-18.8268086337828,-18.8210721412075,-18.7013239200542,-18.4557127091505,-18.3367280628488,-18.2008168589761,-18.1208037301608,-18.0042389684337,-18.1011436299075,-18.319802462212,-18.4292130412069,-18.3902186613801,-18.3906817140613,-18.4156884934982,-18.1568996893221,-18.0596480414546,-17.4494443345716,-15.9122274005473,-15.1110523343302,NaN,-16.6994522180523,-17.4296462845394,NaN,NaN,NaN,NaN,NaN,NaN,NaN,NaN,NaN,NaN,NaN,NaN,NaN,NaN,NaN,NaN,NaN,NaN,NaN,NaN,NaN,NaN,NaN,NaN,NaN,NaN,NaN,NaN,NaN,NaN,NaN,NaN,NaN,NaN,NaN,NaN,NaN,NaN,NaN,NaN,NaN,NaN,NaN,NaN,NaN,NaN,NaN,NaN,NaN,NaN,NaN,NaN,NaN,-0.999512601512663,-0.829318731332819,-0.874534436326371,NaN,NaN,NaN,NaN,NaN,NaN,NaN
-17.8949307076609,-17.622564904943,-17.7413262018596,-17.8859552203686,-18.1198634281507,-18.272611839739,-18.3730326524247,-18.3565595971907,-18.5969072453577,-18.6021137696794,-18.6880251271342,-18.5976323105167,-18.7867020153769,-18.8598624387478,-18.9597343949561,-18.8831366493571,-18.9549515264074,-19.1966217767512,-19.3410979594726,-19.7183499050535,-19.7537320062397,-20.1413531816153,-20.5431141349949,-20.7407044429534,-20.7606929534783,-20.7756277209455,-20.6023115501316,-20.5420007966247,-20.5707874027892,-20.4559152214163,-20.187541842485,-20.0578044348596,-19.9453487987919,-19.9286172804522,-19.7576813863831,-19.6427933835993,-19.5757906180623,-19.4785097231036,-19.3665974745435,-19.2540151384072,-19.2493763129194,-19.2020516475007,-19.1565346622172,-18.9853101989627,-18.9720632252865,-18.9787921601673,-19.0416964491448,-19.0754578631846,-19.1233792865071,-19.2447121655218,-19.2309274798074,-19.1888658538715,-19.1576335727853,-19.069694638265,-19.1122089611767,-19.1560035543218,-19.1865103560964,-19.2790915698957,-19.2639178593097,-19.1842560908146,-19.1114792935546,-19.0657388835534,-19.0319228598057,-18.9100576250665,-18.8629760681782,-18.7481662906507,-18.7840352490033,-18.7506530556676,-18.7961188688354,-18.7820356176107,-18.7697002016365,-18.8962025770535,-18.9382376985296,-18.997736275628,-19.0199094802058,-18.9043937249254,-18.8367866846664,-18.8528296453615,-18.8312045675549,-18.7928072092325,-18.8129472989244,-18.79258298792,-18.9565776349766,-18.9813491029557,-18.9662037187175,-18.7650407978854,-18.7185515150007,-18.7127696510198,-18.8391615177277,-18.8226102831379,-18.7556838481294,-18.6514762462086,-18.4761099392873,-18.4210114398959,-18.2875519474126,-18.2293523127051,-18.3029934226948,-18.3643376634568,-18.4424253175512,-18.6319358552937,-18.561050443308,-18.4892272222312,-18.3698178437659,-18.2524198402721,-18.4071281434166,-18.0207987077707,-17.5340984582667,-15.8671180372574,-14.7310430947114,-14.6009175579649,NaN,NaN,NaN,NaN,NaN,NaN,NaN,NaN,NaN,NaN,NaN,NaN,NaN,NaN,NaN,NaN,NaN,NaN,NaN,NaN,NaN,NaN,NaN,NaN,NaN,NaN,NaN,NaN,NaN,NaN,NaN,NaN,NaN,NaN,NaN,NaN,NaN,NaN,NaN,NaN,NaN,NaN,NaN,NaN,NaN,NaN,NaN,NaN,NaN,NaN,-1.00158916587384,-1.32297802586169,-1.11239304761739,-1.14207729182976,-0.938099405939226,NaN,-1.07607278867044,-0.852081918332374,NaN,NaN,NaN,NaN,NaN,NaN
-17.9804219939051,-17.7338279337409,-17.8847302000991,-17.9286906722928,-18.1074467973314,-18.2092321727933,-18.3072002053677,-18.359620629006,-18.6598187067056,-18.6856383868289,-18.795055653559,-18.7252214314498,-18.8716093255498,-18.9011461972228,-18.867230580318,-18.8654066223194,-19.0111116796323,-19.2702457878372,-19.393436152886,-19.7189903163376,-19.7385336285449,-20.1350071649924,-20.5777696500293,-20.7987196247916,-20.8130212521756,-20.8607418960065,-20.7456993721889,-20.6024477870923,-20.5803595333848,-20.4155542387751,-20.2170163574193,-20.091266748024,-20.0077739142455,-19.940344540079,-19.8207126177026,-19.6750962278677,-19.5276124729781,-19.4402255598263,-19.2437368503965,-19.2196274937458,-19.2220312310917,-19.1640451361083,-19.1138022916491,-18.9551402047423,-18.8906527660414,-18.9388344703797,-18.972561338429,-19.0565144777974,-19.0840163632879,-19.152990808133,-19.2016814038416,-19.1293820567547,-19.0761923870117,-18.972453288997,-19.0282023161912,-19.1179671290711,-19.1291057786575,-19.1607584678282,-19.1240079411705,-19.0757326213036,-19.0821641482427,-19.0191222379689,-18.9969997043641,-18.9458404422829,-18.8970786591811,-18.7593379638543,-18.7875214298,-18.7573257913377,-18.7654869216661,-18.7495667746142,-18.8444892415835,-18.8418109194373,-18.9417882247979,-19.0101268866064,-18.9911117509654,-18.9128174400809,-18.8679635037282,-18.8304704241772,-18.7925305729042,-18.7560084605645,-18.7309445842068,-18.6932689992169,-18.7621046259723,-18.716941677978,-18.7006245585387,-18.6269843389438,-18.6160660562468,-18.7482998421411,-18.776095119149,-18.8811862067831,-18.8908457850999,-18.8143073017284,-18.8328108826733,-18.759122152626,-18.5843314790081,-18.5384662894576,-18.6072071085837,-18.7369320253089,-18.8876279509842,-18.965630073242,-18.8204224980145,-18.6894862576407,-18.5443211717243,-18.2712353997007,-18.3986410153924,-18.0980620791516,-17.8841089811621,-17.0281123459316,NaN,NaN,NaN,NaN,NaN,NaN,NaN,NaN,NaN,NaN,NaN,NaN,NaN,NaN,NaN,NaN,NaN,NaN,NaN,NaN,NaN,NaN,NaN,NaN,NaN,NaN,NaN,NaN,NaN,NaN,NaN,NaN,NaN,NaN,NaN,NaN,NaN,NaN,NaN,NaN,NaN,NaN,NaN,NaN,NaN,NaN,NaN,NaN,NaN,NaN,-1.64874791073913,-1.61411370427828,-1.41529920541603,-3.53862442186562,NaN,NaN,NaN,NaN,NaN,-0.784586737214227,-0.816641038047123,NaN,NaN,NaN,NaN,NaN
-17.9325548151026,-17.770240094328,-17.9823207638891,-18.0252698915289,-18.1824971855002,-18.1293269575395,-18.25360425326,-18.353591806844,-18.6433602585394,-18.6944512038091,-18.8533632372113,-18.8113929064027,-18.9217425896645,-18.9225438913639,-18.8949851557974,-18.9596252931323,-19.0569628705078,-19.3175583712328,-19.4216682808667,-19.6902799344473,-19.7023443474523,-20.1787415594846,-20.6184117104847,-20.848543952164,-20.8250375246406,-20.9270460104626,-20.8731127832986,-20.6652815976449,-20.5723187109053,-20.3808917502117,-20.2045407779424,-20.0841463959244,-20.0202545080647,-19.9067751243757,-19.8139705735315,-19.6634385362555,-19.5064860566351,-19.3672098521189,-19.2018389766045,-19.1862583630043,-19.2019619171135,-19.165076382397,-19.0550043927711,-18.9292636785954,-18.8908042963006,-18.8705039207842,-18.8783053703151,-18.9933604951864,-19.012848055915,-19.1024834385523,-19.0720277804849,-19.0409332667036,-19.0326359956159,-19.041815906221,-19.1016833488495,-19.1171148210023,-19.1078137971226,-19.0912793712285,-19.0642081296979,-19.0631121075117,-19.0503111658856,-19.0111937879553,-18.9787086834738,-18.9351411600839,-18.9142802057941,-18.8816104235472,-18.8662368447355,-18.7974556521511,-18.8230673900344,-18.765024541825,-18.8477224001999,-18.8665941070113,-18.9572332876616,-19.0662984784492,-18.9724891216161,-18.9254477350897,-18.8647758205561,-18.8090437452589,-18.7262648837816,-18.5752983368698,-18.5213451735472,-18.4402067805547,-18.4187039967936,-18.453817851773,-18.5761602512526,-18.5665914521223,-18.5931835810016,-18.6747815589412,-18.7133999313082,-18.808517590644,-18.9076013895776,-18.9581253148068,-18.9867505967842,-18.9631675196378,-18.881065346971,-18.800680101646,-18.9357083364017,-19.1355057762447,-19.3127876801155,-19.2593392857138,-19.3029653729057,-18.9837307472431,-18.8792382419566,-18.4762690343148,-18.5397022243358,-18.4274561176719,-18.3114846421533,-17.61305444722,NaN,NaN,NaN,NaN,NaN,NaN,NaN,NaN,NaN,NaN,NaN,NaN,NaN,NaN,NaN,NaN,NaN,NaN,NaN,NaN,NaN,NaN,NaN,NaN,NaN,NaN,NaN,NaN,NaN,NaN,NaN,NaN,NaN,NaN,NaN,NaN,NaN,NaN,NaN,NaN,NaN,NaN,NaN,NaN,NaN,NaN,NaN,NaN,-1.9330165390208,-1.81162657126725,-1.73840882500531,NaN,NaN,NaN,NaN,NaN,NaN,NaN,NaN,NaN,NaN,NaN,NaN,NaN,NaN,NaN
-18.0688197965414,-17.8555563058956,-18.0780720829965,-18.143102282161,-18.23956648938,-18.0786913438388,-18.2194235198115,-18.3037010805306,-18.6709448167169,-18.7430932101946,-18.939819178811,-18.846808987855,-18.8956855818351,-18.9292298399823,-18.8992077219186,-18.970468912844,-19.0572517502216,-19.3413691840137,-19.462446950879,-19.6186773425446,-19.6082803951609,-20.1926247690325,-20.559013152953,-20.8446083106099,-20.8835385143477,-21.0023860610152,-20.921058652376,-20.6519842978194,-20.5776327197694,-20.4110474398303,-20.259110481231,-20.1007604520483,-19.9745094966888,-19.8878449593155,-19.7402258795701,-19.6575469484521,-19.4700895168007,-19.2862310753159,-19.0846458604788,-19.0669670726619,-19.1354442728791,-19.0720511265943,-18.9806575456557,-18.9289743225734,-18.9026307704589,-18.8633300200041,-18.8653564188232,-18.8302046607615,-18.9142012308883,-18.9996432667495,-18.9276232869149,-18.9227277371596,-18.9695582996984,-18.9794504054182,-18.9941015436315,-19.012699270422,-18.9550716917898,-18.9218215674086,-18.9204942662131,-18.9844392004547,-19.0175984439218,-19.0370815449872,-18.9966402452197,-19.0384138480104,-19.0469219446198,-18.9800384262919,-18.9874641171555,-18.9165285586989,-18.897577635526,-18.8744739083057,-18.8914617117197,-18.8958286341837,-19.0494346210308,-19.1292930168954,-19.1555201363899,-18.9491327462408,-18.8635506860282,-18.7822663112643,-18.8195043502447,-18.5801589349368,-18.4731344218073,-18.3645065262558,-18.3772013297468,-18.385889260379,-18.4762477393662,-18.4950253900636,-18.4778375065401,-18.5523975737128,-18.5979711263275,-18.8102632684031,-18.8854157584378,-18.8925637172921,-18.9363209102896,-18.9959429087312,-18.8668743613318,-18.9147656995593,-19.0416487382843,-19.3592952918323,-19.594212919707,-19.6764735222984,-19.8028158031552,-19.5308482792985,-18.8959679367623,-18.4997454714215,-18.4562169462077,-18.2197048038942,-17.8933538995382,-16.911766974238,NaN,NaN,NaN,NaN,NaN,NaN,NaN,NaN,NaN,NaN,NaN,NaN,NaN,NaN,NaN,NaN,NaN,NaN,NaN,NaN,NaN,NaN,NaN,NaN,NaN,NaN,NaN,NaN,NaN,NaN,NaN,NaN,NaN,NaN,NaN,NaN,NaN,NaN,NaN,NaN,NaN,NaN,NaN,NaN,NaN,NaN,-2.23563222112614,-2.14868265287129,-2.03272787513055,NaN,NaN,NaN,NaN,NaN,NaN,NaN,NaN,NaN,NaN,NaN,NaN,NaN,NaN,NaN,NaN,NaN
-18.0494163197837,-17.8965684532063,-18.2330262490339,-18.2327281671485,-18.2871521765566,-18.0260319127396,-18.1985640989817,-18.1951405842876,-18.6194495240899,-18.7946691517953,-18.9370681150153,-18.8414695581872,-18.8429342370491,-18.923783130846,-18.9171765689634,-18.9904132708009,-19.1127864627376,-19.3141072189418,-19.4898399464989,-19.6275201943043,-19.6155572170451,-20.1965272696984,-20.5958446279473,-20.9223707650376,-20.8900898210418,-21.0733934970993,-20.9773723910852,-20.6526796642867,-20.5517593457176,-20.4607285722094,-20.2990558436292,-20.111820935797,-19.9627595306854,-19.8085187412893,-19.6867342373663,-19.5789837577556,-19.344289782904,-19.1492220370863,-19.0287432299029,-19.0338281779041,-19.0575323301176,-18.9346260332712,-18.9097224591893,-18.8597622166212,-18.8293482379381,-18.7917653037277,-18.7959034347178,-18.8379080025376,-18.8909907841381,-18.9409822694962,-18.8002255252556,-18.8524158025607,-18.9425294818134,-18.9709686495163,-18.9298754134057,-18.9368951618615,-18.8565514092303,-18.8008610679419,-18.8236249439182,-18.8725668946348,-18.889454202739,-18.9672466108013,-18.998811610249,-19.0591398838805,-19.0450237563616,-19.0139619422001,-19.0041029994939,-18.9860109028702,-18.9525858759571,-18.9825847646115,-18.9462291597134,-18.9710151665855,-19.0288842337828,-19.107245824077,-19.0692009292554,-18.8858006073571,-18.7707719285971,-18.644534574318,-18.6672264287959,-18.5411122964762,-18.539849875436,-18.4464698433134,-18.3993886109504,-18.3135176731236,-18.2968749344647,-18.2115355142293,-18.2164353168648,-18.3119898591053,-18.4085548555661,-18.5795877261926,-18.6773666538732,-18.6623260405503,-18.6951948349824,-18.8115242604093,-18.903923944518,-19.1220938040519,-19.2562159304726,-19.4571879716565,-19.63643160675,-19.6974725265632,-19.7159217610835,-19.6033932425828,-19.233494441036,-18.8938920689877,-18.4442047809281,-18.3154288349561,-18.2114463741959,-17.5844573408181,NaN,NaN,NaN,NaN,NaN,NaN,NaN,NaN,NaN,NaN,NaN,NaN,NaN,NaN,NaN,NaN,NaN,NaN,NaN,NaN,NaN,NaN,NaN,NaN,NaN,NaN,NaN,NaN,NaN,NaN,NaN,NaN,NaN,NaN,NaN,NaN,NaN,NaN,NaN,NaN,NaN,NaN,NaN,NaN,NaN,-2.4603389332508,-2.35998810685805,NaN,NaN,NaN,NaN,NaN,NaN,NaN,NaN,NaN,NaN,NaN,NaN,NaN,NaN,NaN,NaN,NaN,NaN,NaN
-18.1185081997774,-18.0233750234848,-18.396431608477,-18.3082096842298,-18.374722062761,-18.129010422673,-18.2503852617731,-18.1120015257129,-18.5173235511182,-18.7921412766411,-18.9057703522025,-18.7246056405187,-18.7820982864201,-18.9092742189493,-18.9855111012717,-19.0060120746153,-19.1952561426681,-19.3737194451488,-19.6208401268237,-19.6865751373122,-19.6483101962934,-20.1505913157599,-20.6246506210881,-20.9806786438353,-20.9347331824635,-21.05358803709,-21.0013454761185,-20.7145071030443,-20.604501687681,-20.4317269404107,-20.2808765363086,-20.1207156896349,-19.8976910334372,-19.7234013475024,-19.6104971131371,-19.5204241581095,-19.2361584252021,-19.0278924366111,-18.9421531648446,-18.9151627667548,-18.8662649602588,-18.8369397073192,-18.8198063147706,-18.8424737641195,-18.852509795382,-18.7992509046707,-18.6947157859466,-18.7272722195164,-18.7045326877902,-18.7963357057916,-18.6990604111934,-18.7514906715083,-18.8236482045248,-18.8526578261458,-18.8510878742628,-18.8055562773074,-18.8135587347822,-18.7717338455005,-18.7179897016431,-18.7471469300444,-18.8006842203815,-18.8836667849711,-18.9640168385499,-18.959192132914,-19.0698877366409,-19.061607257377,-19.0418299742934,-18.9722580052867,-19.0414339703744,-19.0383040495257,-18.9928645961591,-19.0021282649407,-19.0863358936378,-19.061059622258,-19.0005229868472,-18.9154300417376,-18.763232637114,-18.6792899062057,-18.7050246042227,-18.6167382675139,-18.6646751480638,-18.5910953765887,-18.4587986570861,-18.2791812723241,-18.1895778593791,-18.1240814886135,-18.1675075755027,-18.2633014238766,-18.3726644900393,-18.4456708322757,-18.4874453923404,-18.4455710611172,-18.4907775419429,-18.564437549478,-18.8225875549891,-19.2059230932385,-19.4188219608021,-19.573947293903,-19.5998221412606,-19.7226822604446,-19.6872185890358,-19.5473594536783,-19.1767698804121,-18.7557940616121,-18.3899419645315,-18.397977349002,-18.2213851022648,-17.0252594876895,-16.4869343177826,NaN,NaN,NaN,NaN,NaN,NaN,NaN,NaN,NaN,NaN,NaN,NaN,NaN,NaN,NaN,NaN,NaN,NaN,NaN,NaN,NaN,NaN,NaN,NaN,NaN,NaN,NaN,NaN,NaN,NaN,NaN,NaN,NaN,NaN,NaN,NaN,NaN,NaN,NaN,NaN,NaN,NaN,NaN,-2.70043379888972,-2.58290251307596,NaN,NaN,NaN,NaN,NaN,NaN,NaN,NaN,NaN,NaN,NaN,NaN,NaN,NaN,NaN,NaN,NaN,NaN,NaN,NaN
-18.1970003022348,-18.1125074642185,-18.5404148111388,-18.4111497602133,-18.5081263076137,-18.1882775809707,-18.3009080076575,-18.1739150287812,-18.5189020040194,-18.7818476870422,-18.9395540873869,-18.7766335915548,-18.7963224663923,-18.9189794942728,-19.0409315016039,-19.0603445421584,-19.2615249650507,-19.4218591523497,-19.6582295181207,-19.7450234601644,-19.6943989736772,-20.0566960543439,-20.511966936515,-20.925079845411,-20.9152358828889,-20.9564929250259,-20.8861077558804,-20.6873987587796,-20.6195017883981,-20.4577553969652,-20.2928924596969,-20.1630633315962,-19.908308363324,-19.6651194624342,-19.5244286578131,-19.3980561744683,-19.1975033497876,-18.9520633143874,-18.8290904888089,-18.858892369358,-18.7589837348483,-18.7731649534752,-18.8157172044448,-18.85141131931,-18.7740334572994,-18.6168266759964,-18.6505602668378,-18.6766549010912,-18.6147536980135,-18.6746227361126,-18.6726285893353,-18.7711657936802,-18.782039890973,-18.7670159027576,-18.7820112477742,-18.7649454350203,-18.7597468098526,-18.8043993329007,-18.7547048742047,-18.743454825705,-18.782536173332,-18.8700424266926,-18.971249495656,-18.9463760283707,-19.0432091710703,-19.0672342336623,-19.0034272461559,-18.9626405903608,-18.9552717540175,-19.009310726221,-19.0002500674455,-19.1375410535169,-19.1105301479305,-19.1184243690974,-18.9911971560085,-18.9086417442931,-18.7521542910249,-18.6900657887476,-18.7667970440885,-18.7377999009681,-18.7373609779865,-18.627709548655,-18.4270896661197,-18.3144038342696,-18.2056559959236,-18.2217165679761,-18.2094073744993,-18.2785416795612,-18.3206069257957,-18.3220747103375,-18.2932475469057,-18.2262184123413,-18.3042026406345,-18.3575311989562,-18.6320054081156,-19.0296685324483,-19.269345067164,-19.5199961607108,-19.5171576216384,-19.4548004099423,-19.5112729869855,-19.2703736527797,-19.0801821339917,-18.8827861471941,-18.7037797174477,-18.7133482920732,-18.7471729087467,-17.3048642768675,-16.3748386756953,NaN,NaN,NaN,NaN,NaN,NaN,NaN,NaN,NaN,NaN,NaN,NaN,NaN,NaN,NaN,NaN,NaN,NaN,NaN,NaN,NaN,NaN,NaN,NaN,NaN,NaN,NaN,NaN,NaN,NaN,NaN,NaN,NaN,NaN,NaN,NaN,NaN,NaN,NaN,NaN,NaN,NaN,NaN,-2.81452422342488,NaN,NaN,NaN,NaN,NaN,NaN,NaN,NaN,NaN,NaN,NaN,NaN,NaN,NaN,NaN,NaN,NaN,NaN,NaN,NaN,NaN
-18.2033228876214,-18.1647883279136,-18.5993405694335,-18.5234974639537,-18.5836930720751,-18.2484027690443,-18.3783342453254,-18.207876190034,-18.4908711731991,-18.7528674511562,-18.9605140474395,-18.7807487579104,-18.7982752236761,-19.0032631683592,-19.121464166703,-19.1968644596698,-19.3046137173701,-19.4681149910327,-19.6598403183596,-19.7363275180551,-19.7580485397539,-20.0728687031528,-20.4659480393695,-20.8248070909497,-20.774714584542,-20.7905481505055,-20.8380068141986,-20.7308940129675,-20.6136902950823,-20.4850153964501,-20.2926821625978,-20.1357253652109,-19.8898992152667,-19.6227177508663,-19.4922080806056,-19.3384842742136,-19.1241768461371,-18.851031350549,-18.7922805678414,-18.8330153631991,-18.7184627678262,-18.6967760273058,-18.720796500312,-18.823357112416,-18.7170398370358,-18.6031258233446,-18.6096898418343,-18.6435223310119,-18.6150115389115,-18.5972019088124,-18.6360286672901,-18.74522733525,-18.7366855652154,-18.6883666963416,-18.6990833955109,-18.707675141275,-18.7114565515748,-18.7943779144299,-18.71345303614,-18.7035414243825,-18.768642889234,-18.8774954379255,-18.9221760795879,-19.0250353434432,-19.0761344376629,-19.1010841328725,-18.9598981611901,-18.8804782320618,-18.9190542320385,-18.9625888873189,-19.0425005324844,-19.1275179336609,-19.0652854340666,-19.1571854755973,-19.067807047624,-19.0337827685832,-18.9084383440291,-18.8832539899753,-18.8654754484588,-18.8369884536947,-18.8330498064999,-18.7182700273391,-18.580001345322,-18.4482435838311,-18.3073687917134,-18.2598655060515,-18.2647527552144,-18.2370563805035,-18.3222218455628,-18.3252901486127,-18.2503011702296,-18.1126009431603,-18.1708116691135,-18.1769638784349,-18.3935027996243,-18.7498635781681,-18.9785693098601,-19.258508873757,-19.3080788197683,-19.1858946655133,-19.1002889598714,-18.9385085117972,-18.6787483225916,-18.679055547515,-18.5019092237164,-18.367526884759,-18.2083260856648,-16.5822194649533,-16.0353736564612,NaN,NaN,NaN,NaN,NaN,NaN,NaN,NaN,NaN,NaN,NaN,NaN,NaN,NaN,NaN,NaN,NaN,NaN,NaN,NaN,NaN,NaN,NaN,NaN,NaN,NaN,NaN,NaN,NaN,NaN,NaN,NaN,NaN,NaN,NaN,NaN,NaN,NaN,NaN,NaN,NaN,NaN,NaN,-2.92584307907532,NaN,NaN,NaN,NaN,NaN,NaN,NaN,NaN,NaN,NaN,NaN,NaN,NaN,NaN,NaN,NaN,NaN,NaN,NaN,NaN,NaN
-18.2225663814058,-18.1878636051346,-18.6027714457169,-18.5462272538788,-18.6496708919933,-18.3679735807067,-18.4521062348084,-18.2992910824286,-18.4982863523086,-18.8277306287044,-18.9200672208136,-18.7701543970202,-18.8017377588889,-18.9487308137788,-19.1289165375092,-19.2714257687823,-19.3576061801972,-19.4977847563848,-19.6642586721998,-19.722142684211,-19.8012353688841,-20.1310588827246,-20.5027972300478,-20.7813692984081,-20.746324572838,-20.7459508727262,-20.7648238871813,-20.8019609484234,-20.6268771900762,-20.4792811280321,-20.2541868389467,-20.1199288136513,-19.8518650205592,-19.6094497239254,-19.4589146246778,-19.2691949828443,-19.0398813136042,-18.7663300554068,-18.7313257726094,-18.8197063648144,-18.7447048434757,-18.7156709177573,-18.7453573709633,-18.825387987702,-18.6708163048548,-18.5316651902219,-18.5074633667781,-18.5528878953661,-18.571272987725,-18.5766798194279,-18.6022341688259,-18.6772309771334,-18.618570006872,-18.5756220897988,-18.6028403186315,-18.6378248222156,-18.6091279127119,-18.647091125092,-18.6267817613402,-18.6671324880238,-18.7144776921999,-18.7868373446147,-18.885310606614,-19.0286782217428,-19.1050792464776,-19.0552006130374,-18.8953175828491,-18.8845850452393,-18.9315537894544,-18.955810807261,-19.0007527806081,-19.1055573708882,-19.0835321448515,-19.146532816511,-19.1028449840657,-19.0022966477316,-19.0256888063943,-18.9918967698657,-18.9241727734504,-18.884228828266,-18.8886146983315,-18.8065401111633,-18.7562987972063,-18.5882922357162,-18.3976378096453,-18.1882344558181,-18.1053795415706,-18.0972219852137,-18.0775193988262,-17.9950980207845,-17.9576544888508,-17.9145385615935,-17.9598634748478,-17.9876647634547,-18.1261395842893,-18.4581242995315,-18.8109310304927,-19.0179797711773,-18.9668521110607,-18.9146361713677,-18.921376411439,-18.6793498834915,-18.4685365004995,-18.4512130349671,-18.8817318609193,-18.5403268505426,-18.64972103144,-17.8459164709632,NaN,NaN,NaN,NaN,NaN,NaN,NaN,NaN,NaN,NaN,NaN,NaN,NaN,NaN,NaN,NaN,NaN,NaN,NaN,NaN,NaN,NaN,NaN,NaN,NaN,NaN,NaN,NaN,NaN,NaN,NaN,NaN,NaN,NaN,NaN,NaN,NaN,NaN,NaN,NaN,NaN,NaN,NaN,NaN,-3.02817297283769,NaN,NaN,NaN,NaN,NaN,NaN,NaN,NaN,NaN,NaN,NaN,NaN,NaN,NaN,NaN,NaN,NaN,NaN,NaN,NaN,NaN
-18.1836983491988,-18.183863848025,-18.5900746309455,-18.5405441279853,-18.7047540951345,-18.4756391242719,-18.57363549171,-18.3880987009863,-18.6013181918367,-18.8391549816302,-18.9308681986402,-18.8100790183374,-18.7912436917359,-18.9197376547074,-19.1879141079539,-19.3403878670313,-19.4386787383585,-19.547476683021,-19.7334946089001,-19.7625606735954,-19.7978930892297,-20.1606117082228,-20.4701371363338,-20.7576814638434,-20.6915790269287,-20.6582473008929,-20.7178503339824,-20.7380668631277,-20.5043998180021,-20.3675920038973,-20.2234961679957,-20.0239164533439,-19.8087850486657,-19.608364788118,-19.4572269515103,-19.2213105530178,-18.9706545607802,-18.7529656310442,-18.6475872426724,-18.7642106223994,-18.7089334962546,-18.6353651999514,-18.7182096848299,-18.723571439215,-18.5965057632538,-18.4700271548884,-18.4471808430787,-18.4731948767094,-18.4568169535484,-18.5674323825584,-18.5385754038789,-18.6015364841172,-18.6311302308769,-18.5970029187552,-18.5766815639565,-18.6228204496749,-18.5647125703938,-18.5917042342738,-18.6001803191666,-18.6788030731869,-18.751056267227,-18.8003372177933,-18.8562676099908,-18.9452447276598,-19.0229185900022,-19.086113635168,-19.0127360363433,-19.0467724497337,-19.0469708597133,-19.0763707249134,-19.0912484492459,-19.1640954000011,-19.1132600135721,-19.1852902033982,-19.1284424417141,-19.0544065063622,-19.074164749122,-19.112447676778,-19.1130614805255,-19.0617563640405,-19.0901537434629,-19.0020083401184,-18.8818713987324,-18.6973802268626,-18.4450564794672,-18.2256957584038,-18.0438425253486,-17.9652787013075,-18.0042855939618,-17.9522502773909,-17.9235404580907,-17.8312081842807,-17.6867761983478,-17.8132179229644,-17.8147753121588,-17.9525628016897,-18.2029616007473,-18.3349782532927,-18.4700729883413,-18.5008689619032,-18.5717495290212,-18.4410253626406,-18.1883725024121,-18.2705624000693,-18.340072048489,-18.0871644153272,-17.8165546143724,-16.1582370344361,NaN,NaN,NaN,NaN,NaN,NaN,NaN,NaN,NaN,NaN,NaN,NaN,NaN,NaN,NaN,NaN,NaN,NaN,NaN,NaN,NaN,NaN,NaN,NaN,NaN,NaN,NaN,NaN,NaN,NaN,NaN,NaN,NaN,NaN,NaN,NaN,NaN,NaN,NaN,NaN,NaN,NaN,NaN,NaN,-3.1367921649948,NaN,NaN,NaN,NaN,NaN,NaN,NaN,NaN,NaN,NaN,NaN,NaN,NaN,NaN,NaN,NaN,NaN,NaN,NaN,NaN,NaN
-18.1531901963771,-18.2009110605567,-18.5979345916408,-18.5217600767251,-18.7790207377808,-18.6015003415694,-18.6514147997963,-18.5343887492006,-18.6370667642481,-18.8330342590461,-19.0077831676904,-18.8865242277412,-18.8205245128084,-18.9500362561416,-19.2118870615641,-19.3816563460066,-19.5228543889399,-19.6229796102247,-19.8390342347187,-19.8357270606602,-19.8548668742268,-20.2086398979343,-20.4812577796533,-20.7638503684062,-20.6590241947156,-20.6126327215225,-20.6610997902378,-20.6566005110299,-20.4138014492751,-20.2810969206732,-20.1686530862098,-19.9887615688928,-19.7150136626735,-19.5766122944726,-19.3813845508539,-19.1831102282682,-18.9752332403237,-18.8217833627071,-18.7511937148785,-18.8348923020775,-18.6900615451347,-18.5668589434649,-18.5489778378039,-18.6110644229185,-18.513528044632,-18.4391915149579,-18.4165965884226,-18.3757467130989,-18.3862588499921,-18.4247017796816,-18.4642910041881,-18.5346962378914,-18.6101570375184,-18.5519875171886,-18.5541852549241,-18.5884742680461,-18.4087711921304,-18.503421627582,-18.6062317061801,-18.7067699945143,-18.8487003627441,-18.834300369177,-18.9408659547763,-18.9420984386209,-19.0223958444201,-19.0131019591224,-18.9696370480472,-19.0623148508901,-19.0966057334141,-19.2173736950945,-19.1722369182017,-19.2296161859128,-19.1044971004638,-19.1904760599758,-19.2277739735947,-19.1496275086317,-19.1317909384152,-19.1926451329688,-19.1868327973771,-19.1578896816609,-19.1803671360802,-19.1104711026898,-18.9835927709204,-18.8322184726082,-18.526948743011,-18.2705447700018,-18.1089748919898,-18.0640956556795,-17.8792201922842,-17.8518655921675,-17.755130979799,-17.6435083018133,-17.4934489788618,-17.4181005767466,-17.4887262278153,-17.6957077051768,-17.952945418972,-18.0625335837294,-18.1488919152407,-18.2346325583111,-18.3429049378606,-18.252538648825,-18.1225722834066,-18.161004020758,-18.4068755531578,-18.4881464736942,-18.5153895893195,-16.6577742405148,NaN,NaN,NaN,NaN,NaN,NaN,NaN,NaN,NaN,NaN,NaN,NaN,NaN,NaN,NaN,NaN,NaN,NaN,NaN,NaN,NaN,NaN,NaN,NaN,NaN,NaN,NaN,NaN,NaN,NaN,NaN,NaN,NaN,NaN,NaN,NaN,NaN,NaN,NaN,NaN,NaN,NaN,NaN,NaN,-3.24107228117515,NaN,NaN,NaN,NaN,NaN,NaN,NaN,NaN,NaN,NaN,NaN,NaN,NaN,NaN,NaN,NaN,NaN,NaN,NaN,NaN,NaN
-18.1363692310614,-18.2144281906523,-18.6224595804455,-18.522207208716,-18.8149720073764,-18.7274813305747,-18.7275371488397,-18.574719069252,-18.7184744013911,-18.8388369460301,-19.1052106177013,-18.936714804426,-18.9063325583061,-19.010515173448,-19.255054498146,-19.4009432012004,-19.5199746471951,-19.6615304702601,-19.935553752274,-19.861941734086,-19.9034771518003,-20.169193776412,-20.468889430264,-20.6706917408997,-20.5459275342348,-20.5417628985211,-20.5655117931383,-20.5177756243556,-20.2465495453841,-20.1645425163796,-20.0916959889861,-19.924484865965,-19.622504236145,-19.4521829404731,-19.3311901548532,-19.0883442061148,-18.9023226609182,-18.8402766048767,-18.77041078339,-18.7766111555567,-18.6271185943265,-18.4940577757625,-18.459678757789,-18.3895173868975,-18.4165995754772,-18.3870394620467,-18.310847032047,-18.2668085435001,-18.2613248593871,-18.3253097715595,-18.4130690021655,-18.4792402987118,-18.5867992844954,-18.4961586347707,-18.5774851868515,-18.6403990062693,-18.4860849716335,-18.5698441382522,-18.6186303123951,-18.7075081719643,-18.8421682552622,-18.842288959487,-18.9495134070772,-19.00343228636,-19.0473685466405,-19.0919550500112,-19.1190933782196,-19.1791712988378,-19.2169135483894,-19.3064737611272,-19.3133917813403,-19.2491750902078,-19.1551249309558,-19.1957543508938,-19.2514194019873,-19.2557412881111,-19.2540311635037,-19.3100054153234,-19.2685623547832,-19.2269389640567,-19.2676900742819,-19.166429198471,-19.0512054517809,-18.9467751262246,-18.7283412382315,-18.4947944198098,-18.3013802156162,-18.1452064824201,-17.964740838257,-17.86330422467,-17.7532924636786,-17.6658455991201,-17.3685003370852,-17.3009744547126,-17.3872543122217,-17.5726742720606,-17.7755568508431,-17.8720718183675,-17.9849480990844,-18.0046587084712,-17.9961167396104,-18.0077991567214,-17.7851960695007,-17.805700601611,-18.2191698688118,-18.1753354469357,-18.6281728022399,NaN,NaN,NaN,NaN,NaN,NaN,NaN,NaN,NaN,NaN,NaN,NaN,NaN,NaN,NaN,NaN,NaN,NaN,NaN,NaN,NaN,NaN,NaN,NaN,NaN,NaN,NaN,NaN,NaN,NaN,NaN,NaN,NaN,NaN,NaN,NaN,NaN,NaN,NaN,NaN,NaN,NaN,NaN,NaN,NaN,-3.35020194064379,NaN,NaN,NaN,NaN,NaN,NaN,NaN,NaN,NaN,NaN,NaN,NaN,NaN,NaN,NaN,NaN,NaN,NaN,NaN,NaN,NaN
-18.08636974408,-18.1969393715609,-18.6897756296708,-18.5453977666003,-18.8796086504682,-18.8566023989924,-18.838816378024,-18.6532667796173,-18.7911118162187,-18.8644412368573,-19.1494484175993,-19.0146951138415,-18.9845799240277,-19.1169003971048,-19.3511078713297,-19.4465374805835,-19.5360367228823,-19.6653451217744,-19.9677995215644,-19.9301066395618,-19.9602783331524,-20.1369307236347,-20.3985821328306,-20.5253309382551,-20.4003831041759,-20.4202748603229,-20.4051741505692,-20.4213360732953,-20.1711801552879,-20.1074815497491,-20.0857451486172,-19.8423777251143,-19.5677858062227,-19.3839838537806,-19.2264632213373,-19.0401111692885,-18.9363770388392,-18.8938433107611,-18.867407264904,-18.7265065394206,-18.5328524607935,-18.4344441969509,-18.4265300226888,-18.2869356379099,-18.3460959964969,-18.3304157162823,-18.3257883093909,-18.3324384189197,-18.3187376805407,-18.3310133416083,-18.3657770778599,-18.3987016775749,-18.5294491862422,-18.5203443417299,-18.6879228256621,-18.657961106816,-18.5907309373596,-18.6331773391478,-18.6699083825315,-18.7098010365907,-18.8331221406863,-18.9466061469419,-19.090122292715,-19.0651554228738,-19.1278889077654,-19.1511968688163,-19.1722246089259,-19.2239098872877,-19.1975034406918,-19.3239950658477,-19.2830804958998,-19.2966959458453,-19.2548684901116,-19.1953222868053,-19.1672298202746,-19.2090768714353,-19.2655572328476,-19.276574511428,-19.3326546488333,-19.3040516274868,-19.293023290232,-19.1978615646857,-19.1125399839913,-19.0484024961793,-18.9128039513458,-18.6139526191411,-18.3421780396047,-18.1328179654456,-17.9219909164679,-17.8944735378171,-17.7128671059844,-17.6873672540848,-17.4269398500928,-17.2531706203391,-17.3495623464588,-17.5482493107738,-17.7172420919187,-17.8526861280421,-17.8689780274246,-17.9957239964398,-18.0091214516515,-17.8646703339207,-17.7976413829267,-17.9100695015158,-18.327245307482,-18.0739615745291,-18.7217018295879,NaN,NaN,NaN,NaN,NaN,NaN,NaN,NaN,NaN,NaN,NaN,NaN,NaN,NaN,NaN,NaN,NaN,NaN,NaN,NaN,NaN,NaN,NaN,NaN,NaN,NaN,NaN,NaN,NaN,NaN,NaN,NaN,NaN,NaN,NaN,NaN,NaN,NaN,NaN,NaN,NaN,NaN,NaN,NaN,NaN,-3.45001713128516,NaN,NaN,NaN,NaN,NaN,NaN,NaN,NaN,NaN,NaN,NaN,NaN,NaN,NaN,NaN,NaN,NaN,NaN,NaN,NaN,NaN
-18.0511474007944,-18.2310427422831,-18.7556936486988,-18.6039994194597,-18.9527997628944,-18.9642560157914,-18.9116578983596,-18.6952270980948,-18.8797268308522,-18.901661851711,-19.1894361952597,-18.9642190049585,-18.9956645571847,-19.2724023205479,-19.4613537005471,-19.5302398381321,-19.6126999243147,-19.6944702634081,-19.9653711566992,-19.9833321434925,-20.0378416786864,-20.1572980808106,-20.3240389000232,-20.4023867226005,-20.2674075847465,-20.2262644403214,-20.2166582401269,-20.3036629670246,-20.0710569602815,-19.9590414342266,-19.9701565065373,-19.7493842623401,-19.5411326069454,-19.3232202974466,-19.1683550138377,-19.0398791735132,-18.9368418897421,-18.8410098334546,-18.7894408502612,-18.6741716023761,-18.5128470951714,-18.359314039314,-18.4127577087727,-18.2576589967696,-18.3166209326814,-18.2722004795237,-18.3296375597292,-18.2742029251924,-18.3065720061606,-18.3010490956821,-18.3786058022089,-18.397421434877,-18.4784212030476,-18.6002558729068,-18.7809592703083,-18.771315259269,-18.7313929692712,-18.7931122049433,-18.7590074554852,-18.7906019585819,-18.9303537553085,-19.0214338998937,-19.1058070591369,-19.147421627961,-19.2430572427992,-19.2542455708185,-19.2805440577832,-19.2234802143793,-19.2685135806242,-19.2598310258305,-19.2835498346791,-19.2715910921603,-19.2551921629554,-19.2314455718828,-19.1257134590397,-19.2010195902842,-19.3235851586348,-19.3557526620275,-19.4400263619955,-19.3544686890694,-19.3220646228128,-19.2187696935793,-19.1690382075639,-19.0875932499485,-19.0045586600424,-18.7333561752054,-18.4995282163898,-18.2342668503654,-18.1353032620843,-18.0526407620993,-17.8200585435896,-17.8305883512003,-17.5807468074175,-17.4098260076215,-17.4289899428499,-17.618895603869,-17.7936031869224,-17.9105254791702,-17.884001841021,-17.8461516736141,-17.87223087866,-17.6536051299055,-17.5630859061362,-17.8172818091761,-18.2809896591735,-18.0502608025744,-18.1541994044114,NaN,NaN,NaN,NaN,NaN,NaN,NaN,NaN,NaN,NaN,NaN,NaN,NaN,NaN,NaN,NaN,NaN,NaN,NaN,NaN,NaN,NaN,NaN,NaN,NaN,NaN,NaN,NaN,NaN,NaN,NaN,NaN,NaN,NaN,NaN,NaN,NaN,NaN,NaN,NaN,NaN,NaN,NaN,NaN,NaN,-3.55913507764598,NaN,NaN,NaN,NaN,NaN,NaN,NaN,NaN,NaN,NaN,NaN,NaN,NaN,NaN,NaN,NaN,NaN,NaN,NaN,NaN,NaN
-18.0478403613684,-18.2755239176,-18.8246726426563,-18.6778777438063,-19.054174636085,-19.025354225653,-18.975429993121,-18.7139756574375,-18.9089517654702,-18.9888329528747,-19.1878899154398,-19.0289068316354,-19.1507061892239,-19.3791473346967,-19.5377166741584,-19.6302633449669,-19.6833783217858,-19.7901199125782,-20.0175724366269,-20.0510157391379,-20.1567072093179,-20.1010909125475,-20.1977824323916,-20.2174120019033,-20.1581085351772,-20.0381160629088,-20.0463835259343,-20.1459502145268,-19.9703905961142,-19.8593983191066,-19.8171705054287,-19.6250663676587,-19.4794707775084,-19.2723749331528,-19.139343943595,-18.9965041376089,-18.9226230870748,-18.8833168572401,-18.8137088290488,-18.6867940480371,-18.4936794116868,-18.3646952545587,-18.3816097510946,-18.299105814204,-18.3370623518711,-18.2465415871487,-18.2639370259531,-18.2151626801797,-18.3034796074477,-18.3121702309178,-18.3785058428131,-18.3885542297751,-18.4788890161886,-18.6966802409084,-18.7815697447252,-18.7970416140186,-18.7992076234665,-18.8989878813322,-18.8946509790416,-18.9488545897493,-19.0986872833684,-19.0992945162599,-19.1262642829513,-19.2440207672371,-19.2858506805006,-19.2876588493767,-19.2623075470837,-19.2814532185548,-19.3413043316182,-19.3522191190108,-19.2767499802044,-19.220412717636,-19.1670920500675,-19.0090955065638,-18.9582448280342,-19.0335720328102,-19.194890603243,-19.2696044006221,-19.3965238524702,-19.3515254547019,-19.3158715614229,-19.2350530429659,-19.2605478669271,-19.1466719702938,-19.0676776162028,-18.8196260325623,-18.6600803950308,-18.494016032974,-18.3900329504302,-18.316714212055,-18.1115526257872,-18.0214521802673,-17.7727453218883,-17.652790243729,-17.5516053598267,-17.665848309601,-17.8027260788686,-17.9061709629543,-17.8657180769108,-17.7872957239453,-17.6936050002034,-17.6889007290638,-17.8019266329065,-17.9813669001431,-18.201152740437,-18.0337235645266,-18.5362186628994,NaN,NaN,NaN,NaN,NaN,NaN,NaN,NaN,NaN,NaN,NaN,NaN,NaN,NaN,NaN,NaN,NaN,NaN,NaN,NaN,NaN,NaN,NaN,NaN,NaN,NaN,NaN,NaN,NaN,NaN,NaN,NaN,NaN,NaN,NaN,NaN,NaN,NaN,NaN,NaN,NaN,NaN,NaN,NaN,NaN,-3.65030386154092,NaN,NaN,NaN,NaN,NaN,NaN,NaN,NaN,NaN,NaN,NaN,NaN,NaN,NaN,NaN,NaN,NaN,NaN,NaN,NaN,NaN
-18.1101965493423,-18.3113095511696,-18.8770165742809,-18.7927688032253,-19.1181651507513,-19.1376830841374,-19.064137513595,-18.8377076925699,-18.9457045878179,-18.9679122578321,-19.2410877359522,-19.0652274358197,-19.2510269635783,-19.4100041042557,-19.6277294885126,-19.7573004507271,-19.7878297789808,-19.8304765658449,-20.0065304116423,-20.0159584875105,-20.1394974852589,-19.9805874780527,-20.0731084484597,-20.0394174934377,-19.9517546108784,-19.8740467947891,-19.9313634439667,-20.0306053939695,-19.8068025188016,-19.7159632651762,-19.6471494937233,-19.510150127357,-19.3315701750796,-19.1514323441057,-19.0681664432364,-18.9204968976601,-18.9243083119309,-18.8922517953715,-18.7541539888375,-18.7041370978394,-18.5101502124272,-18.3609407064257,-18.412090243265,-18.3610857846487,-18.4114979670923,-18.2733062371408,-18.2503522248454,-18.2162032851832,-18.2631047590279,-18.2802235764738,-18.3959169055991,-18.4455518924886,-18.6060934675295,-18.7642517372395,-18.8986941627253,-18.8897799383869,-18.9125095372818,-18.9868121082405,-18.9803288338668,-19.0781644431456,-19.1407893409869,-19.224401619914,-19.1951259013986,-19.2458931792285,-19.2650694764673,-19.285818859595,-19.2678685116625,-19.3584050169632,-19.3934967517066,-19.4168529321334,-19.3390362759176,-19.2455781647953,-19.1395162912558,-19.1132530245511,-18.9819719502476,-19.0943808082551,-19.1417005824198,-19.1837726061752,-19.246652940374,-19.3027965291232,-19.3114724056811,-19.2389422376259,-19.207744329108,-19.1630152202445,-19.0654847779865,-18.8815878176068,-18.8451609157858,-18.7002336411302,-18.6476579050803,-18.4883101517036,-18.2415948112062,-18.0954842167696,-17.8904757613217,-17.6905815172383,-17.5694584446984,-17.6082978693773,-17.7229957812901,-17.7237969895642,-17.673743060575,-17.6927074623005,-17.6681925651507,-17.5484031765251,-17.653128961094,-17.8535766645253,-18.0300021013604,-17.6880853435835,-17.9304899446523,NaN,NaN,NaN,NaN,NaN,NaN,NaN,NaN,NaN,NaN,NaN,NaN,NaN,NaN,NaN,NaN,NaN,NaN,NaN,NaN,NaN,NaN,NaN,NaN,NaN,NaN,NaN,NaN,NaN,NaN,NaN,NaN,NaN,NaN,NaN,NaN,NaN,NaN,NaN,NaN,NaN,NaN,NaN,NaN,NaN,-3.75434837159287,NaN,NaN,NaN,NaN,NaN,NaN,NaN,NaN,NaN,NaN,NaN,NaN,NaN,NaN,NaN,NaN,NaN,NaN,NaN,NaN,NaN
-18.1712672046238,-18.3281017633067,-18.8443046100042,-18.8107841703835,-19.1777562468407,-19.2697610401763,-19.1543715535981,-18.9534855120083,-19.0029645658935,-19.0176742916389,-19.2623641391834,-19.0604289027796,-19.263435572208,-19.4516597062017,-19.6781006526764,-19.8019850330099,-19.8418575724249,-19.8996562291929,-19.9626472355973,-19.9477833375753,-20.0111382971717,-19.8268021879884,-19.9056310321812,-19.8893690009019,-19.8040146257816,-19.7408371820246,-19.779154198756,-19.9342566015652,-19.7248306716856,-19.6702736122083,-19.6079318084747,-19.4603348528165,-19.2132878893035,-19.045865419003,-18.9581714098745,-18.8471476920693,-18.8902134002263,-18.8767160963135,-18.7518823215304,-18.6000385143194,-18.4149455261171,-18.3843845610353,-18.3336437041145,-18.2932514823619,-18.2747011898333,-18.2242709460456,-18.2153824223697,-18.2351047442074,-18.2817373987781,-18.3388561013848,-18.4412112650397,-18.5403438533247,-18.7110910100797,-18.7869323411654,-18.841639719918,-18.9474862626025,-18.9970798668242,-19.0677796562243,-19.0789584417863,-19.1376792370197,-19.2204321062306,-19.2751937297703,-19.3044615807634,-19.3040907154819,-19.2923773109563,-19.3067632651487,-19.3383602168392,-19.4243205551725,-19.4274579585685,-19.4007537400148,-19.3453367849594,-19.2551760412692,-19.1524652453812,-19.0793512068307,-18.9784160884181,-19.047361264567,-19.1537316988003,-19.1639206156235,-19.2186733038043,-19.2178972002515,-19.2504778351718,-19.2181771137389,-19.238404136351,-19.1922455057941,-19.1086851007474,-18.9914132807542,-18.9413439134179,-18.8516744436452,-18.7022535992562,-18.4980452288265,-18.2450604396736,-18.098659267213,-17.9637767796471,-17.8014573242448,-17.7220107418792,-17.7190781869056,-17.7917971554777,-17.7583268137357,-17.7129628150949,-17.7202855113113,-17.7044309400055,-17.6665642187009,-17.648327447338,-17.7587442527488,-17.9746314610789,-17.539923158039,-18.1905772798347,NaN,NaN,NaN,NaN,NaN,NaN,NaN,NaN,NaN,NaN,NaN,NaN,NaN,NaN,NaN,NaN,NaN,NaN,NaN,NaN,NaN,NaN,NaN,NaN,NaN,NaN,NaN,NaN,NaN,NaN,NaN,NaN,NaN,NaN,NaN,NaN,NaN,NaN,NaN,NaN,NaN,NaN,NaN,NaN,NaN,-3.84524232244615,NaN,NaN,NaN,NaN,NaN,NaN,NaN,NaN,NaN,NaN,NaN,NaN,NaN,NaN,NaN,NaN,NaN,NaN,NaN,NaN,NaN
-18.2653389482406,-18.319221091517,-18.8284186053685,-18.8158073317627,-19.2542607250075,-19.3391586074281,-19.2909805640115,-19.1006659313907,-19.0052954282576,-19.0497003004099,-19.367960778024,-19.1948339720987,-19.333044226263,-19.5349965930737,-19.7009570901205,-19.7900630695736,-19.9198477022757,-19.9399318150855,-19.9327053102344,-19.854510464877,-19.8596525520332,-19.6917546612215,-19.716269136739,-19.6974039699139,-19.6799576031927,-19.6315479858047,-19.6292750127537,-19.7576956491639,-19.5786326553635,-19.5469322515294,-19.4836083789337,-19.353598751476,-19.1647671995622,-18.987008907494,-18.8064448304397,-18.7518757474799,-18.7285025152259,-18.7528324060456,-18.6399360437725,-18.5365970006782,-18.383190756183,-18.3568761198885,-18.3056334569119,-18.2490329044865,-18.2675492527726,-18.1329901491067,-18.2171362568871,-18.2420967905744,-18.3146800100556,-18.3363755649872,-18.4653474035075,-18.6314393283419,-18.7540261147175,-18.8195254362005,-18.8597247744189,-18.9389146724204,-18.996039128402,-19.1225881223626,-19.037705999256,-19.1657800700054,-19.2647129549027,-19.3427729051975,-19.3442800203454,-19.2865929015228,-19.2635476867643,-19.235308223303,-19.2780816686166,-19.4408062786173,-19.4523004309354,-19.4912853752662,-19.4361573492334,-19.3792059586371,-19.2305047347465,-19.1044862391963,-18.9846710955287,-19.0615827343296,-19.11888646026,-19.197950255413,-19.1502488748631,-19.166328221609,-19.1873972214523,-19.1792091116772,-19.2281486535093,-19.2627969935724,-19.1694421568972,-18.9757542198871,-18.9264498934493,-18.7721803968922,-18.621167751171,-18.414187711285,-18.2671842156363,-18.1194986629511,-18.0016152951028,-17.8546375454416,-17.7679472850917,-17.7507979599133,-17.7622655089235,-17.7079577401519,-17.7607593278433,-17.8183550053323,-17.7907545748238,-17.6909068100849,-17.7517185038933,-17.8163206676423,-18.1127935855328,-17.5361454841479,-17.3723602097008,NaN,NaN,NaN,NaN,NaN,NaN,NaN,NaN,NaN,NaN,NaN,NaN,NaN,NaN,NaN,NaN,NaN,NaN,NaN,NaN,NaN,NaN,NaN,NaN,NaN,NaN,NaN,NaN,NaN,NaN,NaN,NaN,NaN,NaN,NaN,NaN,NaN,NaN,NaN,NaN,NaN,NaN,NaN,NaN,NaN,-3.95104062498535,NaN,NaN,NaN,NaN,NaN,NaN,NaN,NaN,NaN,NaN,NaN,NaN,NaN,NaN,NaN,NaN,NaN,NaN,NaN,NaN,NaN
-18.2979069033962,-18.346333397248,-18.8074773724104,-18.8272152896569,-19.1961432634509,-19.3373514677214,-19.2938321513885,-19.2021658402693,-19.0695634992374,-19.1591833809534,-19.3579628208253,-19.2604509144434,-19.3341033818899,-19.5742611675661,-19.6926019587489,-19.8557782467625,-20.0251481131405,-19.8787980754757,-19.8254141853277,-19.7412207043311,-19.7060639819135,-19.5995589104718,-19.6138724413886,-19.5769845380778,-19.546086849447,-19.5580390363889,-19.5496655540379,-19.5782939736116,-19.4299984116323,-19.4611444003575,-19.38186071039,-19.2349152327891,-19.0924165447387,-18.884070795416,-18.7197150935758,-18.6848396354004,-18.6165530417593,-18.6699429694479,-18.583227808754,-18.4407704616634,-18.3304331562921,-18.3277127706279,-18.2524202232858,-18.1486928747321,-18.2476022379826,-18.1778158000379,-18.2367720096234,-18.2948741008087,-18.3866820917876,-18.4200586603765,-18.5963744465784,-18.7683311661276,-18.8055524926373,-18.8733419541881,-18.896243229491,-19.0207933230424,-19.0861273229178,-19.1749947787063,-19.0840349196955,-19.1985210457461,-19.295721083898,-19.3573411670445,-19.3577265604001,-19.2701569187544,-19.3092412858016,-19.2699136211331,-19.3213676351588,-19.4581126805963,-19.4518505491768,-19.4544341835055,-19.4552847341622,-19.3672373461637,-19.1637226428393,-19.0718380676323,-19.0189396947208,-19.0620509290442,-19.1116312906074,-19.2270095267991,-19.1706771336772,-19.1715455924409,-19.1588384642138,-19.1089322338083,-19.1072010861353,-19.1313596602562,-19.198015771439,-19.0164917587952,-18.985323885492,-18.8824572608837,-18.5901701953208,-18.3751100621462,-18.1640896621043,-17.9376441091259,-17.9299221682862,-17.7910683642211,-17.6848622540274,-17.6607957514754,-17.7492929302906,-17.752691434592,-17.7341740376463,-17.7847411918007,-17.7501535924433,-17.678438148011,-17.7860514306539,-17.9609087089486,-18.3515296950549,-17.983339866621,-17.6414459533331,NaN,NaN,NaN,NaN,NaN,NaN,NaN,NaN,NaN,NaN,NaN,NaN,NaN,NaN,NaN,NaN,NaN,NaN,NaN,NaN,NaN,NaN,NaN,NaN,NaN,NaN,NaN,NaN,NaN,NaN,NaN,NaN,NaN,NaN,NaN,NaN,NaN,NaN,NaN,NaN,NaN,NaN,NaN,NaN,NaN,-4.04329772811855,NaN,NaN,NaN,NaN,NaN,NaN,NaN,NaN,NaN,NaN,NaN,NaN,NaN,NaN,NaN,NaN,NaN,NaN,NaN,NaN,NaN
-18.2224189875093,-18.3076146014851,-18.7746024035199,-18.7889140824646,-19.1393998420445,-19.303109330644,-19.3324841906838,-19.2786340905199,-19.1523214207604,-19.2041448099541,-19.3694358718457,-19.2627260856584,-19.3173036896875,-19.5395599761282,-19.651234269941,-19.8884584170481,-19.9800089022048,-19.7085435153264,-19.7029817437383,-19.6064332301548,-19.5330239194431,-19.4566430313025,-19.5012068750191,-19.4250908326723,-19.4608446885931,-19.4597985032665,-19.405073671757,-19.3652846400941,-19.3434211957662,-19.3507016877263,-19.2563473386865,-19.135903532054,-18.9687272852551,-18.8053343958449,-18.6746851159723,-18.6844071008763,-18.493311350015,-18.4765145282589,-18.4738081018404,-18.4156307334914,-18.3588666649331,-18.357877690508,-18.3228745049661,-18.2232456852616,-18.2808791459525,-18.1794656195763,-18.2811748926011,-18.3573132219254,-18.4837921557144,-18.5522015382858,-18.6892200019628,-18.7938500938647,-18.8095353803237,-18.8868134638843,-18.9106093109173,-19.0063704759206,-19.0301138257874,-19.107863031039,-19.0727375656768,-19.1322398559677,-19.1882606254147,-19.2905666966185,-19.2613614470339,-19.1924710215783,-19.2614908498984,-19.2622151535321,-19.3027745771664,-19.4372388834958,-19.418960411788,-19.4406302045892,-19.4731109248839,-19.4207132365299,-19.2056407918433,-19.1690100544912,-19.0949483969521,-19.0908376584823,-19.1314831180927,-19.1288861401527,-19.0731266214046,-19.1397776297388,-19.1166190440799,-19.1023973951286,-19.1014460479722,-19.1541568374387,-19.1426712681837,-19.1328327606102,-19.0039136814471,-18.8472697866219,-18.5863520842078,-18.3779790327237,-18.1735038361901,-17.9738812447005,-17.9549943393613,-17.7954922771829,-17.6162846484961,-17.631981712702,-17.7322048817089,-17.8062163440761,-17.9077582823161,-17.9574005987506,-17.9718072276166,-17.7915757746835,-17.7347266059477,-17.8722216314703,-18.3290036543748,-17.9248868341973,-16.7969171550083,NaN,NaN,NaN,NaN,NaN,NaN,NaN,NaN,NaN,NaN,NaN,NaN,NaN,NaN,NaN,NaN,NaN,NaN,NaN,NaN,NaN,NaN,NaN,NaN,NaN,NaN,NaN,NaN,NaN,NaN,NaN,NaN,NaN,NaN,NaN,NaN,NaN,NaN,NaN,NaN,NaN,NaN,NaN,NaN,-4.26468419645511,-4.15225044362182,NaN,NaN,NaN,NaN,NaN,NaN,NaN,NaN,NaN,NaN,NaN,NaN,NaN,NaN,NaN,NaN,NaN,NaN,NaN,NaN,NaN
-18.1980440157479,-18.3461964932275,-18.8155843477462,-18.8145772207045,-19.0545178162955,-19.2602310596987,-19.3268315259127,-19.3233745653959,-19.2147498703465,-19.2400980572039,-19.315127318845,-19.2794050947007,-19.3276297786793,-19.518871004011,-19.6488534822072,-19.851809082041,-19.8433473638964,-19.6095307855223,-19.6099403012346,-19.5479814704112,-19.3681701545864,-19.3339172252892,-19.3233512571902,-19.259156650983,-19.2809861675265,-19.3036601082378,-19.2253341087555,-19.2258503955822,-19.2376043920263,-19.2843733876884,-19.1681555839033,-19.0314644551824,-18.835674792685,-18.754063988145,-18.5761992547593,-18.6188336543756,-18.4572166864129,-18.4248762876013,-18.4348962534974,-18.3368610183784,-18.3499375047317,-18.332921160377,-18.2467772729251,-18.2750328933357,-18.3455543798748,-18.2880749083183,-18.3867450041634,-18.4181893004908,-18.5152814135756,-18.5772130357402,-18.7287019260036,-18.8323361031713,-18.8763381316921,-18.9508752723625,-18.957089466765,-19.1041984223638,-19.1511651617762,-19.2104725123796,-19.1816011748497,-19.1302690260594,-19.2362203521561,-19.2897870863857,-19.2846183920558,-19.2226633330355,-19.2888030933996,-19.3097301638432,-19.2587319108824,-19.3093815790398,-19.2594356901648,-19.3188112222776,-19.3826786513556,-19.3373047497094,-19.1962400512945,-19.1066374431567,-19.0410687719253,-19.0289371684036,-19.0637490202048,-19.0729453577783,-19.0735616887384,-19.1133946725055,-19.1464822671121,-19.0738553185977,-19.094655604702,-19.0361667781077,-19.0614641478324,-19.1458053360295,-19.0346326356375,-18.7273898704442,-18.4091089663049,-18.2053267237357,-18.0201150311368,-17.9815117971167,-17.9679851431434,-17.8553336016559,-17.7001266002167,-17.7225152898616,-17.9065936180179,-17.9677928132649,-18.1310371013806,-18.1862918544768,-18.2482205839011,-18.2105537516382,-17.9823838796752,-18.0991169503094,-18.6205075242704,-18.7081186597287,-17.2119834788537,NaN,NaN,NaN,NaN,NaN,NaN,NaN,NaN,NaN,NaN,NaN,NaN,NaN,NaN,NaN,NaN,NaN,NaN,NaN,NaN,NaN,NaN,NaN,NaN,NaN,NaN,NaN,NaN,NaN,NaN,NaN,NaN,NaN,NaN,NaN,NaN,NaN,NaN,NaN,NaN,NaN,NaN,NaN,NaN,-4.37599006257585,NaN,NaN,NaN,NaN,NaN,NaN,NaN,NaN,NaN,NaN,NaN,NaN,NaN,NaN,NaN,NaN,NaN,NaN,NaN,NaN,NaN,NaN
-18.212623596645,-18.3632582096416,-18.8049508906886,-18.8050135463716,-19.018028245117,-19.1824563263925,-19.3595851654167,-19.3785858916921,-19.2074656543469,-19.2165305799545,-19.2698548684313,-19.3270054233323,-19.3350334309609,-19.5411348070112,-19.5907988909944,-19.71013574454,-19.6935150679979,-19.4716600554507,-19.4773668578957,-19.4130073517181,-19.2866215700666,-19.2715385768169,-19.2955836341598,-19.1295592893795,-19.1192706855052,-19.153647597701,-19.1003583510936,-19.1224922604215,-19.1409953578273,-19.1586372530248,-19.0417167194814,-18.9528351098224,-18.7871535936297,-18.6896531587692,-18.4664530302153,-18.5024950393857,-18.4164761983181,-18.3618787205605,-18.3959941674717,-18.3873686126075,-18.3647433175224,-18.3215516856445,-18.3668734499798,-18.2881850248694,-18.3572798204446,-18.2703342581133,-18.3405536388169,-18.3785696890609,-18.5098078174756,-18.5752797660913,-18.7136598505243,-18.8765401867453,-18.9004066186786,-18.9968614457102,-18.9840021088224,-18.9861854985458,-19.055802555391,-19.0654956638789,-19.0681544223764,-19.0847219485824,-19.0771431996475,-19.2300308768246,-19.1594849458725,-19.1393119124913,-19.2360631553083,-19.2303399855691,-19.210681827746,-19.1838830626872,-19.1474742260813,-19.2549358324733,-19.3605341568055,-19.3650741807607,-19.237822955212,-19.2178864676402,-19.1114308732684,-19.0818048597154,-19.0338287545042,-19.051898556378,-19.0992410324228,-19.1303496537419,-19.1709880452827,-19.1301109513146,-19.1268469258516,-19.0037342284758,-18.9747085595511,-18.9894371007842,-18.8494499853221,-18.6210262241328,-18.2731219337514,-18.0492986215173,-17.9228123793845,-17.8838692311426,-17.8115094035637,-17.8409572712199,-17.7853269283257,-17.7695144537204,-17.9070704276288,-18.0997355259925,-18.2542582924623,-18.3197855951281,-18.4182204061221,-18.3960585116465,-18.0721928780035,-18.2763079158114,-18.573116269547,-18.802317512562,NaN,NaN,NaN,NaN,NaN,NaN,NaN,NaN,NaN,NaN,NaN,NaN,NaN,NaN,NaN,NaN,NaN,NaN,NaN,NaN,NaN,NaN,NaN,NaN,NaN,NaN,NaN,NaN,NaN,NaN,NaN,NaN,NaN,NaN,NaN,NaN,NaN,NaN,NaN,NaN,NaN,NaN,NaN,NaN,NaN,-4.47112566875762,NaN,NaN,NaN,NaN,NaN,NaN,NaN,NaN,NaN,NaN,NaN,NaN,NaN,NaN,NaN,NaN,NaN,NaN,NaN,NaN,NaN,NaN
-18.2049634360015,-18.3876147068027,-18.8076369542104,-18.8333819148055,-18.9581404423167,-19.12891068667,-19.3303162783546,-19.362693936175,-19.0859832612011,-19.1050862504988,-19.1588072629358,-19.287292959197,-19.2894083751365,-19.4844340337342,-19.5404513094652,-19.6146543746004,-19.5678726226249,-19.4136234854349,-19.3560084197338,-19.3036074094445,-19.2319531987454,-19.2419286632598,-19.2402611976988,-19.0545603885079,-19.0191125316554,-19.0473691232796,-18.9817218672456,-19.0107422949063,-19.1202471435433,-19.0947035354384,-18.9719900272577,-18.894131288763,-18.822659746316,-18.7095956105838,-18.4002754868181,-18.3847048980751,-18.3190578544591,-18.3031345496124,-18.4068134238045,-18.3963038119915,-18.3392127770932,-18.3090416715606,-18.2804051267423,-18.3287091364923,-18.4076179026952,-18.3543229546787,-18.4211316424732,-18.4300094446291,-18.573300444539,-18.5948033448432,-18.7220346298442,-18.8899644877197,-18.9428376798348,-19.0274191045195,-19.0578895208236,-19.0801115452861,-19.1159330713406,-19.1079970253024,-19.0759268798586,-19.0571480232143,-19.1178833664859,-19.1996962317368,-19.1667961530541,-19.0899700468916,-19.1284429165027,-19.0773337026688,-19.0915772132113,-19.0969324690822,-19.0124442294866,-19.1472645750035,-19.2554598027126,-19.2503094058839,-19.1213236842813,-19.1384659287569,-19.1367325235765,-19.1196115006385,-19.1113264542047,-19.1256276023537,-19.1266427334507,-19.1392291271045,-19.1365652322719,-19.1370120458108,-19.1493275622296,-19.0349431797064,-18.917985982817,-18.8716050845993,-18.7233703077334,-18.5929357698494,-18.2410629894863,-17.9530712691562,-17.8212059723875,-17.6927707843229,-17.7210317917763,-17.7238156713531,-17.742421419891,-17.7880979826386,-17.9739378755141,-18.0097104148543,-18.1110079988046,-18.3202739386387,-18.4006166260336,-18.3792932556665,-18.179666578806,-18.1915991325789,-18.3552777780202,-18.6897358887554,NaN,NaN,NaN,NaN,NaN,NaN,NaN,NaN,NaN,NaN,NaN,NaN,NaN,NaN,NaN,NaN,NaN,NaN,NaN,NaN,NaN,NaN,NaN,NaN,NaN,NaN,NaN,NaN,NaN,NaN,NaN,NaN,NaN,NaN,NaN,NaN,NaN,NaN,NaN,NaN,NaN,NaN,NaN,NaN,NaN,-4.57188436801789,NaN,NaN,NaN,NaN,NaN,NaN,NaN,NaN,NaN,NaN,NaN,NaN,NaN,NaN,NaN,NaN,NaN,NaN,NaN,NaN,NaN,NaN
-18.2306090106522,-18.4186050821252,-18.8084274720258,-18.7999163762425,-18.9612721144613,-19.0197375636071,-19.3233949678194,-19.2744548916149,-18.9752940919254,-19.0195822887892,-19.0536997092246,-19.2165211897357,-19.2663275620515,-19.4234309606938,-19.4627446698061,-19.5383163467215,-19.5408953432976,-19.4038404516577,-19.3030617445539,-19.2686580625613,-19.202684450648,-19.2312010713715,-19.182100171092,-19.0352663352872,-18.9626630794637,-18.9656784443055,-18.9234991021007,-18.9849125700898,-19.103602217447,-19.0475421349736,-18.9784135452506,-18.8509147750785,-18.8113242417583,-18.6224545858696,-18.3451050460591,-18.2727191784379,-18.1931659063248,-18.189887340014,-18.3316444415001,-18.3770001207874,-18.2970170233348,-18.3330618319633,-18.3548067847105,-18.2632868295051,-18.3335929821614,-18.3450196874147,-18.4253594344327,-18.4495816940753,-18.5841545462335,-18.6276025414247,-18.7544085870613,-18.8528872642148,-18.8869131516975,-19.0332768178,-19.0353571020179,-19.0816816965535,-19.0482082379207,-19.0285946362031,-18.9477356011109,-18.9438112480299,-18.8989424577542,-19.0050818112989,-18.9479089836957,-18.956699917106,-18.9907348555682,-18.9686538284425,-18.96403278952,-18.9241360206508,-18.9200871802996,-19.0545960185533,-19.1980810547765,-19.2473284408426,-19.2065902774843,-19.2214209317465,-19.2209440855647,-19.1724554934465,-19.1698480905276,-19.1668605020894,-19.1630142942686,-19.0972378557479,-19.1347056143538,-19.1426679489168,-19.1252381466883,-19.0388611865071,-18.9695166928265,-18.847673134222,-18.6109893843433,-18.4628386344065,-18.187718333807,-17.9025466523965,-17.7922208172283,-17.6390178096761,-17.5984186649132,-17.6065945461921,-17.5536905299815,-17.6466665912819,-17.7453957532116,-17.8615411990926,-18.1261585800092,-18.4127610347552,-18.471519680404,-18.4475581537933,-18.3164867808553,-18.3818446373301,-18.6335202329295,-18.8737637458445,NaN,NaN,NaN,NaN,NaN,NaN,NaN,NaN,NaN,NaN,NaN,NaN,NaN,NaN,NaN,NaN,NaN,NaN,NaN,NaN,NaN,NaN,NaN,NaN,NaN,NaN,NaN,NaN,NaN,NaN,NaN,NaN,NaN,NaN,NaN,NaN,NaN,NaN,NaN,NaN,NaN,NaN,NaN,NaN,NaN,-4.67677417076311,NaN,NaN,NaN,NaN,NaN,NaN,NaN,NaN,NaN,NaN,NaN,NaN,NaN,NaN,NaN,NaN,NaN,NaN,NaN,NaN,NaN,NaN
-18.2151218685185,-18.3869965156312,-18.7588282589796,-18.8311024389479,-18.9344278752145,-18.9781974204622,-19.2809772107807,-19.2216332557707,-18.9090634037451,-18.9320822032842,-19.0440513133401,-19.1388450904747,-19.2127228136444,-19.3996301816975,-19.3652552277229,-19.499971882489,-19.4899809362448,-19.4010351446632,-19.2870346597548,-19.2470036021039,-19.1832915826826,-19.1933914097546,-19.1272063537015,-19.0307977308254,-18.902369366533,-18.9123705562172,-18.8262863440783,-18.8487831293093,-18.9810973027236,-19.0100117777112,-18.9117568549967,-18.7873312367784,-18.7569449186548,-18.5718186705607,-18.3210914804525,-18.2712490673076,-18.1599593919094,-18.1561931549726,-18.2870326824197,-18.343112336082,-18.3090429691152,-18.3554130949604,-18.2622137307595,-18.2660146678753,-18.3533484965532,-18.3674161284759,-18.4410515321096,-18.4911266391379,-18.597521310811,-18.6604931755658,-18.7480805850313,-18.860490247911,-18.9326401492291,-19.040610239902,-19.039530968597,-19.0693980756923,-19.0425217081838,-19.0358380307645,-18.9546859844886,-18.9414428228217,-18.9170014572603,-18.9300446793573,-18.8795865105853,-18.8430003408242,-18.9165779992129,-18.8208377365424,-18.8045876588781,-18.8235885965541,-18.8363743372333,-18.9345467742522,-19.0715782552073,-19.1265251583805,-19.1436933404669,-19.1675521011518,-19.1572282907964,-19.1619932012554,-19.1267481582204,-19.1157148983835,-19.0947558127603,-19.0922897507911,-19.0959604330492,-19.1246484062247,-19.1187231354876,-19.0397063459984,-18.9938229471186,-18.7546075983639,-18.4778921596039,-18.2317813182461,-18.0108690713508,-17.7180377586994,-17.6228301944965,-17.5029731281876,-17.3696742423592,-17.3747727513019,-17.2531201971228,-17.3053696191777,-17.4221853775566,-17.5877317760238,-17.8817803860865,-18.1477066288504,-18.337584611656,-18.2183910300298,-18.1995215844226,-18.4638976415243,-18.6502500477162,-18.3524390815969,-16.6642482673664,NaN,NaN,NaN,NaN,NaN,NaN,NaN,NaN,NaN,NaN,NaN,NaN,NaN,NaN,NaN,NaN,NaN,NaN,NaN,NaN,NaN,NaN,NaN,NaN,NaN,NaN,NaN,NaN,NaN,NaN,NaN,NaN,NaN,NaN,NaN,NaN,NaN,NaN,NaN,NaN,NaN,NaN,NaN,NaN,-4.77291121161994,NaN,NaN,NaN,NaN,NaN,NaN,NaN,NaN,NaN,NaN,NaN,NaN,NaN,NaN,NaN,NaN,NaN,NaN,NaN,NaN,NaN,NaN
-18.2205222661678,-18.4021458250822,-18.8239265351227,-18.8690685892208,-18.9317997336667,-18.9473415269039,-19.2033720384388,-19.1567460717685,-18.9160973000773,-18.8526547503606,-19.0701198756255,-19.070432035706,-19.152998756606,-19.221589358031,-19.2601922686333,-19.4728528157815,-19.4811459049638,-19.3581567139779,-19.2738934242914,-19.3092589427019,-19.2024645736628,-19.160368473408,-19.0276107939464,-18.9388128449613,-18.8701878838659,-18.8566461807386,-18.8187189137619,-18.7935121418536,-18.9282431665365,-18.9490971611901,-18.8320385330608,-18.6878084866415,-18.7319353322312,-18.5077137050012,-18.3428861651851,-18.200654619452,-18.1005936203741,-18.0936626762322,-18.2145845988302,-18.2948741136827,-18.3105921535896,-18.3169861135609,-18.365800280789,-18.3301510581479,-18.3845647030587,-18.4228350686121,-18.4920975411684,-18.5429101394171,-18.6626856004705,-18.6884110283126,-18.7674520140748,-18.881750567038,-18.960346554402,-19.0284143416297,-19.0213036069256,-18.9681965261626,-18.9096214592667,-18.9116788927925,-18.7971292725825,-18.7267889068099,-18.6631300668226,-18.7330441702075,-18.686243611438,-18.6860548310249,-18.7681923742016,-18.741015089985,-18.6546957765631,-18.6592503477609,-18.6942391512201,-18.8297392387267,-18.9711601189763,-19.0711992377824,-19.1479590606351,-19.1608099780635,-19.0889027289341,-19.1218618424743,-19.0749007879216,-19.0275648078266,-19.0146026166539,-18.9900329364367,-19.0176877954171,-19.0669675131147,-19.1035563996634,-19.0715702264472,-19.0073947842037,-18.7086406845165,-18.3824567879059,-18.0870139430978,-17.9289817574321,-17.6226250543498,-17.5474661176875,-17.4269162845329,-17.3224833417955,-17.3298629718932,-17.2420804792702,-17.2252968314647,-17.3062394693721,-17.4531701184182,-17.5162906874689,-17.6420293530221,-17.9303170508943,-18.0365452695407,-18.2029764321768,-18.2421672163993,-18.331759241667,-18.1410977946123,-17.4754785632222,-15.3592499938259,NaN,NaN,NaN,NaN,NaN,NaN,NaN,NaN,NaN,NaN,NaN,NaN,NaN,NaN,NaN,NaN,NaN,NaN,NaN,NaN,NaN,NaN,NaN,NaN,NaN,NaN,NaN,NaN,NaN,NaN,NaN,NaN,NaN,NaN,NaN,NaN,NaN,NaN,NaN,NaN,NaN,NaN,-4.96230097509016,-4.86401872752896,NaN,NaN,NaN,NaN,NaN,NaN,NaN,NaN,NaN,NaN,NaN,NaN,NaN,NaN,NaN,NaN,NaN,NaN,NaN,NaN,NaN,NaN
-18.306564786072,-18.4459140148199,-18.8914077109877,-18.9143441171154,-18.9332923999769,-18.9692117151653,-19.200304477067,-19.109832407092,-18.8990953503498,-18.8763200247829,-19.0368178702926,-19.0564449986114,-19.0875382942713,-19.0736852876882,-19.1522343282197,-19.3266341864299,-19.3423647963828,-19.2498443551183,-19.168093966577,-19.196579350794,-19.1585788914005,-19.126363990029,-18.9821063839547,-18.8857229131618,-18.8050484493624,-18.7460585136564,-18.7127089002618,-18.6670297920488,-18.8258845033168,-18.8499920414528,-18.7514837168424,-18.6754774816534,-18.6577396331656,-18.5252136155312,-18.3983199560316,-18.1749683835094,-18.0877460674419,-18.0228826034651,-18.1557370551249,-18.1827121339438,-18.3129194140665,-18.2917763281039,-18.398867619239,-18.4086308010635,-18.429086839629,-18.3816590123628,-18.5272179528419,-18.5649058113048,-18.6625571669821,-18.7155712876277,-18.7757094624141,-18.9206623384779,-19.0077798946696,-19.0142671534524,-19.0139484140204,-18.9546548807753,-18.8681992401217,-18.7992916099566,-18.7831615176864,-18.690674241085,-18.6486414385306,-18.7219196288786,-18.6913548413821,-18.6964974755041,-18.7641927835493,-18.6761159400455,-18.5462608014627,-18.552549564463,-18.5630819041383,-18.6819718164398,-18.8133985130451,-18.9401911248295,-19.0256050059931,-19.0458141566797,-19.0323742406084,-19.0293698169475,-18.9893405412093,-18.9657956385959,-18.909620614783,-18.8950774459909,-18.8991032356766,-18.9286390668848,-19.0578667972448,-19.0160172364335,-18.973097468402,-18.6170998231104,-18.3457917943647,-18.0182143778306,-17.7475668164596,-17.4773160850926,-17.345133068183,-17.2610165194516,-17.1527006241979,-17.133718103952,-17.0244778650383,-17.0460109705618,-17.0321670402608,-17.1755714524636,-17.2554286967645,-17.426991294924,-17.5876974084538,-17.8689378505787,-18.0227230152461,-17.7213380720718,-17.712150450233,-17.7126881385399,-18.0040430999432,-17.395259265688,-15.2824987829551,NaN,NaN,NaN,NaN,NaN,NaN,NaN,NaN,NaN,NaN,NaN,NaN,NaN,NaN,NaN,NaN,NaN,NaN,NaN,NaN,NaN,NaN,NaN,NaN,NaN,NaN,NaN,NaN,NaN,NaN,NaN,NaN,NaN,NaN,NaN,NaN,NaN,NaN,NaN,NaN,NaN,-5.05087906820734,NaN,NaN,NaN,NaN,NaN,NaN,NaN,NaN,NaN,NaN,NaN,NaN,NaN,NaN,NaN,NaN,NaN,NaN,NaN,NaN,NaN,NaN,NaN
-18.3744652257466,-18.4922811040722,-18.9712316148078,-18.9785441345218,-18.9655313696443,-18.9980017451644,-19.3007555651778,-19.1379792601007,-18.9192967119463,-18.8594506654076,-19.0230912984306,-19.0074312699312,-18.975451169317,-19.0000430081084,-19.11297156903,-19.3035714381822,-19.2092040750603,-19.0828545358241,-19.0460597101995,-19.0732312678028,-19.0561257571706,-19.0535136587254,-18.8967020206657,-18.7782102657137,-18.7302836206962,-18.7190966532756,-18.5812675333162,-18.5117696702543,-18.699992453051,-18.7559138274466,-18.7008317817132,-18.6227928123643,-18.6139962793587,-18.4899416422696,-18.3822127533535,-18.1946283797699,-18.1482549176058,-18.0798538873706,-18.0801510165358,-18.1510330429043,-18.2741196597077,-18.3223211660207,-18.4447940227416,-18.4225854086958,-18.4073419657096,-18.398296637141,-18.5563066944235,-18.5424759100382,-18.6629481924959,-18.7327281184638,-18.8028856135813,-18.8406180649486,-18.9194518392928,-19.0747893789163,-19.0144752241559,-18.9564380559358,-18.846213843626,-18.6589447720134,-18.6261185497689,-18.4973865278589,-18.4591619490356,-18.6042829057464,-18.5221395873889,-18.5320575474283,-18.6613871001433,-18.6012022568144,-18.4798362147038,-18.4945187818198,-18.5385386250418,-18.6732699955338,-18.8575948089631,-19.0016889915576,-18.9827673941034,-18.9612333272756,-18.9687586178376,-19.0036722068149,-18.9645116415156,-18.8852880512904,-18.8000700754788,-18.7751124767004,-18.7656749086447,-18.8524157248444,-18.9517814037794,-18.9322082215306,-18.9085061700498,-18.5710818986784,-18.2781654308565,-17.9604204302988,-17.6396235808306,-17.4049825016431,-17.2306961984161,-17.1530527742937,-17.0322076811525,-16.9346482312718,-16.9411312066236,-16.966016532427,-16.8975255004581,-16.9727588955626,-17.1854273235382,-17.3249456738758,-17.5036649041094,-17.7313830680849,-17.5028998865612,-17.0890668981468,-16.9298756885181,-16.7521515156321,-17.2086095189034,-17.4124912211056,-17.8037431463281,NaN,NaN,NaN,NaN,NaN,NaN,NaN,NaN,NaN,NaN,NaN,NaN,NaN,NaN,NaN,NaN,NaN,NaN,NaN,NaN,NaN,NaN,NaN,NaN,NaN,NaN,NaN,NaN,NaN,NaN,NaN,NaN,NaN,NaN,NaN,NaN,NaN,NaN,NaN,NaN,NaN,-5.13922375715686,NaN,NaN,NaN,NaN,NaN,NaN,NaN,NaN,NaN,NaN,NaN,NaN,NaN,NaN,NaN,NaN,NaN,NaN,NaN,NaN,NaN,NaN,NaN
-18.5060776292599,-18.5756288982483,-19.0412225504907,-18.9837267454277,-19.0682947879255,-19.0896171929506,-19.3611053171059,-19.2145082051435,-18.9352420341384,-18.8352648404921,-18.962726516598,-18.9654388386025,-18.9116523454542,-18.9905089323012,-19.1034762696563,-19.2291833384674,-19.0313873762276,-18.900645973141,-18.8773460875455,-18.9754724698623,-18.9755564238905,-18.9867733361799,-18.7984244672335,-18.7349860607303,-18.7713263419992,-18.6729579422393,-18.4787655460965,-18.4195941057553,-18.5796114491835,-18.6199983499625,-18.6136829572486,-18.525559499626,-18.5185410131687,-18.4097139653898,-18.3298868229201,-18.124909862053,-18.1079328513426,-18.1041237333918,-18.0448221122869,-18.0550203822015,-18.2527849859941,-18.2684980643962,-18.3683913832127,-18.3657407942686,-18.3775009335129,-18.3720910046287,-18.517506925086,-18.5270456769618,-18.6520121962446,-18.6926905496952,-18.7247508356808,-18.8474656846177,-18.9130759787071,-19.0243907282218,-18.931412103967,-18.8684479389325,-18.7573258022112,-18.6720472371608,-18.6700633083602,-18.5331759299512,-18.5685721326166,-18.6104565055775,-18.6068848191421,-18.5814389511717,-18.6504191159114,-18.5275672165228,-18.4571297309666,-18.4376358383296,-18.5474197563579,-18.6689004478583,-18.8170767862829,-18.9167633174508,-18.9516347065742,-19.0346182086731,-18.9292179866155,-19.0221252206002,-18.9587797137543,-18.8942457620511,-18.8470998475266,-18.8152964652544,-18.8101615763635,-18.8458692979375,-18.9426046850394,-18.9272345814585,-18.8995991136641,-18.574221757947,-18.2781514412847,-17.9093505925787,-17.5837499436901,-17.324345645815,-17.1502464099422,-17.1018321021133,-16.8617339346902,-16.7975953392245,-16.8618488111105,-16.9079084462658,-16.8087310082282,-16.9150011249453,-17.1498946374293,-17.4340498893351,-17.5473270515766,-17.4737200905149,-17.2199183262206,-16.8986115539054,-16.7020006257389,-16.4308394952274,-16.6878959696134,-17.0322762769373,-16.6055141679903,NaN,NaN,NaN,NaN,NaN,NaN,NaN,NaN,NaN,NaN,NaN,NaN,NaN,NaN,NaN,NaN,NaN,NaN,NaN,NaN,NaN,NaN,NaN,NaN,NaN,NaN,NaN,NaN,NaN,NaN,NaN,NaN,NaN,NaN,NaN,NaN,NaN,NaN,NaN,NaN,-5.30935327973128,-5.21550265908007,NaN,NaN,NaN,NaN,NaN,NaN,NaN,NaN,NaN,NaN,NaN,NaN,NaN,NaN,NaN,NaN,NaN,NaN,NaN,NaN,NaN,NaN,NaN
-18.5175432547093,-18.5865022665844,-19.0934204888973,-19.0760304551279,-19.1635387061443,-19.1299341439553,-19.3905570082455,-19.2982112667431,-19.0237845047272,-18.8762993618899,-18.9104359581029,-18.9687655717769,-18.9365474286487,-18.9981523844381,-19.0689450682588,-19.0679029078976,-18.8996431788516,-18.7565889513003,-18.8177142550778,-18.8966390244987,-18.9291893823701,-18.9052983790676,-18.7159410658519,-18.7407866205016,-18.7500616449088,-18.5742704197398,-18.3664588911809,-18.3070852170015,-18.4677186388803,-18.5369846496761,-18.5506708703554,-18.509899173151,-18.4380962049899,-18.3663254330137,-18.2434447175422,-18.0486395962627,-18.0456868838264,-18.0748517288137,-18.0136638676839,-18.0907431322186,-18.2306971347552,-18.300586210717,-18.4448634280053,-18.3418365642285,-18.3539433935925,-18.3613731953064,-18.4788550152462,-18.4833330449432,-18.5919663539798,-18.5725200506467,-18.6138153620155,-18.8011894933329,-18.8906539570095,-19.0064777056435,-18.9321641166878,-18.8529665638773,-18.753068965949,-18.5955297326245,-18.4831861689115,-18.3759743193368,-18.3559430296865,-18.4423504810012,-18.4564850983222,-18.445250628617,-18.5050807904265,-18.4710428141454,-18.4408446738514,-18.435598475842,-18.572588338025,-18.7668262975288,-18.8761800972976,-18.9388418220435,-18.9593893513881,-18.9980429017055,-18.9329907401511,-19.0260534727187,-19.0378387767214,-18.925763503121,-18.869645609409,-18.7883866709331,-18.7730620040333,-18.7615872581364,-18.8192098461856,-18.9155618216705,-18.8611353836131,-18.5831031162981,-18.2769257683024,-17.8772567726397,-17.5262764809125,-17.2268018113567,-17.0539938421622,-16.8878839918279,-16.663655810234,-16.558745191479,-16.5948753578529,-16.6730106057715,-16.672156808385,-16.7292422915272,-17.099361669047,-17.227046824073,-17.2343882951577,-17.1199430782096,-16.940301415828,-16.725321558599,-16.4825666662496,-16.2206173756927,-16.2029249135975,-16.6237495477766,-17.2810443737363,NaN,NaN,NaN,NaN,NaN,NaN,NaN,NaN,NaN,NaN,NaN,NaN,NaN,NaN,NaN,NaN,NaN,NaN,NaN,NaN,NaN,NaN,NaN,NaN,NaN,NaN,NaN,NaN,NaN,NaN,NaN,NaN,NaN,NaN,NaN,NaN,NaN,NaN,NaN,NaN,-5.39144634885167,NaN,NaN,NaN,NaN,NaN,NaN,NaN,NaN,NaN,NaN,NaN,NaN,NaN,NaN,NaN,NaN,NaN,NaN,NaN,NaN,NaN,NaN,NaN,NaN
-18.5581381265689,-18.6529914604447,-19.1298914122942,-19.1317120364097,-19.2952468940838,-19.1924798574906,-19.4133223145413,-19.3501962566475,-19.1086923688224,-18.9277391686005,-18.8695822095885,-18.9895913545105,-18.9847259681981,-18.9941165716935,-18.9583018870701,-18.8970467859446,-18.8095336855701,-18.687932286238,-18.7668737902339,-18.8174075445828,-18.8553545068213,-18.8146456323843,-18.7273182708498,-18.7254283627162,-18.7090775768735,-18.4644171345496,-18.3328161403927,-18.3512671556247,-18.4587225004562,-18.5208086408227,-18.5312314265376,-18.4162750416302,-18.3652764301474,-18.3225963669033,-18.1933527011423,-17.9934973766668,-17.9961733934541,-18.0271942316814,-18.0108059611799,-18.0787771233326,-18.2165302339147,-18.2927061478711,-18.3981725995136,-18.3956747465646,-18.3731420838322,-18.3437533972869,-18.4379875377757,-18.4683690025864,-18.5579049616788,-18.5387096220667,-18.6159997633326,-18.7380850606341,-18.8182350782807,-18.8781983416091,-18.7863284148907,-18.7655708553816,-18.701564932225,-18.6334735910372,-18.4982940902179,-18.3886029721693,-18.3629877163812,-18.3894077189738,-18.4248921679649,-18.4781281407221,-18.4443811099272,-18.3511525210303,-18.3903107814959,-18.3854020157373,-18.512346004014,-18.6855345174325,-18.7352552134424,-18.8210054063617,-18.8276267165032,-18.9480385446525,-18.8962130981538,-19.0487927469916,-19.0609275023822,-19.0133881314441,-18.9457046685746,-18.851343164539,-18.8149198463693,-18.7189758427806,-18.7877260688483,-18.8778329704643,-18.8276699743123,-18.566542652808,-18.3436141518782,-17.9566242591625,-17.6508771660644,-17.2575085189789,-16.9735566808423,-16.793545703619,-16.4719148464968,-16.3851781187024,-16.3551217592573,-16.4113479245698,-16.25687205593,-16.3200600922021,-16.7138208418555,-16.9632373114235,-16.985222261952,-17.0435059856382,-16.9006186354866,-16.7085239979191,-16.3853249443216,-15.8467666689361,-15.8891454770744,-16.3291163839833,-16.4887982702815,NaN,NaN,NaN,NaN,NaN,NaN,NaN,NaN,NaN,NaN,NaN,NaN,NaN,NaN,NaN,NaN,NaN,NaN,NaN,NaN,NaN,NaN,NaN,NaN,NaN,NaN,NaN,NaN,NaN,NaN,NaN,NaN,NaN,NaN,NaN,NaN,NaN,NaN,NaN,NaN,-5.46772533176852,NaN,NaN,NaN,NaN,NaN,NaN,NaN,NaN,NaN,NaN,NaN,NaN,NaN,NaN,NaN,NaN,NaN,NaN,NaN,NaN,NaN,NaN,NaN,NaN
-18.5958302040203,-18.7666292978379,-19.1891032544549,-19.2413453545021,-19.3116191905781,-19.2515215865568,-19.4491913379957,-19.3690659172983,-19.1306788640051,-18.9773352125154,-18.8974298511646,-19.0276501916531,-18.9788789051519,-18.9000234696607,-18.8226780975962,-18.7954494970716,-18.7616582763462,-18.7210993099968,-18.6816444703248,-18.7564526086493,-18.803553992359,-18.7191733370714,-18.7218072414325,-18.7036807202412,-18.6662613357487,-18.4470555301319,-18.3157938360645,-18.3221333900663,-18.4646147092578,-18.5262144535131,-18.4854116723861,-18.3483223304697,-18.2379412044975,-18.2102686623823,-18.138729406434,-18.0045552757148,-17.9566328432043,-17.9832602278107,-18.0308420685457,-18.1304737996103,-18.2409189018372,-18.3092992559152,-18.4308465338238,-18.4129927671657,-18.4254499422333,-18.3981646512662,-18.4786833716815,-18.4393339578264,-18.4617879335131,-18.4889990712752,-18.6211235769175,-18.7260235303188,-18.7802329746198,-18.8011393263113,-18.7478555074841,-18.7271053753472,-18.6697002636149,-18.5721248920063,-18.4373196333645,-18.3500790057096,-18.2903867112953,-18.2922606908397,-18.2929182339276,-18.3523725689982,-18.4191159504495,-18.4548529852101,-18.4123852608756,-18.4712415546102,-18.6003903832527,-18.7564054361561,-18.8417789172719,-18.8709763539936,-18.862800979227,-18.8951614450799,-18.8877343997115,-18.9977877963173,-19.0567626286658,-18.9996015366305,-18.9825379608501,-18.9118409734751,-18.8458963072384,-18.678084193564,-18.6819282135953,-18.76094542407,-18.7667925386243,-18.614414039237,-18.3015611911555,-17.9769858066787,-17.6170885778125,-17.1840753562112,-16.867881838715,-16.5443116263195,-16.2538105804401,-16.0719067224584,-15.9759711519338,-16.0574288568146,-16.0089732490634,-16.0069321636627,-16.284533024044,-16.5242431511217,-16.6066895326242,-16.9000747279916,-16.8722377051409,-16.7167982535978,-16.3515660590935,-15.8976819258053,-16.0298764947132,-16.3852473977262,-16.7266817252039,NaN,NaN,NaN,NaN,NaN,NaN,NaN,NaN,NaN,NaN,NaN,NaN,NaN,NaN,NaN,NaN,NaN,NaN,NaN,NaN,NaN,NaN,NaN,NaN,NaN,NaN,NaN,NaN,NaN,NaN,NaN,NaN,NaN,NaN,NaN,NaN,NaN,NaN,NaN,NaN,-5.54349115892109,NaN,NaN,NaN,NaN,NaN,NaN,NaN,NaN,NaN,NaN,NaN,NaN,NaN,NaN,NaN,NaN,NaN,NaN,NaN,NaN,NaN,NaN,NaN,NaN
-18.6785013386975,-18.8910451472867,-19.2088641495554,-19.3316676319025,-19.4186449052541,-19.3134102047777,-19.448231983767,-19.416076387035,-19.191997721544,-18.9799447781914,-18.9010709126998,-19.0372750731235,-18.9241564162938,-18.838418225208,-18.7888856688101,-18.6890483118736,-18.6819712451675,-18.6404113951525,-18.5987767263672,-18.6991973307819,-18.743589023451,-18.6906949111132,-18.7363183434492,-18.709178719888,-18.6345802111918,-18.4280363434478,-18.3345136869147,-18.3624760533516,-18.5437164854101,-18.5586771457915,-18.4598437971632,-18.247762190338,-18.1686716129327,-18.1078096328976,-18.1314194464981,-17.9994282573253,-17.9301483260277,-17.9369411713454,-18.0522766301314,-18.1397493395981,-18.2381197134069,-18.2975460408472,-18.3779582799297,-18.4219371811263,-18.4160051635102,-18.36885849453,-18.4610098846989,-18.4129185345726,-18.4405657224025,-18.479457586677,-18.5956338820602,-18.6064805612804,-18.6799741214721,-18.7280614074389,-18.6731881314271,-18.647030037655,-18.5798895809147,-18.4647214820486,-18.3114965251089,-18.2287249829453,-18.170256316163,-18.1901844947239,-18.2799672238898,-18.3005802885882,-18.3003276111185,-18.2362340997233,-18.2848778241051,-18.3818627558408,-18.5589519743721,-18.6599607249321,-18.6698543536513,-18.758346443556,-18.7420649872812,-18.8228074635957,-18.8960705846083,-18.9583566213023,-18.9415442453715,-18.8951731610522,-18.9679799929071,-18.9334090864096,-18.8514197166609,-18.6408473204874,-18.5893841925225,-18.6353690859423,-18.6543716280631,-18.4987628021472,-18.222122480689,-17.9821830135738,-17.6141545663713,-17.1273353222147,-16.7224943660996,-16.2804880031698,-15.9746924483049,-15.9317729739075,-15.8829275624219,-15.944718799524,-16.0653142363112,-15.9622975504398,-16.1565054798242,-16.4707061229244,-16.5482800048924,-16.7670353912951,-16.8492341162562,-16.7704271280602,-16.488811369652,-16.0378678387572,-16.1773144815525,-16.2638578558517,-16.0378080712333,NaN,NaN,NaN,NaN,NaN,NaN,NaN,NaN,NaN,NaN,NaN,NaN,NaN,NaN,NaN,NaN,NaN,NaN,NaN,NaN,NaN,NaN,NaN,NaN,NaN,NaN,NaN,NaN,NaN,NaN,NaN,NaN,NaN,NaN,NaN,NaN,NaN,NaN,NaN,-5.7014555229278,-5.62064590182797,NaN,NaN,NaN,NaN,NaN,NaN,NaN,NaN,NaN,NaN,NaN,NaN,NaN,NaN,NaN,NaN,NaN,NaN,NaN,NaN,NaN,NaN,NaN,NaN
-18.7722106274921,-18.9834770901355,-19.3242859291069,-19.3948098633205,-19.4383705680717,-19.367936595826,-19.4454001341516,-19.4020766460703,-19.1427861297022,-19.0156240051123,-18.8593538598428,-18.9840185892367,-18.8267900378274,-18.6842601491383,-18.7499809219046,-18.6059292379932,-18.5507583674722,-18.5770860777918,-18.5709704310643,-18.6470803127862,-18.6528789710957,-18.7120757302873,-18.7362005589724,-18.7159373183047,-18.6830361945959,-18.411084134623,-18.3112482437837,-18.427805343669,-18.5166032543125,-18.507204028617,-18.3749151159466,-18.1574943613487,-18.0586098615853,-18.0171940173816,-18.0836640717492,-17.9921589469928,-17.9486065796218,-17.9603598438488,-18.0231480222566,-18.1292286272863,-18.2313646054669,-18.3012915603212,-18.3813285174808,-18.3756405217179,-18.4439815786217,-18.357849195723,-18.4407642978072,-18.4210655631366,-18.4563332588555,-18.4530137034169,-18.5017440671975,-18.5049296823044,-18.546806503166,-18.6050870231767,-18.5990481315711,-18.5292314989384,-18.4881120804425,-18.3401706337367,-18.2437227125882,-18.1558247373968,-18.0949174357829,-18.1352204054932,-18.2464216868226,-18.3319851359484,-18.3916166589113,-18.4504049139644,-18.427540568135,-18.482856775925,-18.7199710840743,-18.8181152574686,-18.8316719605862,-18.8546701083586,-18.8678078403549,-18.7897446024874,-18.826120225715,-18.8420150359258,-18.825354682754,-18.8016896865004,-18.9118600200027,-18.915539532014,-18.8357932774036,-18.6588164864646,-18.5700328226688,-18.6070432951057,-18.5894880344323,-18.4026151395088,-18.0903109590905,-17.7818889387473,-17.3970081687818,-16.97001278258,-16.5173649637161,-16.0498847675438,-15.8009557792965,-15.6889059566626,-15.7545809027367,-15.8762039518431,-16.0465865594016,-16.2355430572949,-16.3617897770521,-16.5445896572187,-16.5253445811618,-16.6292280207103,-16.6261701656906,-16.4902025358635,-16.0257876360728,-15.7299300412551,-16.0345863451271,-16.9661457009933,-16.4910210622162,NaN,NaN,NaN,NaN,NaN,NaN,NaN,NaN,NaN,NaN,NaN,NaN,NaN,NaN,NaN,NaN,NaN,NaN,NaN,NaN,NaN,NaN,NaN,NaN,NaN,NaN,NaN,NaN,NaN,NaN,NaN,NaN,NaN,NaN,NaN,NaN,NaN,NaN,-5.89325460906826,-5.77859657177231,NaN,NaN,NaN,NaN,NaN,NaN,NaN,NaN,NaN,NaN,NaN,NaN,NaN,NaN,NaN,NaN,NaN,NaN,NaN,NaN,NaN,NaN,NaN,NaN,NaN
-18.7550816398893,-19.0439602149896,-19.3758801562394,-19.4691119314742,-19.5011422660584,-19.4176651034875,-19.4366531165649,-19.3957331348363,-19.120170538413,-19.0601337893152,-18.8666523235389,-18.8488315726693,-18.651916624356,-18.5928583101651,-18.6714727132708,-18.5698125136372,-18.4922327950802,-18.5951341696351,-18.6090443501864,-18.6586472333237,-18.6348096467497,-18.774309376039,-18.7285294999683,-18.7324211017846,-18.6147455544703,-18.3471010723877,-18.3708536227546,-18.4280845823737,-18.4472636789562,-18.4506404773321,-18.3013082146109,-18.057713854434,-17.9723585300587,-17.9258539476468,-18.0212399681356,-17.9481766828719,-17.9690099479868,-17.9918264407736,-18.0506841504837,-18.1057648434672,-18.2118754161807,-18.3056749334099,-18.3649292888947,-18.325559771862,-18.3827624845041,-18.2869192109439,-18.4165175303373,-18.4219189750111,-18.4352985731921,-18.4305757102421,-18.4905440196106,-18.515809177116,-18.5541846131205,-18.5432662805006,-18.48747445345,-18.4457416743898,-18.4136812922932,-18.2584789860543,-18.1973449939307,-18.1924300218892,-18.0708535020271,-18.0910342429815,-18.2066106784141,-18.2890994330796,-18.3548565152688,-18.4007696257255,-18.3949379427279,-18.4158965547104,-18.5418039656468,-18.6032817943411,-18.6417150936308,-18.6808991855831,-18.6881824856276,-18.7420886779394,-18.7887192463872,-18.803914528704,-18.7848648985114,-18.7400222406736,-18.7623750559658,-18.7760323869051,-18.7145609901248,-18.6061357955347,-18.5416945184184,-18.5082682695551,-18.4892240219046,-18.3342272676541,-18.0009920502445,-17.6459780293592,-17.3052978734673,-16.8063961316864,-16.393612269288,-15.9333540949859,-15.679486971414,-15.6020773221033,-15.7432942194006,-16.0173809802061,-16.3261659834229,-16.5476430023384,-16.5316918728164,-16.4805588588324,-16.3543923673187,-16.5306590564859,-16.5287762127496,-16.1969107119539,-15.8042565826412,-15.5763533866845,-16.0504510533243,-17.2761026225276,NaN,NaN,NaN,NaN,NaN,NaN,NaN,NaN,NaN,NaN,NaN,NaN,NaN,NaN,NaN,NaN,NaN,NaN,NaN,NaN,NaN,NaN,NaN,NaN,NaN,NaN,NaN,NaN,NaN,NaN,NaN,NaN,NaN,NaN,NaN,NaN,NaN,NaN,NaN,-5.96342288142284,NaN,NaN,NaN,NaN,NaN,NaN,NaN,NaN,NaN,NaN,NaN,NaN,NaN,NaN,NaN,NaN,NaN,NaN,NaN,NaN,NaN,NaN,NaN,NaN,NaN,NaN
-18.7812664369412,-19.1084234961054,-19.4342568432802,-19.5838180114617,-19.59084302655,-19.5367707103431,-19.4579258042231,-19.3839692396444,-19.0977077368969,-19.0558046803156,-18.848873840502,-18.7007917127901,-18.4579604119414,-18.4895435882055,-18.5807160047619,-18.5004689977397,-18.4081912652939,-18.6475204145424,-18.6459241716399,-18.6392002818517,-18.5936505928784,-18.7615764535664,-18.7178603199268,-18.6761045135781,-18.5587506242358,-18.3365613307349,-18.3685992029727,-18.3847565131001,-18.405162485183,-18.4015183879665,-18.232817368965,-17.9801246636603,-17.8903449356325,-17.8942767914535,-18.0073655144558,-17.9259136764131,-17.9980335947845,-18.0580600169621,-18.1248736480166,-18.1140712869881,-18.2340986404732,-18.3157814204072,-18.3277082554532,-18.2750014485315,-18.3103145863918,-18.282196579526,-18.4104187724648,-18.4661510048405,-18.4725184993451,-18.4360781428725,-18.4766213052628,-18.5017028756449,-18.5414248179592,-18.4795726930409,-18.4245226417231,-18.3992601801937,-18.3553154621293,-18.1803443263569,-18.1215534682207,-18.1633866954322,-18.0532741500026,-18.0958177011144,-18.1697614964369,-18.2363608171047,-18.3013928754926,-18.375623953986,-18.3914832280014,-18.4411229979284,-18.5364203733131,-18.6582708269038,-18.7685864719696,-18.7628657307378,-18.766210338895,-18.7294233267189,-18.7513311198584,-18.7589340228944,-18.6866011798837,-18.6337138913544,-18.6752642994713,-18.7091075784485,-18.6774192212106,-18.6103993831215,-18.5575248753426,-18.4359575737478,-18.317864793534,-18.1942643855602,-17.9043564156893,-17.4705285161546,-17.1617761097449,-16.6762118607998,-16.2611716990936,-15.8477227984531,-15.5882304039269,-15.4677952789658,-15.5297281910806,-15.8931692578843,-16.2304006015486,-16.6218253290837,-16.7179590328611,-16.4558501445269,-16.1540617659592,-16.1525377868506,-15.920221815175,-15.6698539089278,-15.4509491761305,-15.3647998120603,-15.9495011566208,-17.0658330608697,NaN,NaN,NaN,NaN,NaN,NaN,NaN,NaN,NaN,NaN,NaN,NaN,NaN,NaN,NaN,NaN,NaN,NaN,NaN,NaN,NaN,NaN,NaN,NaN,NaN,NaN,NaN,-7.79501840911695,-7.62409383129545,-7.54390295834395,-7.41607361464855,NaN,NaN,NaN,NaN,NaN,NaN,NaN,-6.13739220340136,-6.05087887526548,NaN,NaN,NaN,NaN,NaN,NaN,NaN,NaN,NaN,NaN,NaN,NaN,NaN,NaN,NaN,NaN,NaN,NaN,NaN,NaN,NaN,NaN,NaN,NaN,NaN,NaN
-18.877859548519,-19.1945157312915,-19.4623771422476,-19.6195995875609,-19.667299619113,-19.627631097214,-19.4913184969797,-19.4002313067053,-19.058646095768,-19.039087269168,-18.8233552704469,-18.541174925974,-18.2807562349283,-18.3823455360127,-18.4656932039883,-18.4095048323775,-18.3300073333825,-18.6675852112504,-18.7056523675818,-18.651103813118,-18.6269264873184,-18.7789887089174,-18.7562266342676,-18.6497442678308,-18.5635388914102,-18.2858785219556,-18.3566039638142,-18.3746111576592,-18.3595309814455,-18.3308283775044,-18.1520490209006,-17.9346268636348,-17.8757188929995,-17.8158374647199,-17.9620643242903,-17.9596203611072,-18.0233194177565,-18.1253080005939,-18.1749921131467,-18.164785824499,-18.239193619559,-18.2741989000065,-18.2287491409555,-18.1779426336545,-18.3192465809042,-18.268811598585,-18.3613907873565,-18.4271009239168,-18.4135243654572,-18.4195884509797,-18.4873433332046,-18.5084307142881,-18.5158913620602,-18.4590209029726,-18.334781730852,-18.3626003492545,-18.358182939578,-18.2383524347515,-18.1605750684207,-18.1896474271222,-18.0934353489603,-18.0750163757481,-18.1488292347257,-18.2124256924023,-18.1589657647419,-18.23066951111,-18.2705236656663,-18.386936811382,-18.3920633867131,-18.4897709160126,-18.5303426794684,-18.5708954752321,-18.5804263722396,-18.6127362830603,-18.6449390509856,-18.6481145043185,-18.588813726546,-18.5690397521906,-18.5320588927605,-18.5881972238058,-18.5464122026583,-18.558694816122,-18.5154033759889,-18.3912472339947,-18.1672742989969,-17.9610099522994,-17.7292078195192,-17.368535201502,-17.0000040681617,-16.5741364782354,-16.1545331225205,-15.8006758369504,-15.5234002390819,-15.2770689913521,-15.2919496430951,-15.5610922629143,-15.9757122528504,-16.3955977951892,-16.5620165193709,-16.5168266431529,-15.8656695709331,-15.6799823857386,-15.4533628354322,-15.1626998566212,-15.365444176723,-15.5135340938889,-16.5263864339406,-17.0137401138429,NaN,NaN,NaN,NaN,NaN,NaN,-19.8273544603176,NaN,NaN,NaN,NaN,NaN,NaN,NaN,NaN,NaN,NaN,NaN,NaN,NaN,NaN,NaN,NaN,NaN,NaN,-7.98769754105882,-7.87745696393733,-7.7395729058303,-7.93088580710929,-7.83489258795362,-7.54368801928609,NaN,NaN,NaN,NaN,NaN,NaN,-6.32539150441346,-6.25073959886379,NaN,NaN,NaN,NaN,NaN,NaN,NaN,NaN,NaN,NaN,NaN,NaN,NaN,NaN,NaN,NaN,NaN,NaN,NaN,NaN,NaN,NaN,NaN,NaN,NaN,NaN,NaN
-18.9476690903526,-19.3045152641315,-19.5421487745999,-19.674227798899,-19.6852651872659,-19.7599049994471,-19.578034695244,-19.4068403949067,-19.0066949634631,-19.011000919509,-18.7310501538827,-18.4425453882349,-18.1654063782628,-18.2558845809609,-18.3330557792216,-18.283456787309,-18.2965276454545,-18.7244044191793,-18.7090572103467,-18.643497797117,-18.6140878155833,-18.7708352356497,-18.7876187254357,-18.6847746286489,-18.4899545461573,-18.2716743859527,-18.3336677680144,-18.3810736327297,-18.2713933119138,-18.2287060650361,-18.062534170981,-17.9254814693402,-17.8519994667481,-17.8072087109782,-17.9916999504319,-18.0249801318899,-18.0834119358281,-18.1799484330899,-18.2247600460531,-18.2204374698613,-18.2803752604721,-18.2999698762551,-18.249013876782,-18.1661620205962,-18.3187665402011,-18.224139023626,-18.2447784512945,-18.3645421160965,-18.3466505931476,-18.3879716482744,-18.4694757101024,-18.4555304309101,-18.4846180763329,-18.355860458574,-18.2535087312667,-18.3100372734531,-18.3118352290736,-18.215157944293,-18.1441715966683,-18.1899825629197,-18.0860860567147,-18.0499482544991,-18.1257195785834,-18.2262039596011,-18.1383590243986,-18.1227216667028,-18.1412568055398,-18.3410064222558,-18.3869039384022,-18.4700116632106,-18.5262004995306,-18.5956345772453,-18.6092426970064,-18.6007215680288,-18.6279114279764,-18.5167747179844,-18.5412140304281,-18.5528449334632,-18.5373859010421,-18.6234285538924,-18.5180701726136,-18.4429978407919,-18.3366674348096,-18.1503898464845,-18.0052791825433,-17.7507944982013,-17.4954569308169,-17.2636302008468,-16.9186653293092,-16.4179681179396,-16.0483385065736,-15.7549256941754,-15.4588471733446,-15.1371888054448,-15.0512385726167,-15.2971740189087,-15.5450961791047,-16.0940831127642,-16.4091365504288,-16.5078027495293,-15.9087837567521,-15.3241248257979,-15.1481726250062,-14.8213807721983,-14.8115979412763,-15.2124435141221,-16.6702232710805,NaN,NaN,NaN,NaN,NaN,-14.9812004604659,NaN,-19.2115963911849,NaN,NaN,NaN,NaN,NaN,NaN,NaN,NaN,NaN,NaN,NaN,NaN,NaN,NaN,NaN,NaN,NaN,-8.14847400590355,-8.0291759761451,NaN,-8.33516494489714,-8.8013747563287,NaN,-7.43844402898662,-7.28572864693166,NaN,NaN,NaN,NaN,-6.51015720341167,-6.43923396978772,NaN,NaN,NaN,NaN,NaN,NaN,NaN,NaN,NaN,NaN,NaN,NaN,NaN,NaN,NaN,NaN,NaN,NaN,NaN,NaN,NaN,NaN,NaN,NaN,NaN,NaN,NaN,NaN
-18.9999540235956,-19.3768751090612,-19.541337716836,-19.678974461158,-19.7063777903356,-19.7708095579784,-19.6627897238779,-19.4530775875547,-18.9711473612497,-18.9512274760202,-18.6208317391468,-18.3357771866747,-18.0787419679091,-18.0937299152175,-18.2541944170788,-18.2740690026615,-18.2906108983203,-18.7404737777669,-18.7692166965572,-18.683485546289,-18.6080802864042,-18.73985012321,-18.793870158862,-18.6546470000198,-18.4775239326558,-18.2609628097592,-18.2423659489187,-18.3151846661697,-18.1903631139317,-18.0858711124806,-18.0232631829952,-17.9245426953374,-17.8873813644656,-17.8070755856129,-17.9196086939551,-18.0222949010378,-18.0909786288549,-18.1781186821929,-18.2607743030179,-18.2723736128327,-18.302148569543,-18.3010675711445,-18.259105181845,-18.2348413181188,-18.2284538685681,-18.1268641574156,-18.1505680156204,-18.302662780173,-18.3168470083786,-18.3807434113821,-18.4750723867169,-18.4369991915435,-18.3916454597118,-18.2908664414992,-18.1917500820496,-18.2294118566971,-18.2378987729649,-18.1452889052191,-18.0422403900802,-18.1270668748134,-18.025118604972,-18.084315971334,-18.1605828015279,-18.2029284741803,-18.053347739104,-18.0591738948405,-18.0561486102491,-18.2172760147701,-18.2256054312261,-18.2519376696009,-18.2606043394061,-18.2959824863742,-18.3675556924622,-18.4886840042258,-18.5600571265894,-18.5031254601856,-18.4802745686038,-18.5214958748626,-18.4844101058866,-18.5170321574108,-18.4680009801306,-18.4067414844283,-18.2547906919865,-18.0538255605018,-17.8639936563207,-17.6594286759922,-17.2936705357942,-17.0684343625766,-16.7620623182333,-16.1620277344755,-15.7440248541222,-15.4399417628296,-15.1536254525392,-14.8886366479605,-14.960433073955,-15.20855519221,-15.3760262811319,-15.9059845005266,-16.2796554717597,-16.4350737008521,-16.0568489583617,-15.1244730515258,-14.9265686543395,-14.3364619462255,-14.5682863159513,-15.9803791219666,-17.7622798166083,NaN,NaN,NaN,-13.4193768393241,-13.7669910867563,-14.7781442647134,-16.4631086714456,-18.2849959106811,NaN,NaN,NaN,NaN,NaN,NaN,NaN,NaN,NaN,NaN,NaN,NaN,NaN,NaN,NaN,NaN,-8.44529293283244,-8.23402949465139,NaN,-8.94929762375392,-8.83364420253787,NaN,NaN,NaN,-7.21169045669569,-7.08628273715095,NaN,NaN,-6.67922651516676,-6.61558703704389,NaN,NaN,NaN,NaN,NaN,NaN,NaN,NaN,NaN,NaN,NaN,NaN,NaN,NaN,NaN,NaN,NaN,NaN,NaN,NaN,NaN,NaN,NaN,NaN,NaN,NaN,NaN,NaN,NaN
-19.0501292272478,-19.462328845683,-19.5936696062161,-19.6784697468507,-19.7426562558941,-19.7835746502831,-19.6653074694194,-19.4325733929808,-18.9400344603687,-18.8590605668931,-18.5500498976056,-18.2348507017367,-18.044259058589,-17.9769214463986,-18.2399180342191,-18.237549623282,-18.2364140256377,-18.6893419722441,-18.6979055666252,-18.6835606505075,-18.5699742955032,-18.6793734299672,-18.6562757855899,-18.5517213528152,-18.349960094557,-18.2049886295739,-18.1475115549631,-18.2157237542685,-18.0889991834597,-18.012445189358,-17.9566843802217,-17.9261729357619,-17.9274409639901,-17.8205182685404,-17.8513341700341,-17.9179344278349,-18.0209247873378,-18.118147776896,-18.2363750827358,-18.3478940186776,-18.3790301129439,-18.29038690244,-18.286114527265,-18.1588653267906,-18.1205001644976,-18.0587353647884,-18.0466434912333,-18.1727142313048,-18.219028928723,-18.2985090679198,-18.4161366513649,-18.3372737163631,-18.2925104729444,-18.2133489256759,-18.1105806307214,-18.1225991919047,-18.1145177784867,-18.0132469759464,-17.915878581304,-17.985687981398,-17.9350018248806,-17.9794800107114,-18.0425276819546,-18.0935485891856,-18.0022532032139,-18.0089069782845,-17.951199156746,-18.08188111752,-18.0927739843898,-18.1518263768178,-18.2124797317763,-18.2946456494105,-18.3416250763363,-18.4164582547373,-18.4811945587635,-18.4482260798884,-18.4461056315212,-18.4104082148028,-18.431588800696,-18.4895465509618,-18.4051372026628,-18.374924944823,-18.2639950723776,-18.0386261934299,-17.7432506724572,-17.529067456849,-17.2327901049102,-16.8822093191303,-16.4833287017221,-15.8638126824761,-15.4620459301998,-15.0544204945318,-14.8010263669191,-14.5608702987656,-14.7427659089983,-15.0918274642707,-15.3411101416455,-15.961497861074,-16.2891871493628,-16.4823878594132,-16.0944517865113,-14.9955789553777,-14.8487512644784,-14.148130239491,-14.2837908580556,-16.348149196075,NaN,NaN,NaN,NaN,-12.4527852578678,-12.1247751281664,NaN,NaN,NaN,NaN,NaN,NaN,-12.2401063966716,-11.8052102937689,-12.2705020271156,-12.1927503260342,-12.4846932804335,-12.6060871681988,NaN,NaN,NaN,NaN,NaN,NaN,NaN,-8.49515935290327,NaN,-9.38504602581213,-9.10920578384059,NaN,NaN,NaN,NaN,NaN,-7.01783336802225,-6.92319347880522,-6.83535789524115,-6.78888218297448,NaN,NaN,NaN,NaN,NaN,NaN,NaN,NaN,NaN,NaN,NaN,NaN,NaN,NaN,NaN,NaN,NaN,NaN,NaN,NaN,NaN,NaN,NaN,NaN,NaN,NaN,NaN,NaN,NaN,NaN
-19.0212555418336,-19.492034575881,-19.6369099564333,-19.690554299001,-19.7494561587059,-19.8817601803866,-19.6386834035457,-19.3159281798931,-18.8475578554642,-18.7434981326136,-18.4792889049343,-18.1681534753151,-17.9083485263686,-17.8836816023505,-18.2244399115741,-18.2287547958774,-18.1846320662281,-18.5989788700903,-18.6018522998577,-18.6477651118268,-18.5615624147435,-18.6155053354427,-18.5580444863122,-18.5046612197897,-18.3513399414965,-18.1160536153221,-18.0379136999222,-18.1135657557023,-18.028585471369,-17.9997482995066,-17.9563847567607,-17.9179816806617,-17.9272387400085,-17.8714541111876,-17.8017835865862,-17.9096321116138,-17.983724072365,-18.1509191418377,-18.3017576746034,-18.3808246840911,-18.3389633398428,-18.2551746755142,-18.2504168860232,-18.1605648220573,-18.0931142861488,-18.0623652838289,-18.0145586905356,-18.0383657931981,-18.1136644297554,-18.1667340357434,-18.2658242890416,-18.1729599107608,-18.1645181767745,-18.0953134591129,-18.04320478347,-18.0351455046251,-18.005864555155,-17.9186384785103,-17.8855728493432,-17.8905936270598,-17.8990699071574,-17.957668307638,-18.0169100299275,-18.0803586335774,-17.9435546629957,-17.9271751834858,-17.8957796845486,-17.9758509542576,-17.9221412449647,-17.9581704639281,-18.0475500545302,-18.1225401683608,-18.1717911871967,-18.3299688347732,-18.3884952335287,-18.3859390865966,-18.3904101814655,-18.3602470207778,-18.3413223799882,-18.3373384279878,-18.2572896521145,-18.1743854733777,-18.0943780166112,-17.9280260651967,-17.6703299121076,-17.419153772509,-17.0752353685273,-16.7097590369168,-16.2431747030394,-15.6232093137932,-15.0995081771379,-14.5920404172747,-14.2791008855353,-14.0761704228345,-14.4081093745546,-14.9134124529447,-15.3788541506007,-15.9683925310782,-16.3128414923631,-16.1796138884674,-16.0748002047146,-15.0122250528195,-14.4984567189215,-13.5318266467224,-14.2488548484981,-17.5362933945902,NaN,NaN,-12.618096863106,-12.0271940091898,-11.8115270067391,-11.7185324623698,-11.9841963426077,-11.6129218266464,-11.7455940720804,-12.1106830723342,NaN,-11.8059594656826,-11.4206404290258,-11.0509221034003,-11.261606587489,-11.4248672083982,NaN,-12.3654955176106,-12.3458125414018,-12.0005968378981,NaN,NaN,NaN,NaN,NaN,-8.80878099395864,-9.99042512467042,-9.50637124414908,NaN,NaN,NaN,NaN,NaN,NaN,NaN,NaN,NaN,NaN,NaN,NaN,NaN,NaN,NaN,NaN,NaN,NaN,NaN,NaN,NaN,NaN,NaN,NaN,NaN,NaN,NaN,NaN,NaN,NaN,NaN,NaN,NaN,NaN,NaN,NaN,NaN,NaN,NaN,NaN
-19.1136118376601,-19.5566144497045,-19.6710558936433,-19.6988106905483,-19.7710390310924,-19.8838026996273,-19.6253547433291,-19.2489068093895,-18.7160630287407,-18.6296359148141,-18.4115534849929,-18.1336612065882,-17.8189973803244,-17.863167624288,-18.1819214833324,-18.1985268192648,-18.1100711044485,-18.4812816737067,-18.5069473667309,-18.6318040330433,-18.5154458880464,-18.5198906584341,-18.4993507407479,-18.4789352576709,-18.3106045103279,-18.0003653795528,-18.003164501293,-18.0509550751776,-18.011775324778,-17.9750528988876,-17.9542965584582,-17.9073802958052,-17.9456283377189,-17.8781985169053,-17.8513419959921,-17.9401747714831,-18.0516766623164,-18.1958915013049,-18.3028990289733,-18.4286142267679,-18.3601741977241,-18.2795629917912,-18.2427289318338,-18.1554510845577,-18.0909620789239,-18.0526666660786,-17.998553285278,-17.9991887371888,-18.0270522291668,-18.0497187953083,-18.0753999266742,-18.0602613858919,-18.0915598551526,-18.0252852921322,-17.9679201827396,-17.8981791935773,-17.9274557700344,-17.82376152483,-17.8212002488305,-17.8072043154061,-17.7677828504267,-17.8203683526309,-17.8884741391639,-17.8858089186945,-17.8164254663551,-17.8255324801742,-17.83661550444,-17.9096182482874,-17.8652164055742,-17.9393780750904,-18.0260146221065,-18.1278740351784,-18.2579674779752,-18.422115795113,-18.378690736596,-18.3113161874998,-18.3136071728768,-18.283878960338,-18.260777590958,-18.2335235980963,-18.1295768666957,-18.0647278523869,-18.0044680106358,-17.8653014620011,-17.6550615286603,-17.3959478722203,-17.0313455066546,-16.6500811728833,-15.9831271482473,-15.2388731002919,-14.6461145389903,-14.1313003058833,-13.8105497491413,-13.7986828883898,-14.2848651225379,-14.9012204472517,-15.4283263918659,-15.8358145016516,-16.2711840011084,-15.8032068587215,-15.5162616050263,-15.0247946738762,-15.0142467573341,-14.3763185702717,-15.8223960510119,NaN,-13.1857704848845,-12.5541016910999,-12.1862207399075,-11.6860085894929,-11.6018601243094,-11.7445086742399,-11.7102204317962,-11.6966752035667,-11.4041301279418,-11.467472831774,-11.430457521289,-11.366936301467,-10.7786964605369,-10.9246931375613,-10.6626640226438,-11.4192059574973,-11.0454789618764,-12.272175222711,NaN,-11.631088665913,-10.9666601740416,NaN,NaN,NaN,NaN,-8.80810256081986,-9.79278791080463,NaN,NaN,NaN,NaN,NaN,NaN,NaN,NaN,NaN,NaN,NaN,NaN,NaN,NaN,NaN,NaN,NaN,NaN,NaN,NaN,NaN,NaN,NaN,NaN,NaN,NaN,NaN,NaN,NaN,NaN,NaN,NaN,NaN,NaN,NaN,NaN,NaN,NaN,NaN,NaN,NaN
-19.2525430473482,-19.5706262747623,-19.6720753783216,-19.6984490861246,-19.7801313763022,-19.9807293185639,-19.6292638528894,-19.2107728652302,-18.5888135021535,-18.5114977648611,-18.2974201990952,-18.1005671397068,-17.771234210255,-17.8138115700777,-18.1053643207269,-18.0975797381781,-17.9779508776212,-18.3234159150482,-18.4721494444329,-18.6542160071074,-18.4837290740522,-18.4915222326892,-18.4719944307199,-18.4440101457441,-18.2771085477369,-17.9759593545015,-17.9513351913076,-18.0281772796275,-17.99331797001,-17.9420248442019,-17.916825556695,-17.9082244231487,-17.9638767284156,-17.8814362846153,-17.8943950426292,-18.0099834611642,-18.145290925806,-18.2778570130071,-18.2749548901108,-18.3999894681864,-18.3777849808851,-18.2863443121295,-18.2163174203611,-18.1262521815223,-18.0169460630439,-18.0093038444736,-17.9709496501994,-17.9574105029143,-17.9114324323412,-17.8764575811276,-17.9477632335567,-17.9667946945095,-17.9899828978304,-17.9542791862528,-17.8438586542099,-17.8711103051018,-17.9122917682506,-17.8005406793459,-17.7731509321974,-17.6765681863017,-17.6933473045871,-17.7567259164543,-17.8463101517798,-17.8329385098668,-17.8082090287828,-17.7474894448719,-17.7871473293274,-17.8529107706678,-17.8482542346227,-17.8729794971363,-17.9966939253458,-18.0989624096183,-18.1949998700662,-18.3268263132698,-18.2868624395612,-18.2145707280203,-18.1460840305169,-18.1565822173084,-18.1794963850119,-18.1017340818477,-17.9804907933492,-17.9469507886468,-17.9257455076482,-17.7889594937519,-17.5818070350929,-17.3374237819713,-16.9809742970785,-16.5246540142166,-15.8492109304566,-15.0425310318599,-14.4016410535397,-13.7742657683486,-13.4131744024945,-13.5838115877032,-13.9577096160934,-14.3335791766476,-14.5395111748074,-15.0217266500748,-15.5524393332719,-15.6908467026302,-15.3659394023531,-15.000139613387,-14.7538529314373,-14.7560693795933,NaN,NaN,-12.1505172024137,-11.7431350191817,-11.7060681725414,-11.5408014302927,-11.6472439045828,-11.7778095414254,-11.6356931433614,-11.4250081481958,-11.1357109830636,-11.1058874498777,-10.9012437214138,-10.7620108767256,-10.3906984166735,-10.4317168689128,-10.1454177079906,-10.4785600569364,-9.98336365205887,-10.7286604362801,-10.1632071079544,NaN,-10.4008085275912,NaN,NaN,NaN,NaN,-8.6724860827639,-9.68347300565728,NaN,NaN,NaN,NaN,NaN,NaN,NaN,NaN,NaN,NaN,NaN,NaN,NaN,NaN,NaN,NaN,NaN,NaN,NaN,NaN,NaN,NaN,NaN,NaN,NaN,NaN,NaN,NaN,NaN,NaN,NaN,NaN,NaN,NaN,NaN,NaN,NaN,NaN,NaN,NaN,NaN
-19.2787385970434,-19.635629066098,-19.7422580386791,-19.7577255137367,-19.7896099648175,-20.0230973718075,-19.6134295143803,-19.1733536228644,-18.5473243480176,-18.4250551313713,-18.2308440324498,-17.9911873850525,-17.7209740718118,-17.7556327051011,-18.0151411605506,-17.9614683249685,-17.9470761074631,-18.2690376172201,-18.4378420201766,-18.5913258657786,-18.4360766902752,-18.4934360729899,-18.4668190637067,-18.3998482670319,-18.1697658749721,-17.9930808858026,-17.9218798875806,-17.9717205311442,-17.9367964714405,-17.8752643665308,-17.9328353819162,-17.9508180853035,-17.9968486260852,-17.8768627851239,-17.946334841359,-18.0333881876985,-18.1563776121569,-18.2911558383333,-18.253688153537,-18.3296507922121,-18.364324939564,-18.2450813784141,-18.1884601067236,-18.1496370423185,-18.0036411284356,-17.9763613091349,-17.9779165796348,-17.9446353220309,-17.8198637803898,-17.8248461795607,-17.8474658342568,-17.9035684912498,-17.8831233308578,-17.8160832968585,-17.7932402872992,-17.7515276038332,-17.833154087042,-17.6951870815232,-17.7078669886175,-17.5909074612479,-17.5523228857296,-17.6164893212701,-17.631099387183,-17.6789331175361,-17.6659242553785,-17.6771603944231,-17.6863874192039,-17.8106805647229,-17.8090314616267,-17.8883247223308,-17.949889739403,-18.0825367073175,-18.1985916543436,-18.2823255876926,-18.2137437393827,-18.0851491057526,-18.0258450704438,-18.0539766727325,-18.1015217985438,-18.0144916834589,-17.9110890281644,-17.9009974971411,-17.8215047131139,-17.7116282663126,-17.5483036483241,-17.3165761448002,-16.9038794452414,-16.3815070544038,-15.4716054043174,-14.5391342411036,-13.6587946688945,-13.0912113650691,-13.0174668866172,-13.2656501008017,-13.6172573351694,-14.0377355746601,-14.2487781825778,-14.2473588535754,-14.4069812836221,-14.4270844973034,-14.5833603512647,-14.5711508159634,-14.0072950784963,-13.7424287581213,-13.3380697312073,-12.957128032383,-12.4781950859061,-12.3080677793355,-12.3865717603659,-12.160929320346,-11.9257527614509,-11.8562286930018,-11.359723324965,-11.0429136915345,-10.728460019474,-10.6501191559584,-10.4452319668884,-10.3614137768895,-10.118762791612,-10.0737497609617,-9.94885304518954,-10.0304296233282,-9.85416594293002,-9.96466886791268,-10.0001344614569,-9.84898445525039,-9.90427198273363,-9.72001188979095,-9.71900773244454,-9.47844808489407,-9.51723496284654,-9.0567884651299,-10.2325262874683,NaN,NaN,NaN,NaN,NaN,NaN,NaN,NaN,NaN,NaN,NaN,NaN,NaN,NaN,NaN,NaN,NaN,NaN,NaN,NaN,NaN,NaN,NaN,NaN,NaN,NaN,NaN,NaN,NaN,NaN,NaN,NaN,NaN,NaN,NaN,NaN,NaN,NaN,NaN,NaN,NaN
-19.2592227590298,-19.6664888725267,-19.7598466844059,-19.7876448038115,-19.7955114125315,-20.0129909443559,-19.5780777663496,-19.0660554039396,-18.5007664965926,-18.3616081318289,-18.1521554775702,-17.8891719886153,-17.676950822978,-17.6903089563025,-17.8651321229401,-17.8311753160879,-17.8600000589733,-18.2260032341576,-18.3683288209327,-18.5154283440374,-18.4279184753472,-18.4366669837474,-18.4781853648711,-18.3419673083894,-18.1552844578146,-18.0243072493869,-17.8754267624167,-17.8967500462064,-17.8931471589232,-17.8839786385119,-17.9978022389464,-17.9759265167778,-17.9844383237822,-17.8972572255792,-18.0290250964285,-18.0693867971556,-18.2065615655983,-18.3187216201361,-18.2380606253841,-18.3268854902595,-18.3506412170313,-18.2123995569452,-18.1731746409258,-18.1259343159049,-17.9571618779426,-17.9684396309528,-17.9309350480991,-17.8811212214359,-17.7887141892982,-17.7924973675032,-17.8324904036891,-17.8958690002249,-17.8490546725845,-17.7942636609616,-17.7126856668366,-17.6982704980255,-17.7051414358205,-17.6383405837939,-17.6220219301483,-17.4914096729363,-17.4776561442399,-17.4719943996884,-17.556845425494,-17.6213421967176,-17.6769428736048,-17.6192696395324,-17.6431380206157,-17.7355207764386,-17.7575956617778,-17.7822621594494,-17.8732119460727,-18.0247274231255,-18.1080934049865,-18.153557660775,-18.116801783608,-18.005880441856,-17.9892222276677,-18.0256563267293,-18.0189699191475,-17.9177001521365,-17.8242940918954,-17.7743580137973,-17.7041189536532,-17.6075986037671,-17.4454635835846,-17.1983270149531,-16.9167362023713,-16.4940701136097,-15.7135778468282,-14.8563944674422,-14.1331066808311,-13.7299064863928,-13.3815443933952,-13.5021061004985,-13.5864299792174,-13.5161521492341,-13.670463961518,-14.0009414689683,-14.3971886377473,-14.3739046377438,-14.6211028095528,-14.3296235662706,-13.5803548958835,-13.6269263854865,-13.5637061975352,-12.9674731648169,-12.8961161587985,-13.1298488229017,-12.1631713220698,-11.6831584797608,NaN,NaN,-11.6339305912205,-11.3012740370324,-10.6737861967536,-10.7132290860459,-10.2633061246532,-10.2820761050106,-9.94335125501118,-10.0611196484844,-9.95871822158017,-10.1533196715986,-9.91288285151467,-9.87517218200554,-9.8034613784381,-9.67658881354237,-9.69785003658461,-9.54215254778802,-9.30039995082359,-9.21092702728674,-9.10963246415616,-9.03600544940912,NaN,NaN,NaN,NaN,NaN,NaN,NaN,NaN,NaN,NaN,NaN,NaN,NaN,NaN,NaN,NaN,NaN,NaN,NaN,NaN,NaN,NaN,NaN,NaN,NaN,NaN,NaN,NaN,NaN,NaN,NaN,NaN,NaN,NaN,NaN,NaN,NaN,NaN,NaN,NaN,NaN,NaN
-19.2785557206067,-19.7215810075452,-19.78193705744,-19.7814889720018,-19.7731064661252,-19.9135167187466,-19.4947953046074,-19.0133133428572,-18.4559763119832,-18.3208954967692,-18.1006829765826,-17.8120512387331,-17.6577054923216,-17.7107426158417,-17.8648943740086,-17.7606218611062,-17.8936438409165,-18.1712573318791,-18.2786262365253,-18.414320255298,-18.3434629616073,-18.3672269185718,-18.368746589574,-18.3019925419867,-18.117443128455,-17.9383661870978,-17.8063429909043,-17.8529657620509,-17.885079752708,-17.9120130225523,-18.0008081201713,-17.95134690973,-17.89919916449,-17.8865026653596,-18.0276607344542,-18.1361782330501,-18.2481870314102,-18.3254302266521,-18.237235015812,-18.2827223718764,-18.2804698638529,-18.162724784352,-18.1280372677887,-18.0618812313389,-17.9695304213515,-17.9804269946517,-17.8993355086774,-17.819136139974,-17.7819254170749,-17.8285044172038,-17.8840508942674,-17.8427667801851,-17.7564706940602,-17.7185949368658,-17.6457001138415,-17.5925751716819,-17.6012405737116,-17.566346050215,-17.5557676235763,-17.4535783803707,-17.3805707455377,-17.3418554233406,-17.3879512736082,-17.4406513385708,-17.4767535048891,-17.5080393698381,-17.5313437320192,-17.6921359252808,-17.7119991040965,-17.7354624851736,-17.8256615835596,-17.9400941218565,-17.966249258037,-18.0391414251314,-18.0168894796113,-17.9704277196195,-17.9680741074285,-17.9629667586216,-17.9304850735192,-17.8323099094471,-17.7624132750072,-17.754260239279,-17.6904887503729,-17.5683578271118,-17.4255720769629,-17.2296596897638,-16.955631666505,-16.5934312112622,-15.9203032949905,-15.0314271015056,-14.2549426552521,-13.6004306069057,-13.0412729890885,-13.0809462355666,-13.0650438713827,-13.0738453655609,-13.6162367214457,-14.1936137672556,-14.6085230153096,-14.738089867779,-14.9740878309914,-14.3004865130777,-13.5770185163145,-14.4717261380341,NaN,-12.4812050100453,-12.7911569292111,-12.5768843435629,-12.5424587215311,NaN,NaN,NaN,NaN,-12.0481134281386,-11.4606755123189,-11.6134244090057,-11.203842297302,-11.2811978674673,-10.6376605209678,-10.6691054620002,-10.6821945868083,-10.8416636880629,NaN,NaN,NaN,NaN,NaN,-9.92251286851024,-9.41556229938254,-9.6434807120898,-9.44461354900909,NaN,NaN,NaN,NaN,NaN,NaN,NaN,NaN,NaN,NaN,NaN,NaN,NaN,NaN,NaN,NaN,NaN,NaN,NaN,NaN,NaN,NaN,NaN,NaN,NaN,NaN,NaN,NaN,NaN,NaN,NaN,NaN,NaN,NaN,NaN,NaN,NaN,NaN,NaN,NaN,NaN,NaN,NaN
-19.2682626041316,-19.7412736589769,-19.7194100861392,-19.7333293475002,-19.7504914687821,-19.8146431584557,-19.4704356643558,-18.9985617141316,-18.3887683205116,-18.2553784230038,-17.988150183099,-17.8091083865277,-17.7097725631504,-17.7451812762518,-17.8110780265039,-17.743832066609,-17.9147547855428,-18.0927598101258,-18.1806542532873,-18.3595814028384,-18.3018035631202,-18.3211907726028,-18.2487612104301,-18.3017795235675,-18.151282862483,-17.9530032592798,-17.8218527495166,-17.8145232888951,-17.8980674376621,-17.9235617904516,-18.0272885054175,-17.9418382996378,-17.8815685129798,-17.8712940017364,-18.0205636867928,-18.2005352252156,-18.3366763601436,-18.318547903125,-18.2356814504228,-18.2603038536271,-18.2575126096647,-18.162900840651,-18.0930397957723,-18.0450268271318,-17.9444593360831,-17.9806060097637,-17.8454927204003,-17.75402469618,-17.7922113230517,-17.861000369496,-17.908897978251,-17.8194776303242,-17.7081428602193,-17.6579822876169,-17.5690552638684,-17.4993850978731,-17.4513419795444,-17.4342001574017,-17.4779805655024,-17.3942095901884,-17.3006525868249,-17.265178650997,-17.3471475324292,-17.3732773563901,-17.4474061312346,-17.4412363294191,-17.4593333263529,-17.5395216540572,-17.6148049611236,-17.6806944027123,-17.7237652812927,-17.84350055431,-17.8709452808515,-17.9042139315453,-17.8763013314284,-17.8581748980732,-17.8561726308776,-17.8423234578884,-17.8189986101826,-17.7441809254215,-17.740955520562,-17.7410106591893,-17.6643803269166,-17.568526982289,-17.4030096651022,-17.276810145646,-16.9925330136836,-16.6764599716328,-16.130314821365,-15.2453610779727,-14.3465258166812,-13.5575210492441,-13.1470386871622,-13.0780517883167,-12.9199926111359,-13.0598653093509,-13.7218772760797,-14.2643307665429,-14.7204648451434,-14.8957587491697,-15.4319815615906,NaN,NaN,NaN,-12.6840425364302,-12.2478106094238,-12.2388746750708,-13.4327468296344,NaN,NaN,NaN,NaN,NaN,NaN,NaN,-14.3341037791571,NaN,-11.7934660074482,-11.0538379613487,-11.7897680705741,-11.3686130063818,NaN,NaN,NaN,NaN,NaN,NaN,NaN,NaN,NaN,NaN,NaN,NaN,NaN,NaN,NaN,NaN,NaN,NaN,NaN,NaN,NaN,NaN,NaN,NaN,NaN,NaN,NaN,NaN,NaN,NaN,NaN,NaN,NaN,NaN,NaN,NaN,NaN,NaN,NaN,NaN,NaN,NaN,NaN,NaN,NaN,NaN,NaN,NaN,NaN,NaN,NaN,NaN,NaN
-19.26553344879,-19.7906476679743,-19.7125775202833,-19.7278686378398,-19.7021677880158,-19.7702713959643,-19.4623513581029,-18.9999546060911,-18.4099441155316,-18.2834612926123,-17.9473040286242,-17.8093749154569,-17.7686662650962,-17.7616697480497,-17.7948050732175,-17.7144661102746,-17.8530642636802,-17.9816348250201,-18.0924743359953,-18.302749781075,-18.263958615444,-18.244913490124,-18.1592578038441,-18.228108234784,-18.0973527915919,-17.8615792904992,-17.774976297178,-17.7475016888534,-17.8533904847442,-17.8373205784525,-17.9238602599402,-17.8606018511729,-17.8745149124918,-17.861692106239,-17.9737785349229,-18.2076742833402,-18.3309918709026,-18.3402696698869,-18.1997364911641,-18.3042412794724,-18.2589703797848,-18.1357195290124,-18.0489829339289,-18.0607343354806,-17.9740480964934,-17.9811018187693,-17.863156149255,-17.7382106767124,-17.779596044792,-17.8226666170132,-17.8833593978252,-17.8038426538279,-17.6871521301906,-17.5722043469493,-17.490506930203,-17.4157130609267,-17.3915577558558,-17.3291917407521,-17.4124458814878,-17.3516567338118,-17.2537800479147,-17.1892848470886,-17.2087478122275,-17.1937727345307,-17.202135810975,-17.2543292176602,-17.3394139096346,-17.4244806754291,-17.5507332235687,-17.5731999571829,-17.6214135727981,-17.6971042559383,-17.757717690078,-17.7966848735487,-17.746457158826,-17.7866737430516,-17.8068639477393,-17.8048609799777,-17.8029038934388,-17.7721309270019,-17.7545737606785,-17.7610826574031,-17.7083567057888,-17.5624777607265,-17.4042164009444,-17.2193103887744,-17.0412685001725,-16.7595413492928,-16.2958685501021,-15.4134320554544,-14.4253668702465,-13.6573394745534,-13.3183881927023,-13.2648281477999,-13.0286736223802,-13.3528680846229,-13.9931244268183,-14.6015989284051,-15.2448257164632,-15.4436413588096,-16.0095328165192,-16.3965272327218,NaN,-14.4599020946914,-12.7890321482435,-12.0432711664478,-12.1823242909982,NaN,NaN,NaN,NaN,NaN,NaN,NaN,NaN,NaN,NaN,NaN,NaN,-13.498005136116,-12.0484606235783,NaN,NaN,NaN,NaN,NaN,NaN,NaN,NaN,NaN,NaN,NaN,NaN,NaN,NaN,NaN,NaN,NaN,NaN,NaN,NaN,NaN,NaN,NaN,NaN,NaN,NaN,NaN,NaN,NaN,NaN,NaN,NaN,NaN,NaN,NaN,NaN,NaN,NaN,NaN,NaN,NaN,NaN,NaN,NaN,NaN,NaN,NaN,NaN,NaN,NaN,NaN,NaN,NaN
-19.2508355058902,-19.8242511738306,-19.7320228521497,-19.7041874356541,-19.6960504155477,-19.7666768884816,-19.455128477269,-18.9604615650732,-18.408730199961,-18.2391092893865,-18.0005980065346,-17.8160555954241,-17.7566777082279,-17.7800548555165,-17.7922982699228,-17.7698635677102,-17.8150324895523,-17.899464281042,-18.0408604126927,-18.2111376581612,-18.2053346479976,-18.2235670437925,-18.1252992690672,-18.1792260336323,-17.9902380745494,-17.7882817712729,-17.7600167168401,-17.7256361768557,-17.7695043809719,-17.7288465239444,-17.8700891703911,-17.8242037636855,-17.8561427947411,-17.8642032208612,-18.0162684002767,-18.2382991290074,-18.3291730349424,-18.2636289777907,-18.2049386625128,-18.2775836645013,-18.2183484112596,-18.095119545739,-18.017454919042,-18.0793510726604,-17.9760862877885,-18.0104874327536,-17.8508352379029,-17.7450452434315,-17.7371018379469,-17.7950184510387,-17.8101792535589,-17.764170364267,-17.6728005094755,-17.5385673410901,-17.4214788418706,-17.3572008442869,-17.3195556249709,-17.2741722578629,-17.2501975949683,-17.2325094245552,-17.15155093659,-17.1390413868174,-17.2459060648132,-17.1836258667049,-17.2503788592957,-17.2502250408025,-17.3198967369723,-17.3585735144132,-17.4044848468166,-17.4552723421326,-17.533743918491,-17.6110903290527,-17.6510253012366,-17.6772411679053,-17.6146186138999,-17.6899400478919,-17.7476870137136,-17.7702404524759,-17.7696466012744,-17.7110587433928,-17.7007359822069,-17.7439665517953,-17.7609491244284,-17.5053407670956,-17.3492581459022,-17.2755012671403,-17.1462490664499,-16.9239573893944,-16.4300756283876,-15.5630911782526,-14.599992105901,-13.8820946076254,-13.4365911065362,-13.3274048574957,-13.2232970163263,-13.5145870802915,-14.111596861832,-14.7085705576723,-15.2302502025035,-15.7328224157634,-16.2613498887931,-16.4316587711875,NaN,NaN,-12.5739043513614,-12.1208064846215,-12.7682161417764,NaN,NaN,NaN,NaN,NaN,NaN,NaN,NaN,NaN,NaN,NaN,NaN,NaN,NaN,NaN,NaN,NaN,NaN,NaN,NaN,NaN,NaN,NaN,NaN,NaN,NaN,NaN,NaN,NaN,NaN,NaN,NaN,NaN,NaN,NaN,NaN,NaN,NaN,NaN,NaN,NaN,NaN,NaN,NaN,NaN,NaN,NaN,NaN,NaN,NaN,NaN,NaN,NaN,NaN,NaN,NaN,NaN,NaN,NaN,NaN,NaN,NaN,NaN,NaN,NaN,NaN,NaN
-19.309507468532,-19.8738296470337,-19.7955535386054,-19.7289655594252,-19.7342668360063,-19.8119359818287,-19.4078487876844,-18.972866154179,-18.4605889651906,-18.1701300699863,-17.9665745916633,-17.7702466257504,-17.7364783963064,-17.7761308549007,-17.7896257625986,-17.8069897850445,-17.8163666426556,-17.8318310203553,-17.9643280084288,-18.1809588116611,-18.1105130351447,-18.1994914219805,-18.1360488870361,-18.1235010823533,-17.8815102106761,-17.685755349602,-17.7161389779416,-17.7034979827953,-17.7601836500293,-17.7368034420538,-17.8853903013247,-17.8514862398389,-17.8300245067059,-17.878427493498,-18.0567278991218,-18.2494414730534,-18.2924708978649,-18.2251964226529,-18.1944343287959,-18.2670273636496,-18.2307733408728,-18.1072513801249,-18.0497920547505,-18.0757361889051,-18.0054661804492,-17.9716393785274,-17.833693198446,-17.739427384325,-17.6895196211304,-17.7155519644496,-17.7379930826643,-17.7093658351077,-17.6131041666505,-17.4847091917055,-17.4042860386741,-17.3472397005101,-17.2569512656027,-17.1761885688326,-17.1809901176857,-17.1649425134178,-17.097253726483,-17.0833564099968,-17.1034716564981,-17.0420470557722,-17.1050367055493,-17.1536317178043,-17.2684166580258,-17.3295478419473,-17.3841828487033,-17.4776370082514,-17.6065832113164,-17.6507250034305,-17.6695845545241,-17.6888682257834,-17.6119875396253,-17.6515292749564,-17.6477559194656,-17.623198976273,-17.6574968479047,-17.6063856194821,-17.6111462961281,-17.6778804259468,-17.7147461257176,-17.5026451594111,-17.4301790984938,-17.3389323375737,-17.2234337246822,-17.0221700941903,-16.5288822219157,-15.6822861966401,-14.7724763513044,-14.0254769193867,-13.5149477336984,-13.2054446576814,-13.2341741301965,-13.5626913964967,-14.2112762351332,-14.5962927364211,-15.3232919730544,-16.1311587704648,-16.6948318931104,-16.7660297054547,NaN,NaN,NaN,NaN,NaN,NaN,NaN,NaN,NaN,NaN,NaN,NaN,NaN,NaN,NaN,NaN,NaN,NaN,NaN,NaN,NaN,NaN,NaN,NaN,NaN,NaN,NaN,NaN,NaN,NaN,NaN,NaN,NaN,NaN,NaN,NaN,NaN,NaN,NaN,NaN,NaN,NaN,NaN,NaN,NaN,NaN,NaN,NaN,NaN,NaN,NaN,NaN,NaN,NaN,NaN,NaN,NaN,NaN,NaN,NaN,NaN,NaN,NaN,NaN,NaN,NaN,NaN,NaN,NaN,NaN,NaN,NaN
-19.4023299824801,-19.898498878146,-19.8301872399168,-19.7091529899123,-19.8679239527247,-19.9003954454295,-19.4208120316142,-18.9689538480913,-18.4695925539943,-18.1364740464605,-17.9040812299506,-17.7472539313912,-17.8041794445705,-17.718140892163,-17.7568263041288,-17.7649504143107,-17.8070372758567,-17.7641787172504,-17.9766672807745,-18.1191466497554,-18.0480554977574,-18.1316662350084,-18.0654442154283,-18.036864135545,-17.7876184100938,-17.6525077088752,-17.69444277284,-17.7247805922643,-17.7394755842396,-17.7521683661653,-17.8747935770824,-17.8715915335244,-17.8471320723104,-17.909572685705,-18.092870059129,-18.2124392310269,-18.2733660994454,-18.1726964315236,-18.163227317533,-18.2344521572451,-18.2001454903619,-18.1062158748079,-18.022794916096,-18.0542290405394,-17.9908569466075,-17.8780770863623,-17.7805109166243,-17.7329660938533,-17.6598764494061,-17.6889526328106,-17.6561143036644,-17.6088826706305,-17.5117921226984,-17.4201228440363,-17.37770924256,-17.3181099485478,-17.2146768445277,-17.1556059228611,-17.0837727476841,-17.0571663631341,-16.9969333748058,-16.9779425028381,-17.0846120047808,-17.0563693114048,-17.1960656224701,-17.1694539077598,-17.2872614698991,-17.2909855923753,-17.3067062166355,-17.4593802529189,-17.4990472342312,-17.5168943076927,-17.553527991957,-17.499438193131,-17.4322516514858,-17.5592769296386,-17.6005853807739,-17.5787510663547,-17.5594713431831,-17.519065482414,-17.532886438904,-17.6299537594416,-17.6207611608735,-17.4347125872057,-17.3576508614624,-17.3586523832886,-17.3348203601749,-17.1204904969447,-16.6772232645225,-15.8626779703446,-15.0339459978684,-14.198532204875,-13.6925144687641,-13.3653267633792,-13.2646515511173,-13.57377840609,-14.1635912219957,-14.591950844948,-15.2004869295631,-16.0011931320503,-16.5267641519754,-16.9350669864284,NaN,NaN,NaN,NaN,NaN,NaN,NaN,NaN,NaN,NaN,NaN,NaN,NaN,NaN,NaN,NaN,NaN,NaN,NaN,NaN,NaN,NaN,NaN,NaN,NaN,NaN,NaN,NaN,NaN,NaN,NaN,NaN,NaN,NaN,NaN,NaN,NaN,NaN,NaN,NaN,NaN,NaN,NaN,NaN,NaN,NaN,NaN,NaN,NaN,NaN,NaN,NaN,NaN,NaN,NaN,NaN,NaN,NaN,NaN,NaN,NaN,NaN,NaN,NaN,NaN,NaN,NaN,NaN,NaN,NaN,NaN,NaN
-19.4235966070864,-19.9212589084777,-19.7810129249037,-19.7599568990876,-19.9133469331942,-19.9563165825911,-19.4577291512113,-18.9317844156312,-18.4229097744845,-18.045273633494,-17.8393974682949,-17.6800620041989,-17.7660210557417,-17.6854234004003,-17.6754900446339,-17.6673735909804,-17.7868055318721,-17.7153703650476,-17.8962242651874,-18.0280897283698,-18.0344978467232,-18.0754693803239,-18.0425487229874,-17.9704621959871,-17.69458092993,-17.6418093731841,-17.7047293982413,-17.7949971860619,-17.7760709126522,-17.7645451650588,-17.8276755984124,-17.8902046321387,-17.8847695964689,-17.9134091181178,-18.0159530230003,-18.1690554693567,-18.2470882256344,-18.1393108679643,-18.2072131203945,-18.29010450661,-18.1682183383198,-18.1041007633839,-18.088462912308,-18.0556435463819,-17.9535741878256,-17.8239303500092,-17.6983459534229,-17.6908528838453,-17.6555705656438,-17.6286124668077,-17.5663610072239,-17.5213509372755,-17.4851285072237,-17.3866840260675,-17.3570041446424,-17.3053114296117,-17.1494852116191,-17.0706658302355,-17.0327960831117,-17.006561400879,-17.0046106624275,-16.9763890735966,-16.9969630458259,-16.9916359560231,-17.0805723618383,-17.059082720066,-17.1946895006875,-17.2303107026312,-17.3254311600043,-17.4457830495939,-17.4715953808803,-17.5176724206293,-17.4760393320182,-17.5153102521521,-17.4916607377891,-17.5632772244247,-17.5888992880338,-17.5508682178024,-17.4826058582404,-17.4011695849933,-17.4766105843204,-17.4651677400913,-17.4490951081239,-17.3565965935452,-17.2953289919063,-17.2679143419948,-17.3047336444247,-17.1768001912793,-16.7992163696396,-16.1970379665417,-15.4526278951749,-14.5670329718121,-13.8592589365404,-13.5749993089237,-13.4475195970819,-13.5527106043888,-14.0274173893994,-14.5709942433096,-15.2488139027767,-16.0349019653529,-16.7195412844775,-17.2916630391573,NaN,NaN,NaN,NaN,NaN,NaN,NaN,NaN,NaN,NaN,NaN,NaN,NaN,NaN,NaN,NaN,NaN,NaN,NaN,NaN,NaN,NaN,NaN,NaN,NaN,NaN,NaN,NaN,NaN,NaN,NaN,NaN,NaN,NaN,NaN,NaN,NaN,NaN,NaN,NaN,NaN,NaN,NaN,NaN,NaN,NaN,NaN,NaN,NaN,NaN,NaN,NaN,NaN,NaN,NaN,NaN,NaN,NaN,NaN,NaN,NaN,NaN,NaN,NaN,NaN,NaN,NaN,NaN,NaN,NaN,NaN,NaN
-19.3584872439683,-19.9526399959377,-19.7567249797137,-19.8166380473027,-19.9490434635624,-19.9206442744152,-19.4497318751327,-18.8725742938626,-18.3666116067174,-17.9678964502913,-17.7774058676778,-17.5721459186606,-17.7407841417994,-17.6497494012295,-17.6640760802107,-17.6310005612139,-17.7176804765926,-17.7104520634704,-17.8999942659714,-18.0140918326145,-17.9650779303218,-18.0066485661404,-17.9320570492918,-17.8111840919523,-17.5827138970146,-17.5693818905344,-17.7104338137648,-17.7947457275864,-17.8047539538609,-17.7298145458557,-17.7818181808013,-17.8661101004834,-17.8651623528107,-17.8685924599971,-17.9608752488294,-18.152739990892,-18.286778185817,-18.1951157705346,-18.2218162976087,-18.2495536664285,-18.1029750101279,-18.0437885812545,-18.0814291956713,-18.0591220650584,-17.9538706744211,-17.8292471221843,-17.6297573446876,-17.6826803653316,-17.657065323975,-17.602938264706,-17.5216528840301,-17.4683856386725,-17.453112272284,-17.3658188020431,-17.3749301070078,-17.2778592541293,-17.1305934775034,-17.0308916225645,-16.9993713913257,-16.9352450572416,-16.975510783899,-16.9851729333491,-16.985402956697,-16.9668510926268,-17.1103797265033,-17.0648280837144,-17.1985165510001,-17.2546942130384,-17.2995777407696,-17.4052081821956,-17.4074674301108,-17.3569351818426,-17.3533622191281,-17.3194475361354,-17.329613759581,-17.4188744162641,-17.5255865028001,-17.459504090779,-17.4019639691145,-17.2859233745648,-17.3263322213506,-17.2918835424884,-17.2959970231893,-17.2440862110881,-17.218048509435,-17.2049023888528,-17.3236991030751,-17.1253738530867,-16.9364928642159,-16.4934087890072,-15.8768044315919,-15.1204409372564,-14.2088237334933,-13.7431643218197,-13.6315520115961,-13.7137641821041,-13.9920670213411,-14.5149738359366,-15.0772293532844,-15.7502883998116,-16.4199413882378,-17.3076985641317,NaN,NaN,NaN,NaN,NaN,NaN,NaN,NaN,NaN,NaN,NaN,NaN,NaN,NaN,NaN,NaN,NaN,NaN,NaN,NaN,NaN,NaN,NaN,NaN,NaN,NaN,NaN,NaN,NaN,NaN,NaN,NaN,NaN,NaN,NaN,NaN,NaN,NaN,NaN,NaN,NaN,NaN,NaN,NaN,NaN,NaN,NaN,NaN,NaN,NaN,NaN,NaN,NaN,NaN,NaN,NaN,NaN,NaN,NaN,NaN,NaN,NaN,NaN,NaN,NaN,NaN,NaN,NaN,NaN,NaN,NaN,NaN
-19.326307220381,-19.9942055984886,-19.7761258063875,-19.8774747310233,-19.9584897919777,-19.8505215849427,-19.413853070444,-18.8138297983929,-18.2800113707613,-17.969631618963,-17.7445656673962,-17.4295108612779,-17.7054143497593,-17.5191499884936,-17.6164686326386,-17.6687208876767,-17.7165196807748,-17.7675080315516,-17.874897443728,-17.9481099985862,-17.8688671699683,-17.8825485210951,-17.8584269121545,-17.7092550251925,-17.6272133084391,-17.5741866117619,-17.7501499718147,-17.8107879761289,-17.771282145889,-17.7122983035097,-17.7465156068495,-17.8266594231462,-17.7875658606936,-17.8253476780956,-17.9280402519043,-18.1228791433072,-18.2451786847153,-18.1621805020524,-18.1958153786492,-18.1642288817083,-18.0765429707106,-18.0148404558781,-18.0337601973328,-18.0411263294959,-17.871373546815,-17.7385935972073,-17.6035464354873,-17.662823944466,-17.6638813358654,-17.55063944861,-17.4678466230978,-17.4173939964839,-17.3934417978735,-17.3383169046491,-17.2911780904606,-17.2504792361156,-17.1790229366265,-17.1027895715962,-17.0367206972285,-17.0552396757924,-17.1127058726953,-17.0239146967079,-16.9935624002018,-16.9328616592786,-17.0087168235558,-17.0685754757822,-17.1623342069438,-17.2576759170664,-17.332349127862,-17.3911630285139,-17.3258614645048,-17.2534060930392,-17.2867725044576,-17.265787569955,-17.2755576260286,-17.3445768720691,-17.4487155916025,-17.4400164977977,-17.3007085815016,-17.205926462347,-17.1484830866415,-17.1090357576392,-17.1427153682564,-17.1455358972201,-17.1844877754024,-17.1567296712494,-17.1865064464837,-17.1007566390974,-16.9446829049709,-16.5976608928785,-16.1655068170514,-15.5364776005656,-14.7317154441408,-14.0577814150581,-13.8524198908142,-13.8411177866733,-13.9560479062432,-14.3510622243807,-14.9830029083509,-15.809038497222,-16.6276774609293,-17.0675360870196,-16.896787537107,NaN,NaN,-19.0229388436996,NaN,-19.0543209489438,NaN,NaN,NaN,NaN,NaN,-19.2305690434576,NaN,NaN,NaN,NaN,NaN,NaN,NaN,NaN,NaN,NaN,NaN,NaN,NaN,NaN,NaN,NaN,NaN,NaN,NaN,NaN,NaN,NaN,NaN,NaN,NaN,NaN,NaN,NaN,NaN,NaN,NaN,NaN,NaN,NaN,NaN,NaN,NaN,NaN,NaN,NaN,NaN,NaN,NaN,NaN,NaN,NaN,NaN,NaN,NaN,NaN,NaN,NaN,NaN,NaN,NaN,NaN,NaN,NaN,NaN,NaN
-19.3347296476178,-19.9909219385191,-19.7364921441703,-19.9050817250933,-19.9725345163297,-19.849784986574,-19.4330419017263,-18.7954194705918,-18.2739615091652,-17.9842705635879,-17.7388627776104,-17.4289376366166,-17.6304001131751,-17.4787290816946,-17.6136610884959,-17.6628057924749,-17.7145421496328,-17.7375117276154,-17.8503120442689,-17.8975860387206,-17.7575968319993,-17.7086231162847,-17.7306207834889,-17.6750580300169,-17.5958045155796,-17.5050279894613,-17.7179956215456,-17.793843991824,-17.700586031729,-17.5906962202049,-17.6961063236647,-17.7923230541887,-17.7167769480373,-17.7853855424049,-17.9271747177998,-18.0947396571885,-18.1997765910943,-18.0925533677375,-18.1065809361082,-18.1190638726346,-18.0130304321405,-17.9563641975719,-17.9804761396219,-17.9901623924188,-17.8466014119844,-17.7121702432154,-17.5220868554351,-17.6243345733057,-17.6023576718304,-17.5011047361007,-17.45378532949,-17.4132257108122,-17.3415342095835,-17.2922058075487,-17.2269029195185,-17.221415793728,-17.23524576815,-17.0965281977154,-17.0462856153926,-17.0512268147507,-17.0921740739506,-17.0419934019697,-17.054440183432,-16.9813959787604,-17.0040663486357,-17.0557237453242,-17.1668003127728,-17.2241759688826,-17.2709948735325,-17.2799264743927,-17.1841757068427,-17.147249604575,-17.2263886666358,-17.128304078709,-17.1458294382283,-17.2212098503875,-17.3242142372985,-17.340141167133,-17.2349780455306,-17.0983233762722,-17.0486089942419,-16.9765600934278,-16.964836139267,-17.0079546741977,-17.0927103303231,-17.0913583193534,-17.1815086752347,-17.0396939260638,-16.9505148910271,-16.6867552492319,-16.3230243205231,-15.798480517957,-15.1859135735807,-14.5948483076174,-14.0779590980041,-13.8271497280675,-13.8653425803029,-14.0204629249795,-14.5161760739329,-15.2534207502401,-15.9510299565551,-16.736724782471,-16.9238394668004,NaN,-19.2702916308231,-19.314618617776,-19.283275864875,-19.2364756394939,NaN,NaN,NaN,NaN,NaN,-19.2240884715425,NaN,NaN,NaN,NaN,NaN,NaN,NaN,NaN,NaN,NaN,NaN,NaN,NaN,NaN,NaN,NaN,NaN,NaN,NaN,NaN,NaN,NaN,NaN,NaN,NaN,NaN,NaN,NaN,NaN,NaN,NaN,NaN,NaN,NaN,NaN,NaN,NaN,NaN,NaN,NaN,NaN,NaN,NaN,NaN,NaN,NaN,NaN,NaN,NaN,NaN,NaN,NaN,NaN,NaN,NaN,NaN,NaN,NaN,NaN,NaN
-19.3413478459848,-19.9983512023161,-19.7668429687196,-19.9160931100329,-19.9822356397216,-19.8254673490573,-19.4279518864799,-18.8545639346198,-18.2772731736804,-17.9832903123024,-17.718016267065,-17.4169938524452,-17.5487733494385,-17.434125988641,-17.5826759017395,-17.6662757729446,-17.7209822303192,-17.6626434267984,-17.7828347804074,-17.8056418553899,-17.6226953763865,-17.6131955810629,-17.7095119436426,-17.6418802230568,-17.5028794111397,-17.4362234515845,-17.6418451964663,-17.6823421648784,-17.612970175346,-17.5140774708429,-17.6559058411715,-17.6861714647534,-17.6862622973334,-17.7725743788285,-17.8838787983014,-18.0399925388868,-18.127572344887,-18.0663021825123,-18.0337201456016,-18.0509925917686,-17.9770439450497,-17.9190147411825,-17.896635301509,-17.8995490060592,-17.8017864800659,-17.6591695710259,-17.4971081886492,-17.5411976407137,-17.5243921910747,-17.4899524829945,-17.4582567178985,-17.3859090602429,-17.2804256408278,-17.2576773478984,-17.225302336485,-17.1762851833768,-17.1895162471941,-17.1572521047561,-17.1159819516831,-17.1486066436631,-17.1618270112268,-17.1764513975249,-17.0930380947501,-17.0311660905799,-17.0772896147453,-17.0928925529946,-17.1473552143743,-17.1850156485778,-17.193637876743,-17.2394169416146,-17.1510824640595,-17.1357435814926,-17.2133880563973,-17.124577783473,-17.0798193656516,-17.0915661824314,-17.1738477065375,-17.2221888830981,-17.0895226356122,-16.9782753019138,-16.9065338371462,-16.8598331360814,-16.8743063918089,-16.9471418505862,-17.0583101981393,-17.064524289685,-17.1424740936038,-17.0590605903587,-16.9705921431275,-16.7862542476988,-16.4558970686118,-16.0514569152682,-15.6274784641626,-15.0311172302881,-14.5258349322572,-14.1183786701571,-13.9105521105262,-13.87471020098,-14.1735884264101,-14.922746723173,-15.8134069986919,-16.4408456999653,-16.7723964986697,NaN,-19.4245986973543,-19.3410958852324,-19.2910467333151,-19.3139240132782,-19.281606844918,NaN,NaN,NaN,-19.2138479260854,-19.2186958780455,NaN,NaN,NaN,NaN,NaN,NaN,NaN,NaN,NaN,NaN,NaN,NaN,NaN,NaN,NaN,NaN,NaN,NaN,NaN,NaN,NaN,NaN,NaN,NaN,NaN,NaN,NaN,NaN,NaN,NaN,NaN,NaN,NaN,NaN,NaN,NaN,NaN,NaN,NaN,NaN,NaN,NaN,NaN,NaN,NaN,NaN,NaN,NaN,NaN,NaN,NaN,NaN,NaN,NaN,NaN,NaN,NaN,NaN,NaN,NaN
-19.3105215941947,-20.0137653216975,-19.7434563455868,-19.9561712401161,-19.9105467333583,-19.7729123584396,-19.4071049756423,-18.8920196468797,-18.265513124403,-17.9702087022716,-17.7245934096964,-17.4071466750437,-17.487185820563,-17.4237528660551,-17.597890037142,-17.6086007114693,-17.7096016113657,-17.6259896673151,-17.7016189811578,-17.7557502364493,-17.5486942194906,-17.5665046456879,-17.6260251107194,-17.6617340471707,-17.4812055185107,-17.412217044843,-17.524399743458,-17.6429867789676,-17.5838636866725,-17.4893048363815,-17.6446889221985,-17.6402379102065,-17.6914946897434,-17.7812785508022,-17.8561190830054,-17.9726263510908,-18.054589101419,-18.0311310713719,-18.0194345832118,-18.0238509570189,-17.9391119662089,-17.9158568968405,-17.8814952325259,-17.8471603376311,-17.7286391869529,-17.5969316144729,-17.5074757716931,-17.4766428616204,-17.4997037288418,-17.4406498273,-17.3765091638077,-17.3296030447742,-17.2572785771522,-17.2371587546608,-17.2412932622655,-17.1466624199984,-17.1788201287471,-17.0859569935919,-17.0851172352152,-17.1052376684255,-17.1699244664727,-17.1677735773753,-17.1376759318626,-17.0520617244035,-17.0818658835619,-17.0957312459035,-17.1343584284788,-17.1010771676702,-17.075377831487,-17.2141785131363,-17.182239668272,-17.1593735123027,-17.1665607445307,-17.1253375284471,-17.0315090945579,-16.9575113581441,-17.0499676165999,-17.0893770458941,-16.989940536546,-16.8269093136,-16.7551207729263,-16.7129327903269,-16.7553653612003,-16.8263064426017,-16.9490807500186,-17.016593532634,-17.0828418415094,-17.0607339825793,-17.007236311355,-16.8153036476568,-16.5506661014794,-16.2420399718533,-15.8347739460533,-15.3191240261643,-14.7868874431814,-14.4986537518096,-14.0636861851589,-13.8353621736558,-14.0188216919322,-14.6478380673814,-15.5262815783943,-16.2597183080171,-16.7048551836996,NaN,-19.5095853976903,-19.4158862188679,-19.3797554891314,NaN,-19.1204684938847,NaN,NaN,-19.3849723575589,-19.3094197446561,NaN,NaN,NaN,NaN,NaN,NaN,NaN,NaN,NaN,NaN,NaN,NaN,NaN,NaN,NaN,NaN,NaN,NaN,NaN,NaN,NaN,NaN,NaN,NaN,NaN,NaN,NaN,NaN,NaN,NaN,NaN,NaN,NaN,NaN,NaN,NaN,NaN,NaN,NaN,NaN,NaN,NaN,NaN,NaN,NaN,NaN,NaN,NaN,NaN,NaN,NaN,NaN,NaN,NaN,NaN,NaN,NaN,NaN,NaN,NaN,NaN
-19.3736818009745,-20.0584075086902,-19.7401111377,-19.9270659550721,-19.9518906107801,-19.7506386394532,-19.4603455950607,-18.8567457350011,-18.2136658409313,-17.9436381033261,-17.7348127009166,-17.4303956064576,-17.5195533610898,-17.4037785564411,-17.5609081465032,-17.5764778365444,-17.7055039038424,-17.6415524390355,-17.6747026019293,-17.7108544865089,-17.4841998526172,-17.5293520426747,-17.6019343189388,-17.6423432013681,-17.5225012725148,-17.4667157087387,-17.5279441256116,-17.6192144596222,-17.5818453209014,-17.4524127466161,-17.6214021973433,-17.6611626050932,-17.6532971748503,-17.7302724344312,-17.8073578966771,-17.9016330188136,-18.0052476880101,-18.057213659503,-18.0638712727619,-18.0273827339859,-17.9335270980892,-17.9382443407406,-17.9137227371633,-17.8868766704251,-17.7499180259504,-17.6196924522403,-17.4897621160907,-17.4428181158187,-17.4093538653391,-17.3387585616957,-17.2220598469325,-17.2048205190256,-17.1896995109857,-17.1624674995491,-17.2044820702518,-17.1413735740443,-17.1378422671115,-17.0658715128634,-17.0724779833977,-17.1664669917367,-17.2371549704819,-17.2030209430625,-17.1562645805728,-17.0603230999401,-17.0819259051285,-17.1152670385503,-17.1140076836001,-17.0756051041471,-17.0957158851045,-17.224047666765,-17.2269855887717,-17.1762951053677,-17.1497046453725,-17.1330220232697,-16.9563701042378,-16.9353214362995,-16.9410509277143,-16.9471669736789,-16.8381846367193,-16.6688341465138,-16.6257535449542,-16.6241447492383,-16.7034444036984,-16.7794730926004,-16.8680539135106,-16.962372098523,-17.0812923744534,-17.090051561838,-17.0150541208464,-16.8048122990423,-16.5715254204333,-16.2538050392043,-15.9832583021499,-15.5502983496207,-14.9968369397935,-14.7905465085732,-14.2982883592591,-14.0362370883113,-14.0155599834479,-14.5138568763851,-15.3854918788909,-15.9999372531631,-16.3711093662015,NaN,-19.5709099663351,-19.3680349575351,-19.3374364439883,NaN,-19.3826281108858,-19.4492133005606,-19.4009006459906,-19.4304669896079,NaN,NaN,NaN,NaN,NaN,NaN,NaN,NaN,NaN,NaN,NaN,NaN,NaN,NaN,NaN,NaN,NaN,NaN,NaN,NaN,NaN,NaN,NaN,NaN,NaN,NaN,NaN,NaN,NaN,NaN,NaN,NaN,NaN,NaN,NaN,NaN,NaN,NaN,NaN,NaN,NaN,NaN,NaN,NaN,NaN,NaN,NaN,NaN,NaN,NaN,NaN,NaN,NaN,NaN,NaN,NaN,NaN,NaN,NaN,NaN,NaN,NaN
-19.3678578072362,-20.0832538956066,-19.732996118261,-19.9006908963473,-20.0139383063498,-19.726206866806,-19.4611013344313,-18.8682702554242,-18.3003482942655,-18.0213107442643,-17.8049035764442,-17.6053196088531,-17.5618941447642,-17.4176774787975,-17.4877951962492,-17.5378959965407,-17.7471822044502,-17.6044479982158,-17.6522028771162,-17.6568534238016,-17.4355934882636,-17.492681820845,-17.5544613769864,-17.5879882213492,-17.4933356056709,-17.3861367436615,-17.5053748334632,-17.5405420822315,-17.545351930163,-17.4192548662075,-17.5210583775612,-17.6022497127326,-17.5926436020982,-17.6657106008702,-17.7525689674368,-17.8919462097848,-18.0295305894397,-18.1065910885845,-18.0991451565966,-17.9682001677525,-17.9132670312303,-17.9279970457584,-17.9187241442078,-17.8682535502102,-17.7809013271743,-17.6185627020096,-17.4606197784497,-17.3398799566189,-17.2546297179233,-17.2024234819258,-17.0767192101533,-17.0953860395725,-17.0613049225094,-17.0408991965868,-17.1074440673358,-17.0347762469719,-17.1067034327413,-17.022547765587,-17.0294190178627,-17.2189029844437,-17.1641104307862,-17.2011674470274,-17.1611735936119,-17.0634839442386,-17.0389085158216,-17.0590877495458,-17.0445996456718,-17.0152549279898,-17.0893708284244,-17.1686245140108,-17.1386260139343,-17.1355696516216,-17.1040333767253,-17.0511068655659,-16.907833609477,-16.8270717160474,-16.8584526634904,-16.7696724367586,-16.6353893983938,-16.5110644499813,-16.5199797549654,-16.4821641392643,-16.6369120436859,-16.7434126315165,-16.7868044640103,-16.9046748210146,-17.0660802044571,-17.1347509649507,-17.0676851029713,-16.875812399216,-16.6095481105605,-16.2718160671338,-15.9960725357881,-15.6406450395334,-15.1166399860041,-14.9220345095233,-14.4991757014242,-14.2990006967534,-14.1433500701278,-14.4999807563159,-15.2461807085491,-16.1196170915308,-16.6558449029592,NaN,-19.5981266945324,-19.4107797318868,NaN,NaN,-19.4285732706807,-19.4576206563489,NaN,NaN,NaN,NaN,NaN,NaN,NaN,NaN,NaN,NaN,NaN,NaN,NaN,NaN,NaN,NaN,NaN,NaN,NaN,NaN,NaN,NaN,NaN,NaN,NaN,NaN,NaN,NaN,NaN,NaN,NaN,NaN,NaN,NaN,NaN,NaN,NaN,NaN,NaN,NaN,NaN,NaN,NaN,NaN,NaN,NaN,NaN,NaN,NaN,NaN,NaN,NaN,NaN,NaN,NaN,NaN,NaN,NaN,NaN,NaN,NaN,NaN,NaN,NaN
-19.5218799771717,-20.1334175655692,-19.7031396809667,-19.8510473687115,-20.0376394938586,-19.7600045978873,-19.5060737148705,-18.9379484873074,-18.4595493698905,-18.1383539582027,-17.9017564982013,-17.6122160845209,-17.5714382769069,-17.4593288959974,-17.5458990031685,-17.5606414980237,-17.7160342506765,-17.6126968594352,-17.6980835835088,-17.5765662281902,-17.335811305884,-17.4636127165722,-17.5223975275713,-17.5095325562838,-17.3987981706788,-17.4262346671139,-17.4830067539137,-17.4628324839891,-17.5224912564991,-17.3454958730987,-17.4700794041086,-17.5482523667861,-17.6489568464236,-17.7011428130837,-17.7919516761048,-17.934795215282,-18.0730583835045,-18.0889203729982,-18.0497879881107,-17.9068971021472,-17.9187505347025,-17.9202384325185,-17.9601177538299,-17.9045785116724,-17.774798683327,-17.6402387632961,-17.3930808927844,-17.2491601407709,-17.1182302467896,-17.0846281440268,-16.9701198718977,-16.9695282538516,-16.9126997026905,-16.9099591488011,-17.005665291628,-16.9691773126826,-17.0072903303982,-17.0221831027416,-17.0254520565258,-17.1578903325254,-17.1587359896588,-17.150934797655,-17.0808222954616,-17.0086788085865,-17.0062773596334,-17.01859775055,-17.018458610645,-17.0723431090231,-17.118211736208,-17.2371840223623,-17.1238955228557,-17.1415351693818,-17.101887087681,-17.0539376989211,-16.8683244017505,-16.77325925333,-16.712440088727,-16.6559108005787,-16.5240511328237,-16.3532812842168,-16.3967471217679,-16.4161632369518,-16.5612465941392,-16.6780017275979,-16.7605502949951,-16.8857555017617,-17.0477407697673,-17.1174866965409,-17.0606007235597,-16.9501814080303,-16.7465732671017,-16.3498090845516,-16.0259532504583,-15.6590344549128,-15.260828987358,-15.1460434258639,-14.7686385940347,-14.5548539148623,-14.2453158117705,-14.5188817872391,-15.1721650941657,-15.798586276096,-16.6634440834848,NaN,-19.626961000611,-19.4508836658987,NaN,NaN,-19.4571636146622,-19.4593171453844,NaN,NaN,NaN,NaN,NaN,NaN,NaN,NaN,NaN,NaN,NaN,NaN,NaN,NaN,NaN,NaN,NaN,NaN,NaN,NaN,NaN,NaN,NaN,NaN,NaN,NaN,NaN,NaN,NaN,NaN,NaN,NaN,NaN,NaN,NaN,NaN,NaN,NaN,NaN,NaN,NaN,NaN,NaN,NaN,NaN,NaN,NaN,NaN,NaN,NaN,NaN,NaN,NaN,NaN,NaN,NaN,NaN,NaN,NaN,NaN,NaN,NaN,NaN,NaN
-19.6155924919964,-20.1819154666562,-19.7112794149199,-19.896957880632,-20.1128077484507,-19.7924654428709,-19.483430821757,-19.0255824974975,-18.605858191821,-18.2591749708432,-17.9792625664707,-17.680748796086,-17.5637183791659,-17.4891217436103,-17.6063748733174,-17.6095966553168,-17.7514375495054,-17.7145714657453,-17.7021587601928,-17.5261717049781,-17.2841172135434,-17.4558017247128,-17.4760708378531,-17.5264818707551,-17.3763384275412,-17.3882038481894,-17.5382939814202,-17.3727311893663,-17.4209130569557,-17.2892329185667,-17.4566117712961,-17.4744940032089,-17.6582611423636,-17.7028027614946,-17.7601688084148,-17.9023404260201,-18.0936289374833,-18.0866838630548,-18.02873534243,-17.8741244042441,-17.9048670726148,-17.8847145979266,-17.8914272562806,-17.809747720447,-17.6982065866976,-17.5003657020779,-17.2650078937484,-17.0925139189884,-16.9843404354934,-16.9886008027045,-16.8356638443855,-16.8835759372732,-16.7802377109358,-16.8209088242198,-16.9269259204351,-16.9177203736705,-16.9402764989232,-16.9567740832733,-16.9804851137562,-17.0497265339358,-17.0773629445604,-17.1028149767499,-17.0755640639045,-17.0203501807256,-17.0020272609891,-17.0456394457444,-17.1534825350112,-17.1239030842648,-17.1475360537634,-17.1949169953771,-17.1463699297711,-17.0615559043499,-17.0399843818877,-16.9756092296234,-16.8324794909362,-16.7153387446103,-16.6344508992857,-16.5397420032055,-16.3868029377917,-16.222971692526,-16.2622385743628,-16.3183072454958,-16.4517699014442,-16.6054934255089,-16.706870258667,-16.8239070136746,-16.9573619396473,-17.0573702681476,-17.0493382697451,-16.9586939169283,-16.7683728879338,-16.4233272778134,-16.060865066468,-15.7793612450757,-15.356193448148,-15.2906573228885,-14.903572210317,-14.6977313549282,-14.391360143461,-14.6002550066386,-15.341622042973,-16.064828974832,-16.6104244693531,NaN,-19.6253655207724,-19.4695495661807,NaN,-19.4944287807472,-19.47479196987,NaN,NaN,NaN,NaN,NaN,NaN,NaN,NaN,NaN,NaN,NaN,NaN,NaN,NaN,NaN,NaN,NaN,NaN,NaN,NaN,NaN,NaN,NaN,NaN,NaN,NaN,NaN,NaN,NaN,NaN,NaN,NaN,NaN,NaN,NaN,NaN,NaN,NaN,NaN,NaN,NaN,NaN,NaN,NaN,NaN,NaN,NaN,NaN,NaN,NaN,NaN,NaN,NaN,NaN,NaN,NaN,NaN,NaN,NaN,NaN,NaN,NaN,NaN,NaN,NaN
-19.6544110661683,-20.2222914816934,-19.6479810888248,-19.907166891426,-20.1435276030404,-19.8079101509326,-19.4990308356401,-19.0112121135863,-18.6397845615613,-18.3401992438368,-17.9853594054464,-17.7285827419483,-17.602165000009,-17.5552043343874,-17.6845690098735,-17.6589337430273,-17.7577154424433,-17.7486965928167,-17.6953211241681,-17.466295339577,-17.2935098019237,-17.4815756511488,-17.4712313603769,-17.5533780421333,-17.4012930704789,-17.4122411407918,-17.5150554406205,-17.2884661042846,-17.3234659436691,-17.2650134600236,-17.4052822049944,-17.5094955897831,-17.656369406907,-17.6689501609685,-17.7403650837235,-17.8628052823865,-18.0773618301259,-18.0640523204692,-17.9306797822679,-17.8534270573836,-17.9124319851516,-17.8543584966408,-17.8522865133521,-17.7228114595499,-17.5908967980729,-17.3514408275157,-17.1921254719148,-17.0287058087624,-16.9258429041297,-16.9304667312807,-16.7828361700045,-16.7920041136849,-16.7495007433898,-16.7887201420991,-16.8501396476683,-16.8805007870218,-16.9220832002079,-16.9713324479487,-16.922006709274,-16.9857188078079,-17.0264054632152,-17.0655169440897,-17.0747669058642,-17.0414139124252,-17.0737927650426,-17.0944886535502,-17.2013240847517,-17.2499509411674,-17.2423036326107,-17.2842612727821,-17.175882600038,-17.0779245842059,-17.0207222956166,-16.9954856647703,-16.8334989458669,-16.7192939801032,-16.5887743092173,-16.4168742023257,-16.2716645052485,-16.1514333332489,-16.174989875059,-16.2188989733755,-16.3369394780326,-16.5360140138493,-16.6833831963786,-16.7176689918289,-16.8246114523706,-16.9839867227194,-16.9323299285225,-16.8922020189697,-16.7918526474539,-16.445468023055,-16.0636540340156,-15.7762613530495,-15.438420905294,-15.3404975520427,-14.9611578815005,-14.8270995790853,-14.6067092568011,-14.5703416434856,-15.3244298399432,-16.175853467456,-16.3333535573911,NaN,-19.598690045839,-19.4638942542601,NaN,-19.5334841465003,-19.4747569991378,NaN,NaN,NaN,NaN,NaN,NaN,NaN,NaN,NaN,NaN,NaN,NaN,NaN,NaN,NaN,NaN,NaN,NaN,NaN,NaN,NaN,NaN,NaN,NaN,NaN,NaN,NaN,NaN,NaN,NaN,NaN,NaN,NaN,NaN,NaN,NaN,NaN,NaN,NaN,NaN,NaN,NaN,NaN,NaN,NaN,NaN,NaN,NaN,NaN,NaN,NaN,NaN,NaN,NaN,NaN,NaN,NaN,NaN,NaN,NaN,NaN,NaN,NaN,NaN,NaN
-19.7209357177964,-20.2569860273634,-19.6454325773797,-19.9140917323023,-20.1919169493447,-19.785413465885,-19.5370187559066,-19.026605541677,-18.632806121716,-18.3657825578716,-18.0154929687515,-17.77756752457,-17.6857591854879,-17.6684183521248,-17.7440803621122,-17.6962642886686,-17.793332222177,-17.7339799508998,-17.6265319907193,-17.4524497696037,-17.3216191270769,-17.474203733537,-17.5174945842489,-17.5182469370344,-17.4565799096744,-17.4313119811349,-17.4967126262941,-17.3317548273352,-17.2598073356384,-17.2787818362179,-17.3796844535883,-17.5461950847382,-17.6902405821887,-17.6881087952951,-17.7328782097454,-17.9049303100373,-18.0209757806023,-17.9650978044061,-17.8684185008578,-17.8602857590183,-17.8740099927651,-17.8015365780616,-17.747597572189,-17.6096709333657,-17.4720085843203,-17.3024935226931,-17.1625688649507,-17.0838335484832,-16.9093193616572,-16.8785559679838,-16.7151434065099,-16.6869282043014,-16.6762398520871,-16.7536797247296,-16.819034634353,-16.8324888657736,-16.8038157693094,-16.8359928007351,-16.8663798847745,-16.95274385778,-17.0143914100679,-17.02775317259,-17.0953751994127,-17.1207502028517,-17.2184594695983,-17.1229677237301,-17.2001987705967,-17.1769990328561,-17.1985819972413,-17.2385844767576,-17.1448012511661,-17.0797056734471,-17.0249808948195,-16.9529453824383,-16.8153682768627,-16.7082437930035,-16.6076490989938,-16.3588647214418,-16.1812209045469,-16.1029558329466,-16.1120130808543,-16.1706826912215,-16.3039073889603,-16.4813134088643,-16.6530024717315,-16.6283534443179,-16.7087875856014,-16.863661794707,-16.8337002470222,-16.7518174412874,-16.712417670065,-16.4864016052937,-16.0797516243201,-15.7831263755158,-15.3727351178795,-15.3398591966259,-15.0094171419923,-14.8641719570683,-14.7004410410655,-14.8986107195113,-15.5334133716349,-15.9107987661914,-16.4555428369839,NaN,-19.561025997752,-19.4346542327422,-19.3348097766101,-19.480991559182,-19.5163208555225,NaN,NaN,NaN,NaN,NaN,NaN,NaN,NaN,NaN,NaN,NaN,NaN,NaN,NaN,NaN,NaN,NaN,NaN,NaN,NaN,NaN,NaN,NaN,NaN,NaN,NaN,NaN,NaN,NaN,NaN,NaN,NaN,NaN,NaN,NaN,NaN,NaN,NaN,NaN,NaN,NaN,NaN,NaN,NaN,NaN,NaN,NaN,NaN,NaN,NaN,NaN,NaN,NaN,NaN,NaN,NaN,NaN,NaN,NaN,NaN,NaN,NaN,NaN,NaN,NaN
-19.774759994575,-20.2894636800859,-19.6686007808827,-19.984803446675,-20.2364531562584,-19.8280998338164,-19.5477746053475,-19.0221979988091,-18.6726922534674,-18.3945506950289,-18.0779020612556,-17.8543915817679,-17.7467542781032,-17.7609955259977,-17.8009424930338,-17.7445867043451,-17.7904588218238,-17.6904862476906,-17.5622584536782,-17.4064565328247,-17.3833000155587,-17.5489147607126,-17.5970276711209,-17.5235234317909,-17.510482895603,-17.4566444456056,-17.4303519249193,-17.2286055520426,-17.2259069615915,-17.3340030157401,-17.4026223314536,-17.5565339840733,-17.6747905724969,-17.7236913531112,-17.7136464626174,-17.8922599594086,-17.9085707557742,-17.9229627136141,-17.8255314260778,-17.8118843478205,-17.8216185139173,-17.6891933942567,-17.5941755302093,-17.4404884663214,-17.3856921066207,-17.3141123549618,-17.2101937539675,-17.0426800802776,-16.9138936188085,-16.8907643858838,-16.6928369103862,-16.6329260500057,-16.6681381121589,-16.7508370864543,-16.7791092317595,-16.7621062664892,-16.7188174523289,-16.7273486616099,-16.8603242485438,-16.9577655578465,-17.0154284851927,-17.06499175957,-17.1283813365553,-17.2338460190205,-17.2107054479039,-17.1588991119481,-17.2430946896799,-17.2978963750296,-17.3191748616322,-17.3544698169328,-17.2490396622821,-17.1521700547497,-17.0116856946293,-16.9777217665118,-16.865928093257,-16.7970303680569,-16.6626889637564,-16.3223102483056,-16.1446469049726,-16.0419946648843,-16.085018734925,-16.1446926896292,-16.2831425260479,-16.4710821121348,-16.6029111493474,-16.5455585782735,-16.6220314285553,-16.7575908496078,-16.7503271248931,-16.641533610798,-16.6027502414315,-16.3907205426243,-15.9865280506517,-15.7093361118687,-15.3695019559976,-15.361068446804,-15.037001559729,-14.7766966523495,-14.6984875499546,-15.0655696995207,-15.2915451355257,-15.7006767932799,NaN,NaN,-19.4337713903577,-19.3808900133534,-19.316445290061,-19.4893917779511,-19.540631270692,-19.7408441587368,-19.5635238803256,NaN,NaN,NaN,NaN,NaN,NaN,NaN,NaN,NaN,NaN,NaN,NaN,NaN,NaN,NaN,NaN,NaN,NaN,NaN,NaN,NaN,NaN,NaN,NaN,NaN,NaN,NaN,NaN,NaN,NaN,NaN,NaN,NaN,NaN,NaN,NaN,NaN,NaN,NaN,NaN,NaN,NaN,NaN,NaN,NaN,NaN,NaN,NaN,NaN,NaN,NaN,NaN,NaN,NaN,NaN,NaN,NaN,NaN,NaN,NaN,NaN,NaN,NaN
-19.828444394635,-20.3287598239385,-19.723171474237,-20.0182887234481,-20.2292996238407,-19.8285530478002,-19.5308742850637,-19.0276722992471,-18.6715424970679,-18.4260485443012,-18.1539269610239,-17.9810780513707,-17.9022727930677,-17.8793999876259,-17.9130978274073,-17.798472182053,-17.841508537583,-17.6421890086986,-17.5343722388906,-17.4236014833455,-17.4050367633407,-17.5770039332933,-17.6162991844734,-17.5651745322465,-17.5798860646873,-17.5169843479938,-17.4241439524723,-17.2448561509207,-17.2787946607307,-17.4006959576932,-17.4610557217755,-17.5490448287466,-17.6403475117281,-17.7066122758144,-17.6970747480315,-17.8585347283752,-17.8914597037078,-17.9077949166206,-17.7599118374608,-17.782204583966,-17.7750395069968,-17.6062442805485,-17.5357009102378,-17.4193914014562,-17.368056768745,-17.3439839074268,-17.2222850148205,-17.0407537081889,-16.8589880114232,-16.8039403404762,-16.7078661502203,-16.6113719080715,-16.6808744903193,-16.7629609272785,-16.7930008857145,-16.7825190501462,-16.6858108483705,-16.7122282656235,-16.847862320463,-16.9300496191029,-16.9738076426949,-17.0769391128291,-17.2008498194912,-17.2608403742273,-17.2976380374617,-17.2128285418714,-17.2019023407508,-17.2125565082656,-17.2712447765309,-17.2662559182116,-17.1690214184515,-17.0869993854205,-17.0262638212643,-17.0115491610603,-16.913137519416,-16.8036154983305,-16.6717006548698,-16.3288267896077,-16.0890077313579,-16.0231351984535,-16.0241674766559,-16.0464012345474,-16.2537213051427,-16.4234604491601,-16.5362466969996,-16.4892022855088,-16.5406678314251,-16.6263871081317,-16.6738616680432,-16.5138067021543,-16.4892454980007,-16.3168339155626,-15.9932351397412,-15.772304134585,-15.3979712358081,-15.3597460626893,-15.0656908244707,-14.7144840793635,-14.7428450373449,-15.1196679160813,-15.2799316207331,-15.7758243409456,NaN,NaN,-19.2448822145606,-19.0864909431276,-19.010529709386,-19.3029557895743,-19.4227242085365,-19.5151741526716,-19.5516800259603,NaN,NaN,NaN,NaN,NaN,NaN,NaN,NaN,NaN,NaN,NaN,NaN,NaN,NaN,NaN,NaN,NaN,NaN,NaN,NaN,NaN,NaN,NaN,NaN,NaN,NaN,NaN,NaN,NaN,NaN,NaN,NaN,NaN,NaN,NaN,NaN,NaN,NaN,NaN,NaN,NaN,NaN,NaN,NaN,NaN,NaN,NaN,NaN,NaN,NaN,NaN,NaN,NaN,NaN,NaN,NaN,NaN,NaN,NaN,NaN,NaN,NaN,NaN
-19.8637663536764,-20.3651382606464,-19.788773647554,-20.0549749231953,-20.2242002860308,-19.8525233326754,-19.5658751376164,-18.9982773443036,-18.7104018807273,-18.5129733625254,-18.2115296761382,-18.0538454663599,-18.0307799134708,-17.9722221932867,-17.9667700744624,-17.8360164012963,-17.8658662634197,-17.641376689293,-17.5377352937006,-17.4285344524409,-17.4516527809424,-17.5564361911449,-17.6875619901484,-17.5577107134403,-17.5766835394207,-17.5648749099927,-17.4320705467858,-17.2425200949373,-17.3133877242263,-17.4166620280703,-17.5150852355961,-17.5685012277647,-17.6211568994672,-17.7144555229155,-17.6981586119678,-17.9218780127306,-17.9288922767754,-17.9371461735966,-17.7256335071987,-17.763611149841,-17.7532135061882,-17.5914246962157,-17.5644761596762,-17.4680178516804,-17.402301266471,-17.2993047176282,-17.1876712583731,-17.0285281548214,-16.8345875052103,-16.7392682216237,-16.6493763769309,-16.5681084688224,-16.680290333456,-16.7506332295061,-16.7700495272218,-16.7853689075237,-16.6511922250281,-16.7134493229393,-16.8214053855678,-16.8932111726879,-16.9934649565382,-17.1439807313415,-17.25498517294,-17.2878406028774,-17.2832730782949,-17.260648311423,-17.2177936583798,-17.2167175557873,-17.2813339506222,-17.3581229935048,-17.29842506721,-17.2306154314574,-17.1442884765429,-17.0650280530695,-16.9924392408441,-16.8652414560357,-16.6823128542889,-16.270592697014,-16.0989502719648,-15.9731588268528,-15.9446004667013,-15.9503918113871,-16.1695842375233,-16.2995875951912,-16.3958236841077,-16.3411597524882,-16.3925952501787,-16.5514818428914,-16.6127253045396,-16.5023502835002,-16.387318857386,-16.260967032276,-16.0143806910912,-15.846582178405,-15.4862153159571,-15.3834792246059,-15.1211028247918,-14.7442027184054,-14.7594635792547,-15.0839455412507,-15.2272191648984,-15.657043997073,NaN,NaN,-18.9840127142152,-18.7481995101341,-18.6462939665589,-19.0419354517632,-19.4598360577386,-19.5849554574676,-19.6191278000427,NaN,NaN,NaN,NaN,NaN,NaN,NaN,NaN,NaN,NaN,NaN,NaN,NaN,NaN,NaN,NaN,NaN,NaN,NaN,NaN,NaN,NaN,NaN,NaN,NaN,NaN,NaN,NaN,NaN,NaN,NaN,NaN,NaN,NaN,NaN,NaN,NaN,NaN,NaN,NaN,NaN,NaN,NaN,NaN,NaN,NaN,NaN,NaN,NaN,NaN,NaN,NaN,NaN,NaN,NaN,NaN,NaN,NaN,NaN,NaN,NaN,NaN,NaN
-19.9054765121764,-20.414916616996,-19.8321325766355,-20.0786239627066,-20.249293514687,-19.8355033172196,-19.5571293691539,-18.992919381605,-18.6805719354529,-18.5583513905161,-18.210713526241,-18.1643817492068,-18.1476061420566,-18.0484279573352,-18.0035286456081,-17.8380175641256,-17.8596575571458,-17.6473578381865,-17.5260363343265,-17.4649058366406,-17.4774425009808,-17.4747147716425,-17.6866613836763,-17.5543642736646,-17.5938388442135,-17.6492399404851,-17.4753251351469,-17.2705289534582,-17.3256230798287,-17.4171772971503,-17.4818610238939,-17.6319462702237,-17.6631047724279,-17.8025755155253,-17.6709792858031,-17.8970858732297,-17.9670113916799,-17.8832495064206,-17.6997019458262,-17.7482414600278,-17.7433323323478,-17.6189766913543,-17.5857999194554,-17.4814826952364,-17.3995359371189,-17.333979241203,-17.1839442975554,-17.0247913535208,-16.8293058849359,-16.7124125405483,-16.6228310586578,-16.6279371714272,-16.6530052333419,-16.755519725739,-16.7719972564333,-16.7674481556987,-16.6470239784217,-16.7141927218424,-16.7878438492423,-16.9482067603853,-17.0329995155391,-17.1543874054207,-17.2903146599342,-17.2715851178795,-17.2806005260016,-17.2553882082541,-17.1785723791791,-17.2112895428099,-17.2814278200349,-17.2961924710544,-17.2911538125788,-17.2305057038414,-17.1124628826074,-17.0960062831326,-17.0289079930147,-16.8328753375613,-16.6431488350386,-16.3130511510865,-16.136139473043,-15.9359372599725,-15.8285558115555,-15.8361895830759,-16.0255858137471,-16.1218425298383,-16.2285187794691,-16.1580134645727,-16.2695000458582,-16.433267751004,-16.6041135418224,-16.4745171181539,-16.3149235069159,-16.2173504729437,-16.0460567331199,-15.8563834240581,-15.5168899648703,-15.4392240945432,-15.0814161919107,-14.9288997459562,-14.7156017968447,-15.0557031258316,-15.2490672483758,-15.8185212278,NaN,NaN,-18.6645077006045,-18.3400547758344,-18.4202087617236,-18.9113935820146,-19.1944251178502,-19.5589671569047,NaN,NaN,NaN,NaN,NaN,NaN,NaN,NaN,NaN,NaN,NaN,NaN,NaN,NaN,NaN,NaN,NaN,NaN,NaN,NaN,NaN,NaN,NaN,NaN,NaN,NaN,NaN,NaN,NaN,NaN,NaN,NaN,NaN,NaN,NaN,NaN,NaN,NaN,NaN,NaN,NaN,NaN,NaN,NaN,NaN,NaN,NaN,NaN,NaN,NaN,NaN,NaN,NaN,NaN,NaN,NaN,NaN,NaN,NaN,NaN,NaN,NaN,NaN,NaN
-19.8053929534451,-20.427959804605,-19.809498081025,-20.0075673358252,-20.1808527456452,-19.8012181836541,-19.5755896416316,-19.0251936734229,-18.6743720246214,-18.6350475902483,-18.3177665069953,-18.2298444369396,-18.2007131597902,-18.1069767295519,-18.0264965515013,-17.8266398869159,-17.8586757474902,-17.6503168815102,-17.4239543068441,-17.4150078595821,-17.4868061423475,-17.4588060738591,-17.6301616888488,-17.5404326450237,-17.5954773984716,-17.6447413802995,-17.5571226608022,-17.378567372844,-17.401959389246,-17.4247039337474,-17.5269158429844,-17.6297633990316,-17.709672746099,-17.8164815346372,-17.6541940515935,-17.8580461542085,-17.9056192161547,-17.8195775629382,-17.7357730769589,-17.7695601758593,-17.7886945443767,-17.6105942177071,-17.5938817441545,-17.5044241538059,-17.3845316240063,-17.3360377217562,-17.1726462285173,-17.0000475855173,-16.8359125148162,-16.7283278432414,-16.6115536785834,-16.5272490799791,-16.5614733301938,-16.6288473111447,-16.6629366253005,-16.6563330386899,-16.5322577179334,-16.6874413525738,-16.7680452942687,-16.9253416633157,-17.0194893412962,-17.1394260751111,-17.2917790080462,-17.2288697175357,-17.247945339934,-17.172713126795,-17.1485358152224,-17.2088346794483,-17.1894323646897,-17.2659573521727,-17.2766813367733,-17.2721393245592,-17.2242677908844,-17.1293211664142,-17.0287451465653,-16.8707084213064,-16.6145302774374,-16.2811288289923,-16.1133969502065,-15.9448761091482,-15.7733710787606,-15.7506426663647,-15.9325831225437,-16.0307586530585,-16.0616287861549,-16.0831595037287,-16.2030667413118,-16.3331012607385,-16.4514706921467,-16.3658347157508,-16.2311556791552,-16.1930189070658,-16.0365956323478,-15.9286668562712,-15.6737744555611,-15.5212691323555,-15.0557118434828,-15.0838566004234,-14.8102663147882,-15.0476856259954,-15.3082167916636,-15.8760378718483,NaN,NaN,-18.3853015392185,-18.070999560791,-18.0884489090728,-18.6537139536107,-19.4429476845563,-19.5117886277395,NaN,NaN,NaN,NaN,NaN,NaN,NaN,NaN,NaN,NaN,NaN,NaN,NaN,NaN,NaN,NaN,NaN,NaN,NaN,NaN,NaN,NaN,NaN,NaN,NaN,NaN,NaN,NaN,NaN,NaN,NaN,NaN,NaN,NaN,NaN,NaN,NaN,NaN,NaN,NaN,NaN,NaN,NaN,NaN,NaN,NaN,NaN,NaN,NaN,NaN,NaN,NaN,NaN,NaN,NaN,NaN,NaN,NaN,NaN,NaN,NaN,NaN,NaN,NaN
-19.7872882674113,-20.475583319781,-19.8026709010603,-19.9951211272381,-20.1417759001646,-19.7588414961603,-19.6306256086784,-19.0466274890966,-18.7371389739851,-18.6616056726586,-18.3814434442743,-18.3195185801131,-18.2844809223409,-18.1570601648491,-18.0550007760767,-17.879658155781,-17.8529532927837,-17.6929076112993,-17.4360768644473,-17.3837421093482,-17.4231780140333,-17.3815862292678,-17.5522935024179,-17.5415973186275,-17.5437925375719,-17.6579354443766,-17.6251985893852,-17.4863164962574,-17.4614246986796,-17.3957617458152,-17.4764886016632,-17.5868069111765,-17.6932036241614,-17.7684853398177,-17.6855593345942,-17.7899525641815,-17.8289249177921,-17.7852937413147,-17.7678018211426,-17.7640482881542,-17.7923554068666,-17.6573614638588,-17.6635412429912,-17.5063426936501,-17.399774583608,-17.3481247930595,-17.1590967594393,-17.0116210351582,-16.8974901913858,-16.7614319652416,-16.6225041887802,-16.5369993621113,-16.5916371376567,-16.6735677449125,-16.6363420423726,-16.5962375319889,-16.5642552122068,-16.7301741013332,-16.775709689065,-16.9000152852321,-17.0170605266206,-17.1071258679161,-17.1785092184203,-17.1429406442074,-17.1809592279942,-17.1678464068121,-17.1716860298878,-17.2069030453563,-17.1926136247214,-17.3247561705342,-17.3163540101186,-17.3598223798585,-17.2605427417016,-17.1493040111579,-17.0325348078948,-16.8368795418812,-16.5937363323707,-16.32742599568,-16.1148743212239,-15.9190510114498,-15.8030439268634,-15.728275748767,-15.8409724196592,-15.897596640537,-15.894146384432,-16.0088887855725,-16.1625925590266,-16.2189823149923,-16.281260153657,-16.2256408001365,-16.1160074050802,-16.1238965527909,-15.9398354596612,-15.921088787463,-15.7536252678964,-15.6341308760992,-15.1532854910425,-15.3341209945894,-14.9633444052788,-15.0668861262051,-15.2719148796515,-15.8560731733813,NaN,NaN,-18.1079639279735,-17.8408294750711,-18.2059385820945,-19.056634020993,-19.4138971488459,NaN,NaN,NaN,NaN,NaN,NaN,NaN,NaN,NaN,NaN,NaN,NaN,NaN,NaN,NaN,NaN,NaN,NaN,NaN,NaN,NaN,NaN,NaN,NaN,NaN,NaN,NaN,NaN,NaN,NaN,NaN,NaN,NaN,NaN,NaN,NaN,NaN,NaN,NaN,NaN,NaN,NaN,NaN,NaN,NaN,NaN,NaN,NaN,NaN,NaN,NaN,NaN,NaN,NaN,NaN,NaN,NaN,NaN,NaN,NaN,NaN,NaN,NaN,NaN,NaN
-19.8138274886549,-20.5485338205071,-19.8776581641031,-20.0062555251018,-20.0899527988076,-19.8198943747945,-19.7046245560099,-19.1202994852167,-18.7317083909572,-18.6913138260636,-18.4349669364606,-18.3588449697803,-18.3208714563694,-18.1833392840904,-18.0456772829473,-17.9301485123659,-17.8230975156417,-17.6961548967808,-17.462841268333,-17.3690805450095,-17.344557223389,-17.3155662725948,-17.5248528326633,-17.5577647192255,-17.5433346221904,-17.6664046923924,-17.7210311837607,-17.5880886879549,-17.569191751212,-17.4150287004013,-17.4802990158061,-17.5521806478505,-17.6953085735052,-17.7405593243273,-17.7088532566637,-17.807834722231,-17.817836761942,-17.8036169471362,-17.7515570980102,-17.7947604160377,-17.8162939670648,-17.6781784167031,-17.6608376122401,-17.5147754497827,-17.4151183758008,-17.3450533750944,-17.1475121443088,-17.0076574634757,-16.9002998845595,-16.7340259233571,-16.6143383746411,-16.5233012566498,-16.5672358730196,-16.6594821177503,-16.5696940278674,-16.5902161407565,-16.6118420482636,-16.7609954355433,-16.71771872313,-16.8882445484109,-17.0059590391384,-17.0827912514957,-17.1230877721292,-17.1100893663029,-17.1355844079822,-17.1346640075919,-17.1359042790716,-17.2270784989153,-17.2460913663397,-17.3435281035853,-17.303271377899,-17.3523086941579,-17.2281910300072,-17.1513766895183,-17.081248558216,-16.8381879881736,-16.6555741988789,-16.3393197238709,-16.0586549275095,-15.8714875344729,-15.8143113303823,-15.7371050013777,-15.7748960190405,-15.7838889907508,-15.8005458949286,-15.954686928257,-16.0331678998048,-16.0165735392672,-16.0510439811786,-16.152247099989,-16.0317838065216,-15.9924386577716,-15.7802069999225,-15.79642478499,-15.7447951422484,-15.7268771037338,-15.2330202583781,-15.4699169792287,-15.2339174403825,-15.1300924414074,-15.3987739133882,-15.7771615047823,NaN,-17.7766859942143,-17.9370750401733,-17.6677911967897,-18.1136140696356,-18.8448175614885,NaN,NaN,NaN,NaN,NaN,NaN,NaN,NaN,NaN,NaN,NaN,NaN,NaN,NaN,NaN,NaN,NaN,NaN,NaN,NaN,NaN,NaN,NaN,NaN,NaN,NaN,NaN,NaN,NaN,NaN,NaN,NaN,NaN,NaN,NaN,NaN,NaN,NaN,NaN,NaN,NaN,NaN,NaN,NaN,NaN,NaN,NaN,NaN,NaN,NaN,NaN,NaN,NaN,NaN,NaN,NaN,NaN,NaN,NaN,NaN,NaN,NaN,NaN,NaN,NaN,NaN
-19.8894063118673,-20.5974718449791,-19.8949133206282,-20.0242860899099,-20.0979589293279,-19.8309307546036,-19.7280833854558,-19.2177664694435,-18.7673787962451,-18.6979612717155,-18.427065410207,-18.3458640510283,-18.3394944772738,-18.232745180051,-18.0241757793229,-18.0341347611803,-17.9025898844679,-17.7822092700048,-17.505899283333,-17.3411335217169,-17.3039711182301,-17.3770869150722,-17.5580383790154,-17.534886703036,-17.5779465752066,-17.7693667341836,-17.8260489014448,-17.6622159268062,-17.5967876275247,-17.4845648058773,-17.4831806781293,-17.5242143592761,-17.6264587728076,-17.670160130551,-17.7322004603636,-17.7439273004263,-17.7654678696969,-17.7817281426493,-17.7429196756403,-17.8109051014554,-17.7854609327457,-17.6401397046945,-17.6678149096565,-17.5047301851521,-17.4347503283411,-17.2946010567885,-17.2177431220805,-17.0183234390772,-16.8463558357952,-16.7525234522416,-16.6013045342157,-16.5160138801896,-16.5260906485391,-16.6040400810189,-16.5824240185041,-16.6433046531168,-16.6560271441695,-16.8182904623104,-16.7697805495117,-16.9136271577976,-16.9915111202669,-16.955631932316,-17.0245039636615,-17.035333599489,-17.0875603294173,-17.0835986267044,-17.1556049162683,-17.2678797486613,-17.287313655039,-17.369689190691,-17.3142490873838,-17.3467273147379,-17.1575839868053,-17.1181854711928,-16.9847708857671,-16.8079566311901,-16.5974028600095,-16.2756816378167,-15.9949388749205,-15.8525368970998,-15.8348730732058,-15.6509106529664,-15.656251770487,-15.6759705254453,-15.7766144813276,-15.8517552384448,-15.9235714248279,-15.8747552639323,-15.9241248828367,-16.0165093337961,-15.9081883400966,-15.8403645321956,-15.6155843528497,-15.6095763333396,-15.6510382352188,-15.7169539162309,-15.425750876055,-15.8188747238107,-15.7370378176091,-15.3255967266838,-15.461473218548,-15.6852026287472,NaN,-17.9466609111779,-17.7073962245219,-17.6026156078076,-18.0368905066987,-18.7822912649797,-19.117488057382,-20.4800961190654,NaN,NaN,NaN,NaN,NaN,NaN,NaN,NaN,NaN,NaN,NaN,NaN,NaN,NaN,NaN,NaN,NaN,NaN,NaN,NaN,NaN,NaN,NaN,NaN,NaN,NaN,NaN,NaN,NaN,NaN,NaN,NaN,NaN,NaN,NaN,NaN,NaN,NaN,NaN,NaN,NaN,NaN,NaN,NaN,NaN,NaN,NaN,NaN,NaN,NaN,NaN,NaN,NaN,NaN,NaN,NaN,NaN,NaN,NaN,NaN,NaN,NaN,NaN,NaN
-19.9549314376891,-20.6749101693784,-19.9432424822642,-20.0945819621326,-20.040703992194,-19.8131982451217,-19.7211236996483,-19.3246261514303,-18.8705988521771,-18.8110791908499,-18.4913860898086,-18.3751689764504,-18.3339809050474,-18.2604644727526,-18.0376663729137,-18.0826737327577,-17.9475364066519,-17.7548617675785,-17.4940524359469,-17.3472824658286,-17.3501307470534,-17.4759386827903,-17.5278293332,-17.4860669715651,-17.5954055707483,-17.7720982092821,-17.9043500096434,-17.6963367416218,-17.6838450699569,-17.4625566095965,-17.4766199606761,-17.465366782158,-17.5621815303032,-17.6526178800061,-17.7316077971388,-17.7292251425736,-17.7214288540362,-17.7806632503482,-17.7676601747684,-17.8076226805272,-17.7447666106232,-17.6246253318122,-17.6618904109396,-17.5453488497484,-17.4327387115678,-17.3244454402473,-17.1664898382913,-16.980173303064,-16.7997493463918,-16.7112628229494,-16.5844093271926,-16.5091177925106,-16.465224382859,-16.5427805991982,-16.5502120928047,-16.6355332857732,-16.631474208457,-16.775066690267,-16.8399271795334,-16.9256433478939,-16.9632074797294,-16.9167189400656,-16.9719988686928,-17.0426622490625,-17.0408186007076,-17.0581364916606,-17.152383861442,-17.3058741940906,-17.2854890061938,-17.3141752753227,-17.2482160040376,-17.287194221635,-17.1741828031645,-17.067109980684,-17.028234048811,-16.8849178098837,-16.6962055452648,-16.2996116887972,-16.0395271052919,-15.9237717296127,-15.8539204675213,-15.6032219321942,-15.6031504850133,-15.6134980781873,-15.5844434835781,-15.693512314069,-15.7751174442076,-15.7368422774084,-15.7430163425659,-15.8586402943357,-15.783824516683,-15.7342768626179,-15.6228192357153,-15.487351510506,-15.5352220966119,-15.539278229528,-15.3461840119228,-15.9926575176421,-16.4062289062051,-15.916515938746,-15.816176335858,-16.0096719048535,NaN,-17.145819329127,-17.6530569170993,-17.5198122568557,-17.8464166279272,-18.3441266623524,-18.2043172381079,NaN,NaN,NaN,NaN,NaN,NaN,NaN,NaN,NaN,NaN,NaN,NaN,NaN,NaN,NaN,NaN,NaN,NaN,NaN,NaN,NaN,NaN,NaN,NaN,NaN,NaN,NaN,NaN,NaN,NaN,NaN,NaN,NaN,NaN,NaN,NaN,NaN,NaN,NaN,NaN,NaN,NaN,NaN,NaN,NaN,NaN,NaN,NaN,NaN,NaN,NaN,NaN,NaN,NaN,NaN,NaN,NaN,NaN,NaN,NaN,NaN,NaN,NaN,NaN,NaN
-20.0612748867684,-20.7575792597995,-20.0179193348066,-20.2046467410406,-20.0823895845053,-19.8249243372021,-19.6923205902411,-19.4143298770696,-18.9738934726998,-18.8951573577289,-18.5764351733349,-18.3769373998326,-18.3128666783454,-18.330175167561,-18.0750743448495,-18.1021419925522,-17.9700966835671,-17.7654848976583,-17.4990231846123,-17.36384426155,-17.3916324615092,-17.5575662743061,-17.5524363908043,-17.5170266757393,-17.615439707951,-17.7880398440416,-17.9608594681659,-17.7615587150696,-17.7080158666585,-17.4992271262453,-17.4400838213031,-17.5074169027394,-17.5944312380025,-17.6700247352815,-17.7243676061656,-17.7192938872552,-17.7230292287909,-17.7799502536273,-17.8025372253347,-17.8146265417672,-17.7554329855491,-17.652152461518,-17.6101429943965,-17.5011760222683,-17.4338442955868,-17.3405331940937,-17.1652994697936,-16.995375575593,-16.7831989268354,-16.6875150085588,-16.6018490781048,-16.498676208881,-16.4283296617037,-16.4847028868939,-16.5858337566532,-16.6677073432876,-16.6502315121434,-16.8186608300517,-16.84589227849,-16.8655777101962,-16.8808264381181,-16.8170584472596,-16.9074752790236,-16.9126450218419,-16.9947272755944,-17.0717864180319,-17.1611330853543,-17.3252149848137,-17.3289053853655,-17.3836385346213,-17.3512756368542,-17.3507428417906,-17.2710831707083,-17.148053894928,-17.029600431205,-16.8029063089032,-16.582744763312,-16.2822882667151,-15.9704810772965,-15.8946648302433,-15.887943042432,-15.6822241085743,-15.5467553981183,-15.512334673676,-15.4625202814884,-15.4904260505738,-15.615914761685,-15.6377365777149,-15.625178869043,-15.7046854636193,-15.7154668824854,-15.7282910946795,-15.6670980294067,-15.5674677550643,-15.530407717947,-15.5463629555485,-15.4296525157268,-16.1473015798395,-16.7137646897708,-16.5769838915579,-16.0167682642868,-15.9977399013502,NaN,NaN,-17.4714452800106,-17.5339960927746,-17.9100954581565,-18.333299584616,-18.1444402229581,NaN,NaN,NaN,NaN,NaN,NaN,NaN,NaN,NaN,NaN,NaN,NaN,NaN,NaN,NaN,NaN,NaN,NaN,NaN,NaN,NaN,NaN,NaN,NaN,NaN,NaN,NaN,NaN,NaN,NaN,NaN,NaN,NaN,NaN,NaN,NaN,NaN,NaN,NaN,NaN,NaN,NaN,NaN,NaN,NaN,NaN,NaN,NaN,NaN,NaN,NaN,NaN,NaN,NaN,NaN,NaN,NaN,NaN,NaN,NaN,NaN,NaN,NaN,NaN,NaN
-20.0933943703339,-20.8638658016002,-20.1023988114562,-20.2813147031817,-20.0452980669235,-19.7946711281149,-19.6306311768166,-19.4347482078056,-19.045121677126,-18.9452500513281,-18.634700514277,-18.4002910809514,-18.3267315034281,-18.3366095705025,-18.0807849389058,-18.0614384703339,-17.9377248348463,-17.8021325433651,-17.5779538459355,-17.4431109130344,-17.4462856670525,-17.6409711428017,-17.616039754927,-17.5609094820082,-17.6507583135211,-17.7869979333388,-17.9557451637005,-17.8384090562499,-17.7328411531082,-17.5775880985763,-17.4346306328148,-17.5272367225904,-17.5913381889914,-17.6735049135123,-17.72840839782,-17.7282117983851,-17.6447677968195,-17.7709969202947,-17.7870614192943,-17.790254771546,-17.6749925432411,-17.6249033461644,-17.5745563419955,-17.5082028614738,-17.4760566819447,-17.394381446854,-17.1595304071374,-17.0048529725394,-16.7886923205706,-16.6674200803402,-16.6222143339127,-16.5356463803016,-16.4507357379292,-16.4765769647038,-16.5791799375422,-16.666202462838,-16.6774253412461,-16.8131356901666,-16.8452445729499,-16.8098827712704,-16.817950539576,-16.8111321655699,-16.9040206786162,-16.9423334824945,-16.9884712556603,-17.1168973902326,-17.1367351928099,-17.3187581293765,-17.2735300052881,-17.3292211407164,-17.3012002883431,-17.3094581788097,-17.2320642693412,-17.1262012632022,-16.9647267703995,-16.7854838083139,-16.5896944473415,-16.2812426094981,-16.0105261333631,-15.9246125246769,-15.9180946081683,-15.6740182725435,-15.5135268202193,-15.4227914914879,-15.3839412923389,-15.3470410180393,-15.4533660867689,-15.4632043173526,-15.4134874710385,-15.5309515614915,-15.7298176852156,-15.7929161898578,-15.6668980750375,-15.5559015618813,-15.4829797473539,-15.4075354270401,-15.412173524616,-16.1988584903968,-16.8873486132974,-16.8328496389175,-16.577190922742,-16.4646007490157,-16.527703539957,-16.9900358658638,-17.3816515470916,-17.674982526506,-17.8420311246998,-17.9361854928687,-17.8129652042484,NaN,NaN,NaN,NaN,NaN,NaN,NaN,NaN,NaN,NaN,NaN,NaN,NaN,NaN,NaN,NaN,NaN,NaN,NaN,NaN,NaN,NaN,NaN,NaN,NaN,NaN,NaN,NaN,NaN,NaN,NaN,NaN,NaN,NaN,NaN,NaN,NaN,NaN,NaN,NaN,NaN,NaN,NaN,NaN,NaN,NaN,NaN,NaN,NaN,NaN,NaN,NaN,NaN,NaN,NaN,NaN,NaN,NaN,NaN,NaN,NaN,NaN,NaN,NaN,NaN
-20.090779753605,-20.9044344358929,-20.1619211786753,-20.2795907446924,-19.9998854967328,-19.8305687949232,-19.5956937299077,-19.4246292688953,-19.0868852937764,-19.0040134886862,-18.7147843122513,-18.4049781931315,-18.2977112819064,-18.2873904912549,-18.161525668512,-18.0533106938601,-17.9444728108688,-17.8075755248872,-17.5875341184226,-17.4903584132544,-17.4410758313783,-17.7071287101128,-17.6691926101228,-17.5762135696249,-17.5987402027855,-17.7106347597201,-17.9067638102804,-17.8668979024196,-17.7512041659524,-17.5956305399549,-17.4931898573092,-17.5533109812907,-17.5771848173135,-17.6966737078689,-17.7856391497336,-17.7391920670177,-17.6076927612966,-17.6793285793595,-17.7826408421765,-17.7352712564857,-17.6425140954168,-17.6772911210425,-17.6698364209182,-17.6046894250909,-17.5503502264926,-17.4131976861099,-17.2051538303264,-17.0282675751619,-16.7992889005149,-16.6908316019541,-16.5819465982098,-16.5032777333369,-16.461781878244,-16.5092220874247,-16.5543329021765,-16.6888798371315,-16.6909851432924,-16.7838345777541,-16.8183404488807,-16.7871260136044,-16.8394082929731,-16.7681461413083,-16.8561635600427,-16.8585875111966,-16.9810481038076,-17.0998540623523,-17.1464529138094,-17.3138589776818,-17.2921330324887,-17.2993550617188,-17.3169583804143,-17.3428395036507,-17.2760008580323,-17.0846970046455,-16.8732668952329,-16.6624364542113,-16.4099760036411,-16.1649260832759,-15.9448140375334,-15.867049568899,-15.8364386118158,-15.5706933925679,-15.361253572001,-15.2949809043579,-15.2188576593859,-15.1794113233919,-15.2335587915768,-15.2436454784983,-15.2654868287424,-15.3570748929171,-15.6664123274543,-15.7659205411953,-15.6698991304536,-15.604156504497,-15.4988320103488,-15.3285502072959,-15.3859554286348,-16.0314034449429,-16.4550010827858,-16.8041565590461,-16.5207820538591,-16.6956698709433,-16.8560755855112,-17.1948505706537,-17.489447140034,-17.7345879962705,-17.7898119686857,-17.8186780906743,-17.5857716843221,NaN,NaN,NaN,NaN,NaN,-19.7497509646554,-19.7435755566031,NaN,NaN,NaN,NaN,NaN,NaN,NaN,NaN,NaN,NaN,NaN,NaN,NaN,NaN,NaN,NaN,NaN,NaN,NaN,NaN,NaN,NaN,NaN,NaN,NaN,NaN,NaN,NaN,NaN,NaN,NaN,NaN,NaN,NaN,NaN,NaN,NaN,NaN,NaN,NaN,NaN,NaN,NaN,NaN,NaN,NaN,NaN,NaN,NaN,NaN,NaN,NaN,NaN,NaN,NaN,NaN,NaN,NaN
-20.1032816503949,-20.9526517509594,-20.1769618338835,-20.2123396199329,-19.9747090493458,-19.8090877441157,-19.5259074885746,-19.3916459401748,-19.1251123075959,-19.0424584249589,-18.8119441695072,-18.4851882142195,-18.3170303268785,-18.2847846680054,-18.2375032061204,-18.0740895455236,-17.9720943657443,-17.7979485798319,-17.6335115622645,-17.5191275779529,-17.4867635802463,-17.7122671699994,-17.6768667398538,-17.570205684253,-17.5972299033527,-17.6491966279289,-17.8923162103242,-17.9714288468406,-17.8206331507998,-17.6951664381609,-17.5455663517284,-17.5562719106948,-17.5735939642989,-17.6925444817877,-17.7601619369061,-17.7875418281936,-17.6401111755163,-17.6287876773064,-17.7155825548557,-17.7363147243383,-17.6223890042893,-17.667500630858,-17.6333101985921,-17.6261205372355,-17.5276896267856,-17.3637255015878,-17.2031314462372,-16.9882577923842,-16.7896049864914,-16.673451393059,-16.5627775425231,-16.5056080570482,-16.4866952008022,-16.5129082371926,-16.5537096364035,-16.6887420982476,-16.684160262193,-16.7644752406861,-16.8162149544617,-16.771191613217,-16.8301021367908,-16.8579241756125,-16.8663877511309,-16.9224621460853,-17.0105111401867,-17.097878551457,-17.092335195226,-17.2455058436169,-17.2602894185887,-17.3530772780693,-17.3807876609146,-17.3791453081096,-17.2617507276394,-17.018246278968,-16.8159907627941,-16.5635681104467,-16.3577057368535,-16.1015485167343,-15.8875773799712,-15.8172766778321,-15.7659362366178,-15.4923688887817,-15.2351769244319,-15.1630671140496,-15.0902386613354,-15.0591162564838,-15.0498888399395,-15.1078030464992,-15.2092176005845,-15.3252495484133,-15.6859453400854,-15.8660011028513,-15.7602797904983,-15.6731619220678,-15.6829023645887,-15.6243278141874,-15.7334517911675,-16.2433554239975,-16.4600752754644,-16.7636893925115,-16.616365818337,-16.9784371017016,-17.3966223899546,-17.6507058953761,-17.7240366502912,-17.7050444059237,-17.5884596358576,-17.2863238111751,-17.1779118282596,-17.8940346849731,NaN,NaN,NaN,NaN,-19.7452041064869,NaN,NaN,NaN,NaN,NaN,NaN,NaN,NaN,NaN,NaN,NaN,NaN,NaN,NaN,NaN,NaN,NaN,NaN,NaN,NaN,NaN,NaN,NaN,NaN,NaN,NaN,NaN,NaN,NaN,NaN,NaN,NaN,NaN,NaN,NaN,NaN,NaN,NaN,NaN,NaN,NaN,NaN,NaN,NaN,NaN,NaN,NaN,NaN,NaN,NaN,NaN,NaN,NaN,NaN,NaN,NaN,NaN,NaN,NaN
-20.1593657788837,-20.9933403568143,-20.225434213178,-20.2093484690558,-19.9632138583802,-19.8205654884009,-19.5571864301954,-19.4039753555984,-19.1635642397337,-19.0387227231068,-18.8330085964578,-18.5797857003869,-18.324741334554,-18.2566723218678,-18.3022902198875,-18.1375177701917,-18.0228370929719,-17.8200450992652,-17.710396894194,-17.5264537137454,-17.5176969613711,-17.7114648192224,-17.6087895697915,-17.5490673274482,-17.586410771054,-17.6213191424968,-17.9143405015548,-18.0326984693046,-17.8877039100526,-17.8215781322739,-17.6177788280161,-17.5977141348305,-17.6030467657644,-17.7234322778128,-17.8125697599473,-17.8798842729021,-17.7188133275534,-17.6411206511605,-17.6804659474994,-17.6895479200278,-17.593807131464,-17.6358374079119,-17.616013978282,-17.6326005382592,-17.4774089869964,-17.3850523517883,-17.2235076558602,-17.0073145957841,-16.7918830001497,-16.6466767956928,-16.5866568289185,-16.5481907109357,-16.5607534499608,-16.5258510262008,-16.5587019094587,-16.6772076502918,-16.6922467330532,-16.7419354288618,-16.7926871516944,-16.7305395803045,-16.7683968193589,-16.8300740429652,-16.8780218274626,-16.9697369348249,-17.1125904262842,-17.1365398506556,-17.1951351379494,-17.2754857770373,-17.3466385752398,-17.404308098448,-17.4177533014581,-17.3318693626904,-17.1529203023759,-16.9242709647058,-16.7152952286247,-16.4451503715349,-16.2513932373158,-15.9695739592748,-15.7357581385483,-15.647950986404,-15.4977321301969,-15.2380326635524,-15.0621528945668,-14.9984435253605,-15.0468378559137,-14.9338075316303,-14.9796603581183,-15.0497407672259,-15.2231267587671,-15.3882418499757,-15.769331194098,-15.9758553332038,-15.8455467455417,-15.7113044535826,-15.7405914605883,-15.7013886092983,-15.7884554989834,-16.1481094548824,-16.0479279269217,-16.5007595038132,-16.3212505600127,-16.7316808994819,-17.1579196195055,-17.1456358148707,-17.1221812748382,-17.0313415831541,-17.1194568407469,-17.0658600857506,-17.8683598696897,-18.0241503910817,-18.9856158049163,-19.1061376299265,NaN,-20.1135311955413,-19.948174795273,NaN,NaN,NaN,NaN,NaN,NaN,NaN,NaN,NaN,NaN,NaN,NaN,NaN,NaN,NaN,NaN,NaN,NaN,NaN,NaN,NaN,NaN,NaN,NaN,NaN,NaN,NaN,NaN,NaN,NaN,NaN,NaN,NaN,NaN,NaN,NaN,NaN,NaN,NaN,NaN,NaN,NaN,NaN,NaN,NaN,NaN,NaN,NaN,NaN,NaN,NaN,NaN,NaN,NaN,NaN,NaN,NaN,NaN,NaN
-20.2509920275151,-21.0759573981925,-20.347653741575,-20.1590712108429,-19.9109724740234,-19.7411393601309,-19.5068153426315,-19.4072746262515,-19.2114911959217,-19.1285532781708,-18.8576509961306,-18.640987048516,-18.3647026089133,-18.3231390586877,-18.358202655008,-18.2515762279971,-18.0713512168792,-17.9012125322593,-17.7777888850039,-17.5627881905774,-17.5507489654818,-17.6734442165957,-17.5767106539751,-17.5781819848346,-17.5611592013478,-17.6199257457906,-17.8975729735548,-18.0473474142549,-17.9176197722073,-17.8945474810978,-17.7305822361677,-17.6455389251161,-17.573802566567,-17.7044919616569,-17.8616751521386,-17.9414873625321,-17.7714321559612,-17.5896090748693,-17.639608899499,-17.6794659816438,-17.6341069834679,-17.6061947665246,-17.5373501996301,-17.5844038870088,-17.4502297262537,-17.3737786105721,-17.1638483444161,-16.8911287537051,-16.7152820319513,-16.6443704316656,-16.5361827729583,-16.5458232756744,-16.550771222681,-16.4985145771273,-16.5097939501998,-16.5754640296569,-16.6434446081058,-16.6811702958548,-16.7040879140509,-16.7271682312899,-16.7988210777033,-16.8988801966655,-16.8666781611495,-17.0505682124346,-17.08145183061,-17.1290617982716,-17.1419642226937,-17.2239383890907,-17.353223268074,-17.4125789784848,-17.3622234719161,-17.2731179234954,-17.0957556472032,-16.9142147495376,-16.7578764154314,-16.4539762766821,-16.2223351569689,-15.8870811822075,-15.5804336189508,-15.4366435218663,-15.2943529567066,-15.141866775993,-14.9749508750201,-14.8823105988581,-14.9804920255744,-14.9173886132482,-14.9194831737454,-15.0850237722525,-15.3126309326043,-15.5373996918249,-15.9496705359736,-16.0720154322338,-15.8972301550409,-15.8234326585912,-15.9819189752984,-16.0759385031877,-16.1430234730954,-16.3504966849272,-16.323592818177,-16.4161202823916,-16.4504496921608,-16.6612940511222,-16.7435697743114,-16.9728176922149,-17.2754309797958,-17.4591987840612,-18.0421127386217,-17.2029942552421,-18.2344051007792,-18.7551796406178,-19.9016533164685,-19.9762306985239,-20.3685393526295,-20.2085458229145,NaN,NaN,NaN,NaN,NaN,NaN,NaN,NaN,NaN,NaN,NaN,NaN,NaN,NaN,NaN,NaN,NaN,NaN,NaN,NaN,NaN,NaN,NaN,NaN,NaN,NaN,NaN,NaN,NaN,NaN,NaN,NaN,NaN,NaN,NaN,NaN,NaN,NaN,NaN,NaN,NaN,NaN,NaN,NaN,NaN,NaN,NaN,NaN,NaN,NaN,NaN,NaN,NaN,NaN,NaN,NaN,NaN,NaN,NaN,NaN
-20.2404644691208,-21.0962518431557,-20.4188226722163,-20.1664447487385,-19.9045484254584,-19.7245348262737,-19.5052816259583,-19.3975602730512,-19.225769224403,-19.1509282550126,-18.8580728888878,-18.6625978735864,-18.3432674766188,-18.3550828911843,-18.3651488744577,-18.290414619654,-18.0911178405126,-17.9211714718738,-17.793722173761,-17.646578335259,-17.5634198646719,-17.6778804312596,-17.6399954205228,-17.5872795083469,-17.523127460275,-17.6286492609402,-17.8895691562191,-18.0568305491313,-17.9650793354041,-17.9189771978262,-17.7887542508118,-17.7234813835562,-17.5969050191063,-17.7192974045302,-17.8431617145551,-17.9403185335038,-17.7743319979379,-17.6290206165753,-17.6719547542383,-17.6681259729002,-17.6270013614805,-17.598840227883,-17.4987935060796,-17.5353264467054,-17.4297077720489,-17.4051590168378,-17.1800042324592,-16.9122847134261,-16.7824709539747,-16.6822049643644,-16.5684179550411,-16.5191571759402,-16.5043451741992,-16.4524552282043,-16.4637797954235,-16.5339348305874,-16.5651703859177,-16.6655967221517,-16.7300529513748,-16.8250615431088,-16.8411265779616,-16.8817185749044,-16.923917732879,-17.0714823327878,-17.1504078564867,-17.1690060634655,-17.253396264481,-17.3542550378562,-17.4267428586137,-17.4245542923435,-17.3030546944401,-17.1482504611394,-17.0288679242891,-16.8699948609791,-16.6613268987164,-16.4391976701152,-16.1669282832644,-15.7278773948854,-15.3634928003955,-15.0926180402354,-15.0394511329806,-14.9385252060525,-14.7983846124402,-14.7309459786981,-14.8882067137024,-14.9091441336973,-14.9180413601805,-15.1564016620651,-15.4030861039432,-15.6404732830158,-16.0407913664084,-16.1647426884884,-15.997181660343,-16.0177452113704,-16.3062937766561,-16.2356382089832,-16.2757182444086,-16.3430145655731,-16.3729383795281,-16.4211006177222,-16.3210407091902,-16.2956445365907,-16.2096703722618,NaN,NaN,NaN,-19.1021735013989,-18.702440075278,-19.4283079435792,-19.8805694332185,-20.394031121169,-20.0539545246803,-20.4661160709842,NaN,NaN,NaN,NaN,NaN,NaN,NaN,NaN,NaN,NaN,NaN,NaN,NaN,NaN,NaN,NaN,NaN,NaN,NaN,NaN,NaN,NaN,NaN,NaN,NaN,NaN,NaN,NaN,NaN,NaN,NaN,NaN,NaN,NaN,NaN,NaN,NaN,NaN,NaN,NaN,NaN,NaN,NaN,NaN,NaN,NaN,NaN,NaN,NaN,NaN,NaN,NaN,NaN,NaN,NaN,NaN,NaN,NaN,NaN,NaN,NaN
-20.303607739698,-21.182800820868,-20.5054504095571,-20.2769014791101,-19.9455647969698,-19.6987330900727,-19.5650963411534,-19.4461798011091,-19.3007716120646,-19.1705236309514,-18.8108790486253,-18.6959618522409,-18.3539029740875,-18.3866318186014,-18.3331019016057,-18.2944745614124,-18.1188838909552,-17.985186390913,-17.8206148818306,-17.6981056599015,-17.5461083353836,-17.595871925928,-17.6468126494237,-17.5815122565858,-17.5297422765572,-17.7332979190974,-17.9048803745465,-18.0632763130853,-18.0411132129347,-17.940330879083,-17.8774672903402,-17.7900368110454,-17.6655000430172,-17.7381512292195,-17.8279706088078,-17.9309512595744,-17.8197816406694,-17.638624859092,-17.6639288491361,-17.6083478053502,-17.5843588473743,-17.5941966833947,-17.5493148869308,-17.4708912146472,-17.3523557615509,-17.3328962868962,-17.0781647132056,-16.8488264225925,-16.6997191079195,-16.6147423863276,-16.4834411307756,-16.4448451798384,-16.3853413108836,-16.3361735642471,-16.3730653573666,-16.396059767338,-16.4398097285522,-16.5311815044336,-16.6453660382995,-16.7774099380718,-16.8341186103673,-16.9112675969625,-16.8576690807354,-17.1011615156145,-17.0784714475906,-17.1656876164185,-17.1955028433741,-17.2723203451642,-17.280934741488,-17.371153145512,-17.2341041495133,-17.1341063652573,-17.0429243807149,-16.8793194522589,-16.7154412916341,-16.4377582602125,-16.1272930579064,-15.6439666446227,-15.2459811624772,-14.8967519954422,-14.8143694567678,-14.7807408974001,-14.7170594956369,-14.6658757510569,-14.8276674141944,-14.9747279508466,-15.057265324384,-15.2563823573714,-15.4930833570905,-15.7083564250131,-16.1539809669181,-16.2872378805848,-16.121385993053,-16.0778749842597,-16.4199837814822,-16.5482490045508,-16.4750688792888,-16.4166293160893,-16.5416297951764,-16.1486120584926,-15.9995593967357,NaN,NaN,NaN,NaN,NaN,-18.9143204077438,-18.3617370519639,NaN,NaN,-20.3751704498977,-20.2392116854152,NaN,NaN,NaN,NaN,NaN,NaN,NaN,NaN,NaN,NaN,NaN,NaN,NaN,NaN,NaN,NaN,NaN,NaN,NaN,NaN,NaN,NaN,NaN,NaN,NaN,NaN,NaN,NaN,NaN,NaN,NaN,NaN,NaN,NaN,NaN,NaN,NaN,NaN,NaN,NaN,NaN,NaN,NaN,NaN,NaN,NaN,NaN,NaN,NaN,NaN,NaN,NaN,NaN,NaN,NaN,NaN,NaN,NaN,NaN,NaN,NaN,NaN
-20.4119129561476,-21.2883142921117,-20.5657746596747,-20.3844466214748,-20.0446151500878,-19.7478343946497,-19.633650657988,-19.5313917728837,-19.3599544988551,-19.1616789586427,-18.7827874935061,-18.6340294064372,-18.3519522335605,-18.3865690585989,-18.3317700106894,-18.3079923937357,-18.1805958890598,-17.9881774083755,-17.8302926081819,-17.7178519231454,-17.5407153197358,-17.6094416540681,-17.565201601705,-17.5174333539986,-17.483686702687,-17.7358267437614,-17.941564972329,-18.0446085518817,-18.0781169512626,-17.9554629483687,-17.9319751058882,-17.8443545843447,-17.7176474789687,-17.7544069473325,-17.8200966033441,-17.9222010504723,-17.8429329692719,-17.6932766259966,-17.6874679954543,-17.5994394755082,-17.5819830955111,-17.6550431667267,-17.535937776967,-17.4098294183948,-17.318119958387,-17.2662349885836,-16.9990417363246,-16.7871248154748,-16.6564381535592,-16.5493570198042,-16.4067684051928,-16.3739758116246,-16.3429055136452,-16.3077685712063,-16.3380330093914,-16.3626211421849,-16.3826211657793,-16.4791048353817,-16.6239586199907,-16.7702771928813,-16.7627460905467,-16.8738983401531,-16.8569078655306,-17.0091348985128,-17.0581908413546,-17.2264274652262,-17.3150721927497,-17.3639661363571,-17.3604939770065,-17.355290145017,-17.2126067271956,-17.1190025064724,-17.0571139232451,-16.8796072388503,-16.6481116977133,-16.3811478630471,-16.0280154199018,-15.5206028268738,-15.1214142467744,-14.7873275168068,-14.6181047854448,-14.5862039854787,-14.539044899023,-14.5741846882821,-14.7961534898362,-14.9797562018094,-15.0882937257106,-15.2760404015597,-15.527732065649,-15.8166939381861,-16.3045807212554,-16.4877327059842,-16.4043829438697,-16.2097332498919,-16.4724206489529,-16.6320062592797,-16.6151413912727,-16.588811912973,-16.6523909009054,-16.3861391168195,-15.9074518843199,NaN,NaN,NaN,NaN,NaN,NaN,NaN,NaN,NaN,NaN,NaN,NaN,NaN,NaN,NaN,NaN,NaN,NaN,NaN,NaN,NaN,NaN,NaN,NaN,NaN,NaN,NaN,NaN,NaN,NaN,NaN,NaN,NaN,NaN,NaN,NaN,NaN,NaN,NaN,NaN,NaN,NaN,NaN,NaN,NaN,NaN,NaN,NaN,NaN,NaN,NaN,NaN,NaN,NaN,NaN,NaN,NaN,NaN,NaN,NaN,NaN,NaN,NaN,NaN,NaN,NaN,NaN,NaN,NaN,NaN,NaN,NaN,NaN
-20.456217309013,-21.3774058786352,-20.6427525601008,-20.4345287206777,-20.1051814922067,-19.73169608937,-19.6395109067726,-19.4768084505722,-19.4065564521257,-19.149082683737,-18.7552562985895,-18.6028445148692,-18.2836848491786,-18.3377121074255,-18.2969856327269,-18.2930696304175,-18.2020296098157,-17.9987938580365,-17.868661535822,-17.6658890944504,-17.4514097880947,-17.6123815007322,-17.5961391145352,-17.5329060359329,-17.5303238746615,-17.7857166465383,-17.9412309543324,-18.0345300621631,-18.0656077626921,-18.01447657685,-17.9559874092171,-17.8741906580279,-17.7522449097654,-17.8006532586554,-17.8263083038956,-17.9224202034559,-17.9194928713977,-17.6747922629811,-17.6469838092769,-17.5658248151861,-17.5477155104784,-17.5879639356924,-17.5899298329913,-17.3855740855082,-17.2476913274822,-17.1823940897112,-16.9323166588638,-16.7405702951932,-16.6251697750011,-16.4950869854451,-16.3222383171089,-16.322605013218,-16.2720212667892,-16.2391785746204,-16.2626222918919,-16.2867554016468,-16.3037888989198,-16.396594598495,-16.5528341531248,-16.6514839243336,-16.6377212213014,-16.8236119342944,-16.7832340620832,-16.978628974808,-16.9828448538137,-17.1807254895142,-17.2684541363564,-17.361143767843,-17.3265906638844,-17.3154492006069,-17.2353392965163,-17.2082549027606,-17.1324118467051,-16.9908564064608,-16.7384175940604,-16.368227440924,-15.9717992883506,-15.4994641573031,-15.1462190031291,-14.8891328937253,-14.6689898483199,-14.562891082167,-14.5761841113509,-14.6518815073907,-14.8011812228288,-15.0340183548852,-15.2006097788833,-15.4199980064363,-15.6620967471332,-16.0269650619834,-16.5447008901805,-16.5951095354928,-16.532710686213,-16.2558577336136,-16.5306063534734,-16.6749791402681,-16.569322544359,-16.7916243903591,-16.8159366712623,-16.8523681710324,-16.5990512472028,NaN,NaN,NaN,NaN,NaN,NaN,NaN,NaN,NaN,NaN,NaN,NaN,NaN,NaN,NaN,NaN,NaN,NaN,NaN,NaN,NaN,NaN,NaN,NaN,NaN,NaN,NaN,NaN,NaN,NaN,NaN,NaN,NaN,NaN,NaN,NaN,NaN,NaN,NaN,NaN,NaN,NaN,NaN,NaN,NaN,NaN,NaN,NaN,NaN,NaN,NaN,NaN,NaN,NaN,NaN,NaN,NaN,NaN,NaN,NaN,NaN,NaN,NaN,NaN,NaN,NaN,NaN,NaN,NaN,NaN,NaN,NaN,NaN
-20.4222911586146,-21.4718387408219,-20.7350914427779,-20.5141102272046,-20.1848941005589,-19.7690896337556,-19.6461594048058,-19.4721160218705,-19.3868079829794,-19.1465361617708,-18.7701365901291,-18.5866863261966,-18.3076846348049,-18.3419134341489,-18.291850864108,-18.2648895280122,-18.1758427067209,-18.022786935828,-17.9101467391646,-17.7107274303971,-17.5072898361107,-17.6531859026729,-17.599335813002,-17.5855694473443,-17.5934688209605,-17.8435304486772,-17.9036011526902,-17.9981852022359,-18.0894262087349,-18.0618345561837,-18.007673388984,-17.8969046478399,-17.7325795425057,-17.7867125515988,-17.8264336912546,-17.9282109422658,-17.9723629938331,-17.7569389261076,-17.6300152553601,-17.6158753680497,-17.5572092482302,-17.5944405699279,-17.6129304154264,-17.3836242282612,-17.2115939227484,-17.1041184615469,-16.9586742632619,-16.7162496541174,-16.6032520894502,-16.4124097555722,-16.2615122825678,-16.2785351279307,-16.2397141394126,-16.1967328253746,-16.2700140734297,-16.2310476657889,-16.2965243896205,-16.372117682307,-16.4757742430802,-16.5960240606183,-16.6162825866318,-16.7920206324542,-16.8158196394248,-16.9704072467941,-17.0346601103735,-17.2775114635953,-17.3677727296192,-17.4106270773624,-17.4701009829757,-17.4046117307218,-17.3789440821397,-17.3894175145657,-17.3420290383089,-17.1044499449932,-16.7876521726525,-16.3528778058913,-15.9536151114934,-15.4774686551115,-15.1276106611261,-14.9458305773409,-14.7207234133301,-14.5410832597431,-14.5599090068216,-14.6526014418088,-14.8526285786272,-15.059502224176,-15.3585794621043,-15.5661719772647,-15.867498839921,-16.2128818759565,-16.6924128260898,-16.6162606874682,-16.5912611747344,-16.3919682752173,-16.4117940595225,-16.6320849188785,-16.3772409949838,-16.5800756229055,-16.6513237209267,-16.7913819685365,-16.7956655275007,NaN,NaN,NaN,NaN,NaN,NaN,NaN,NaN,NaN,NaN,NaN,NaN,NaN,NaN,NaN,NaN,NaN,NaN,NaN,NaN,NaN,NaN,NaN,NaN,NaN,NaN,NaN,NaN,NaN,NaN,NaN,NaN,NaN,NaN,NaN,NaN,NaN,NaN,NaN,NaN,NaN,NaN,NaN,NaN,NaN,NaN,NaN,NaN,NaN,NaN,NaN,NaN,NaN,NaN,NaN,NaN,NaN,NaN,NaN,NaN,NaN,NaN,NaN,NaN,NaN,NaN,NaN,NaN,NaN,NaN,NaN,NaN,NaN
-20.4313785170286,-21.543880351834,-20.8630516582929,-20.5989615105635,-20.2569039615252,-19.8319513281782,-19.6778270988306,-19.4671868187133,-19.3923606147565,-19.1293185306092,-18.7486848909192,-18.5103427033079,-18.2779714875921,-18.2736246690255,-18.3040166002931,-18.250408965131,-18.1661655441272,-18.0428024024905,-17.9195891665404,-17.768921902612,-17.5840592240789,-17.6608753656928,-17.6251662074781,-17.5804351622249,-17.6126166335363,-17.8105518059728,-17.8730379026275,-17.959547259693,-18.1405102469569,-18.1093406105799,-18.1125551952055,-17.9001875106586,-17.7446911859411,-17.7573743594457,-17.8764774282522,-17.9789639353526,-17.9990588788885,-17.7891932043545,-17.6835689207573,-17.6062939462489,-17.5939164287616,-17.5764008499212,-17.5686117581876,-17.4277227381675,-17.1746851031654,-17.0450737654364,-16.9132220062457,-16.6896078711226,-16.5325532130466,-16.3413460373896,-16.2410706442147,-16.2440051195352,-16.2674370880777,-16.2037202456514,-16.2224712983493,-16.1458620033992,-16.2102095015455,-16.2211278727436,-16.3154553467267,-16.4492977724212,-16.5842952757806,-16.7652264144517,-16.7555037778082,-16.9298487617274,-16.9590731331808,-17.2031306617181,-17.2799817445884,-17.3910477030224,-17.4293700423322,-17.4379026795449,-17.4377860977185,-17.4716792896718,-17.4235717371574,-17.222637012329,-16.8799075986812,-16.4377568240927,-15.9770041417667,-15.4955414947983,-15.1772091243688,-15.0323378527077,-14.8084210715582,-14.5665940504188,-14.6226350910692,-14.7442181814633,-15.0428369439006,-15.2680927747094,-15.5846682366505,-15.8410610055544,-16.2039228095659,-16.6059191278601,-16.9268994552302,-16.6196042095075,-16.563148355323,-16.4677826305508,-16.4321484420026,-16.458599109445,-16.3195004838455,-16.4651030924491,-16.7045544100236,-16.5890721391221,-16.4138626547203,NaN,NaN,NaN,NaN,NaN,NaN,NaN,NaN,NaN,NaN,NaN,NaN,NaN,NaN,NaN,NaN,NaN,NaN,NaN,NaN,NaN,NaN,NaN,NaN,NaN,NaN,NaN,NaN,NaN,NaN,NaN,NaN,NaN,NaN,NaN,NaN,NaN,NaN,NaN,NaN,NaN,NaN,NaN,NaN,NaN,NaN,NaN,NaN,NaN,NaN,NaN,NaN,NaN,NaN,NaN,NaN,NaN,NaN,NaN,NaN,NaN,NaN,NaN,NaN,NaN,NaN,NaN,NaN,NaN,NaN,NaN,NaN,NaN
-20.4956803965096,-21.5843413217277,-20.9070947054159,-20.7273893217506,-20.33433868421,-19.9481161909083,-19.718460033381,-19.4473212670373,-19.382390145875,-19.0947405037842,-18.6998100695474,-18.4490909113886,-18.2717008178838,-18.1807580604018,-18.2793282307071,-18.2117444505531,-18.1648651125163,-17.9988587423313,-17.8770534868599,-17.7870872105896,-17.5871610213695,-17.6279155267424,-17.60987243243,-17.5968123105059,-17.5817708032844,-17.8099787682346,-17.8700233544401,-17.9754004765811,-18.1489683673576,-18.1466835273309,-18.1335454671313,-17.9074870316765,-17.7353591938721,-17.7396777000095,-17.8610087551383,-17.9560322587814,-17.9571059167053,-17.8419945458294,-17.7092244626886,-17.6627886396092,-17.6159078788932,-17.5871148171016,-17.5337378761836,-17.4393036326077,-17.2087932630419,-17.0821080955244,-16.9728056697816,-16.7418886964978,-16.544605548421,-16.3275783148803,-16.1879830900857,-16.2112259304695,-16.2333186102963,-16.2132454501494,-16.2355893023361,-16.1415393651525,-16.142878445282,-16.1960015613001,-16.3272808904177,-16.4579031372118,-16.6084719370319,-16.7380209225792,-16.79311074841,-16.9060554611261,-17.046290047809,-17.2178281499158,-17.3241420927098,-17.4584638660957,-17.5459137841932,-17.5640331265069,-17.5835243350079,-17.5741745625515,-17.4888749601985,-17.1982763051202,-16.8474488509558,-16.3487983843832,-15.972569282187,-15.5402036521096,-15.2380554562714,-15.0420465921371,-14.886493041541,-14.6620027507834,-14.7408006933587,-14.8895849544585,-15.2177537087036,-15.4791870362606,-15.7489191651136,-16.0196257948361,-16.38389615247,-16.7339200672142,-17.0481390113063,-16.7979650113379,-16.8090011155537,-16.5687038194831,-16.5062685232239,-16.193367655392,-16.0265170919214,-16.226021381005,-16.5040844701664,-16.8472830622167,NaN,NaN,NaN,NaN,NaN,NaN,NaN,NaN,NaN,NaN,NaN,NaN,NaN,NaN,NaN,NaN,NaN,NaN,NaN,NaN,NaN,NaN,NaN,NaN,NaN,NaN,NaN,NaN,NaN,NaN,NaN,NaN,NaN,NaN,NaN,NaN,NaN,NaN,NaN,NaN,NaN,NaN,NaN,NaN,NaN,NaN,NaN,NaN,NaN,NaN,NaN,NaN,NaN,NaN,NaN,NaN,NaN,NaN,NaN,NaN,NaN,NaN,NaN,NaN,NaN,NaN,NaN,NaN,NaN,NaN,NaN,NaN,NaN,NaN
-20.5221113683281,-21.658332827814,-20.9633515999735,-20.7834094439715,-20.3833615020424,-20.0349943815917,-19.7913364562406,-19.4208055990165,-19.3495982272381,-19.0747934831982,-18.6793332037046,-18.3856078058151,-18.1873793325483,-18.0668061251532,-18.3303862799292,-18.1922389658299,-18.1271451725335,-17.909291297869,-17.8301580499549,-17.8313431911743,-17.6544643325534,-17.6478466456374,-17.5407597805461,-17.6096785501751,-17.5840906594879,-17.801486456687,-17.9136950246549,-17.9722874234794,-18.1507175795423,-18.1551171687622,-18.1449774566243,-17.9076720549524,-17.7182972463364,-17.6821942081068,-17.854812315712,-17.9590628721958,-17.9350478512479,-17.8942613848895,-17.7668922212488,-17.7078588123131,-17.6595082495669,-17.583952409672,-17.5289758674674,-17.4396217676534,-17.2267295014389,-17.1289475334112,-16.9702484588979,-16.7472477456843,-16.5537671852651,-16.3561374649508,-16.2261567287801,-16.2294877756288,-16.2408625117267,-16.2153738192923,-16.2456928422675,-16.1664081223125,-16.1018515227786,-16.1127986092372,-16.3132399580578,-16.5133114325749,-16.5716103766894,-16.7397485531897,-16.7604007885464,-16.8727520039208,-16.9456951175428,-17.127935259128,-17.3534555407916,-17.4830419263626,-17.4752980191314,-17.5533827667189,-17.6645474473438,-17.7056281604471,-17.4720510717806,-17.2020914124218,-16.7791328181171,-16.3256089489471,-15.9395814166182,-15.5549061804314,-15.313306887714,-15.0707336956534,-14.9845630138045,-14.9055551195558,-14.9283523881229,-15.1279064745703,-15.4544341052318,-15.6887159970984,-15.9448098753041,-16.2353551957377,-16.5250506324225,-16.8396859839663,-17.199257533617,-17.0239613974013,-17.0208925634188,-16.7693683777136,-16.6443475678289,-16.2033321487862,-15.9799216945436,-16.1282503904518,-16.4059197317944,-16.8313005329795,NaN,NaN,NaN,NaN,NaN,NaN,NaN,NaN,NaN,NaN,NaN,NaN,NaN,NaN,NaN,NaN,NaN,NaN,NaN,NaN,NaN,NaN,NaN,NaN,NaN,NaN,NaN,NaN,NaN,NaN,NaN,NaN,NaN,NaN,NaN,NaN,NaN,NaN,NaN,NaN,NaN,NaN,NaN,NaN,NaN,NaN,NaN,NaN,NaN,NaN,NaN,NaN,NaN,NaN,NaN,NaN,NaN,NaN,NaN,NaN,NaN,NaN,NaN,NaN,NaN,NaN,NaN,NaN,NaN,NaN,NaN,NaN,NaN,NaN
-20.5302826246868,-21.7500380188728,-21.1034561842283,-20.8563951090151,-20.4590251014237,-20.1160017737879,-19.8222988562014,-19.3878110410499,-19.3216606711056,-19.0805681743494,-18.6410458027982,-18.3927720668821,-18.1473458829232,-18.0252640248906,-18.3018740022434,-18.1689287035583,-18.0941759055605,-17.8726491138099,-17.7968661163625,-17.8957925534501,-17.6818441164663,-17.6342652490016,-17.4652852022269,-17.5967803905562,-17.6382534329095,-17.7889379009702,-17.9097744184654,-17.9418010883718,-18.1006346937375,-18.0907338795459,-18.0716957516648,-17.9308448882805,-17.6905115780947,-17.6346382107189,-17.7895475597509,-17.8992100582746,-17.8807077675137,-17.9210078535426,-17.7976288197975,-17.7310611604956,-17.6685544817757,-17.5899587795489,-17.5834141464427,-17.4800869970151,-17.3041482707958,-17.218569314185,-17.0277409598777,-16.7524685970216,-16.570204294463,-16.4423750387695,-16.2990740568611,-16.2627539613039,-16.2777200262541,-16.2832361613794,-16.2894766341846,-16.2071173888439,-16.1845180324597,-16.2737308040539,-16.4142044546442,-16.5751384694485,-16.6451408167987,-16.7411929374314,-16.8470470106709,-16.9765808781939,-17.0380598509468,-17.2387864066971,-17.4812479663583,-17.5733547756412,-17.5816872089835,-17.6115006791807,-17.6722948320582,-17.7066208203827,-17.4722289566499,-17.1524490841954,-16.7459306092761,-16.3062482365955,-15.9022084045933,-15.5470567746152,-15.3656562695265,-15.168152930285,-15.0116424416606,-15.0832596000564,-15.1875823868891,-15.4217227193387,-15.6886240023072,-15.9115682859303,-16.1738432046191,-16.4009828950933,-16.6510715450705,-16.9122723723883,-17.2884250507364,-17.2116644550425,-17.14202064555,-17.0720191454695,-16.8490611525431,-16.3111920733442,-16.0918825285224,-16.0261391643604,-16.222824941883,-16.3752103511745,NaN,NaN,NaN,NaN,NaN,NaN,NaN,NaN,NaN,NaN,NaN,NaN,NaN,NaN,NaN,NaN,NaN,NaN,NaN,NaN,NaN,NaN,NaN,NaN,NaN,NaN,NaN,NaN,NaN,NaN,NaN,NaN,NaN,NaN,NaN,NaN,NaN,NaN,NaN,NaN,NaN,NaN,NaN,NaN,NaN,NaN,NaN,NaN,NaN,NaN,NaN,NaN,NaN,NaN,NaN,NaN,NaN,NaN,NaN,NaN,NaN,NaN,NaN,NaN,NaN,NaN,NaN,NaN,NaN,NaN,NaN,NaN,NaN,NaN
-20.5348521554716,-21.76236066095,-21.2470203449146,-20.9926901334537,-20.5204444684178,-20.1402920081696,-19.8109779411186,-19.3023079450668,-19.2878016225279,-19.1047874997586,-18.6367829638081,-18.4129950142986,-18.1161149969025,-17.9854140096196,-18.3135186520329,-18.1744076132797,-18.1279365842645,-17.9170819145702,-17.8472923120385,-18.0001132008139,-17.7269754899714,-17.5825876552129,-17.4462658877788,-17.5828072319754,-17.6731406898567,-17.8025295356642,-17.9018635850947,-17.9712744467454,-18.0676178517309,-18.0202011207489,-17.9968253205844,-17.8829942504231,-17.6791232994788,-17.6221383587399,-17.7179767320504,-17.838423454041,-17.8243839578295,-17.8963194737778,-17.8067090104154,-17.7301918821681,-17.7047174582493,-17.6332444822542,-17.6112931185322,-17.5442946372036,-17.3928850327516,-17.2481514633931,-17.0398197005328,-16.8278490758404,-16.6731481062365,-16.5082902684435,-16.4071015096123,-16.3487128496366,-16.3642967534155,-16.3374742382223,-16.2695600762313,-16.2381127573394,-16.1581800252991,-16.1946058620514,-16.3334407141867,-16.4871724677369,-16.5599332425531,-16.6677253225391,-16.6985636579537,-16.8496079281822,-16.9572633275186,-17.1950613888303,-17.4200522537856,-17.5115228982108,-17.5459153758211,-17.606983835765,-17.6356961611623,-17.6570581028435,-17.4164949299275,-17.1147442197677,-16.7129901734464,-16.3121762103186,-15.9171309447445,-15.5351551269914,-15.4447652523318,-15.2722996392665,-15.1598091666253,-15.2344230408228,-15.4692583582971,-15.6998618410748,-15.9197346161582,-16.0895095688011,-16.393863318296,-16.6806011931096,-16.762891908485,-17.0533667100038,-17.4572588455497,-17.3835663681626,-17.3827402425405,-17.3218061926733,-17.0841367932088,-16.3104210872974,-16.0138136844297,-16.1265986579183,-16.1554688604196,-16.3129251136443,NaN,NaN,NaN,NaN,NaN,NaN,NaN,NaN,NaN,NaN,NaN,NaN,NaN,NaN,NaN,NaN,NaN,NaN,NaN,NaN,NaN,NaN,NaN,NaN,NaN,NaN,NaN,NaN,NaN,NaN,NaN,NaN,NaN,NaN,NaN,NaN,NaN,NaN,NaN,NaN,NaN,NaN,NaN,NaN,NaN,NaN,NaN,NaN,NaN,NaN,NaN,NaN,NaN,NaN,NaN,NaN,NaN,NaN,NaN,NaN,NaN,NaN,NaN,NaN,NaN,NaN,NaN,NaN,NaN,NaN,NaN,NaN,NaN,NaN
-20.5637646505864,-21.83709330361,-21.3205379788688,-21.042023252698,-20.5884566540141,-20.1719632707832,-19.8235309889512,-19.3607334870113,-19.2993225594224,-19.0481578525079,-18.574922771363,-18.3800659055204,-18.0762572906152,-17.9721776870516,-18.2869541983044,-18.1708940518414,-18.154192581491,-17.9727491605475,-17.9309487808287,-18.030177683383,-17.7135230100608,-17.529745567972,-17.446330895745,-17.5268919167894,-17.6682696630905,-17.8092749698981,-17.8610702767338,-17.9522199377319,-17.966792121814,-17.9991153755528,-17.969150679334,-17.8666163947867,-17.6840080798197,-17.5620316413888,-17.6372413792993,-17.781314842851,-17.7826062586826,-17.8956436067469,-17.7829805610863,-17.7250115685443,-17.6731443211961,-17.6529840066829,-17.624933365703,-17.5567128660355,-17.412628573776,-17.2582503715701,-17.1256043884933,-16.8878561363629,-16.7692047782402,-16.6087363597372,-16.4817898979334,-16.3996320004653,-16.4027464386512,-16.3562042047062,-16.3660633092034,-16.2648561493885,-16.2701615729341,-16.4024862767415,-16.4809557182554,-16.6268689598057,-16.6498196218463,-16.7327889855443,-16.7819088874492,-16.9884772183225,-17.110938577496,-17.3195424020444,-17.5245548459235,-17.5039084307957,-17.5830414314516,-17.6181266464383,-17.6574011799819,-17.6223177596984,-17.3903937670657,-17.0709109875031,-16.6747191857625,-16.3417418648476,-15.9525610276634,-15.6194913215043,-15.4700027323477,-15.3095787935237,-15.2040902553595,-15.3392011256464,-15.7140616974511,-15.8650159398507,-16.012643814356,-16.2056834322362,-16.5055945259306,-16.7518094061994,-16.8228640125258,-17.1096244860712,-17.4274140360785,-17.3755182350218,-17.3365219125208,-17.3535923338626,-17.1462607359274,-16.4560230014168,-16.2492246131347,-16.1804859830254,-16.5524432049268,NaN,NaN,-20.6022117333663,-19.9465284452538,-20.449859571499,NaN,NaN,NaN,NaN,NaN,NaN,NaN,NaN,NaN,NaN,NaN,NaN,NaN,NaN,NaN,NaN,NaN,NaN,NaN,NaN,NaN,NaN,NaN,NaN,NaN,NaN,NaN,NaN,NaN,NaN,NaN,NaN,NaN,NaN,NaN,NaN,NaN,NaN,NaN,NaN,NaN,NaN,NaN,NaN,NaN,NaN,NaN,NaN,NaN,NaN,NaN,NaN,NaN,NaN,NaN,NaN,NaN,NaN,NaN,NaN,NaN,NaN,NaN,NaN,NaN,NaN,NaN,NaN,NaN,NaN
-20.6278022099,-21.9528328351646,-21.4122657334329,-21.1547656187154,-20.7224475186474,-20.1832606265703,-19.8819425076679,-19.4511993727335,-19.3099291157502,-18.9923060177626,-18.5879908950172,-18.3491651168276,-18.0375430426479,-17.9545986726615,-18.1907174387884,-18.1119012860148,-18.1396933010038,-18.0283700014057,-17.9963028110781,-18.0158823119452,-17.6811543563142,-17.534527522842,-17.4018080965149,-17.5075776645762,-17.6740080498739,-17.8575356830762,-17.9134853205587,-17.9565540362084,-17.9503500141781,-17.9375264181696,-17.9189130866507,-17.826275954448,-17.6368027771264,-17.5134260686169,-17.5694367055652,-17.7463644218503,-17.7943043960656,-17.8977272648989,-17.8101358330388,-17.7678728432126,-17.6773549431983,-17.6820879847552,-17.604416916926,-17.5281268280351,-17.3519603549116,-17.2687750357945,-17.1286333050863,-16.9430460903612,-16.8241704765339,-16.6467497660038,-16.5498812854985,-16.4734665052968,-16.5283504979632,-16.4971421027345,-16.3761621157122,-16.2645626627476,-16.2652077458069,-16.351953819348,-16.4820950984321,-16.6048356750055,-16.7019680042769,-16.7495146764514,-16.7756435322926,-16.9036372473076,-17.1098728706569,-17.3243423796023,-17.5074697340247,-17.5120171645395,-17.5814286082321,-17.6595669219539,-17.6734291462393,-17.6129581303206,-17.3638497475569,-17.0676376731056,-16.6382402648611,-16.2750815434892,-15.9671069469262,-15.6871474051429,-15.5704841497422,-15.4253458117613,-15.3629463386501,-15.4413058898404,-15.8590428787093,-15.9511524220945,-16.0727795454102,-16.2289009084346,-16.5486228664924,-16.6941550011758,-16.6649817938483,-17.011349611471,-17.2297735008842,-17.3278220355912,-17.3580418528213,-17.4346456839627,-17.1923546458526,-16.6610903364323,-16.5661642104595,-16.2005566362581,-16.7999495796601,NaN,NaN,-19.6590267541571,-17.7042928383313,NaN,NaN,NaN,NaN,NaN,NaN,NaN,NaN,NaN,NaN,NaN,NaN,NaN,NaN,NaN,NaN,NaN,NaN,NaN,NaN,NaN,NaN,NaN,NaN,NaN,NaN,NaN,NaN,NaN,NaN,NaN,NaN,NaN,NaN,NaN,NaN,NaN,NaN,NaN,NaN,NaN,NaN,NaN,NaN,NaN,NaN,NaN,NaN,NaN,NaN,NaN,NaN,NaN,NaN,NaN,NaN,NaN,NaN,NaN,NaN,NaN,NaN,NaN,NaN,NaN,NaN,NaN,NaN,NaN,NaN,NaN
-20.6737774347547,-22.0469260025361,-21.5009965955502,-21.2562253931571,-20.7791207203602,-20.3142648898543,-20.0225061852937,-19.569861754115,-19.3348316438381,-19.0293879526042,-18.5462521280806,-18.3279487373479,-17.9884723589575,-17.9724770112843,-18.1736018068123,-18.0684775888592,-18.1191586286949,-18.0694046179279,-18.0289447231613,-18.0062390498483,-17.6702613491982,-17.5755784448194,-17.4042740770667,-17.5001590468667,-17.7275959147022,-17.8606176905719,-17.9629043433945,-17.9934520437789,-17.9952023103758,-17.9383777416575,-17.9081595684115,-17.768147361713,-17.6449959562136,-17.5532693803448,-17.5803244146879,-17.7429780610816,-17.8396033123029,-17.9186605397991,-17.8276079822747,-17.846503810808,-17.6489611054357,-17.7043148166398,-17.6245313409742,-17.4554575527739,-17.3199345408376,-17.2647336620946,-17.205219317921,-16.9998192889155,-16.9099266420816,-16.7421193690358,-16.5916282774546,-16.56131647815,-16.6201595361057,-16.5686674337691,-16.4409733739331,-16.3378369301093,-16.3280061642415,-16.362043300434,-16.5330174030723,-16.669769948028,-16.7323398090254,-16.7291556106273,-16.7856331379597,-17.0155833874584,-17.267011275104,-17.438295386821,-17.5871072784868,-17.5939229112749,-17.6580187230951,-17.6976691032302,-17.6624773079995,-17.5407207834149,-17.3276231892549,-17.0410280228705,-16.5605993066599,-16.2431866942949,-15.9770389963913,-15.776515449888,-15.7028909793249,-15.57070136073,-15.5299462984867,-15.5743506810009,-15.8630923116793,-16.0393450767503,-16.1924389804678,-16.2589807419992,-16.4929441195148,-16.636340778714,-16.6119785817466,-16.9525286628809,-17.2251055695384,-17.5648940532824,-17.5748724809653,-17.5453186506625,-17.4295578718149,-16.9807606544788,-16.861791930154,-16.5856126220542,-17.0219114698141,NaN,NaN,-18.6591013273562,-17.2980447246434,NaN,NaN,NaN,NaN,NaN,NaN,NaN,NaN,NaN,NaN,NaN,NaN,NaN,NaN,NaN,NaN,NaN,NaN,NaN,NaN,NaN,NaN,NaN,NaN,NaN,NaN,NaN,NaN,NaN,NaN,NaN,NaN,NaN,NaN,NaN,NaN,NaN,NaN,NaN,NaN,NaN,NaN,NaN,NaN,NaN,NaN,NaN,NaN,NaN,NaN,NaN,NaN,NaN,NaN,NaN,NaN,NaN,NaN,NaN,NaN,NaN,NaN,NaN,NaN,NaN,NaN,NaN,NaN,NaN,NaN,NaN
-20.7206078830951,-22.1576708879061,-21.6591155674481,-21.3119678796014,-20.7689489281767,-20.4069641085912,-20.1195825857772,-19.6954116707776,-19.3728445516554,-19.0337321612179,-18.5906188854137,-18.3137816913962,-18.0456821329634,-18.0552421163634,-18.1580652816453,-18.0743479517693,-18.0658556562366,-18.087065395652,-18.0680760441713,-18.057936360769,-17.7513837384275,-17.6082533116746,-17.4097978593201,-17.540453779706,-17.7573643411603,-17.8539878920649,-17.9579814950816,-17.986254324177,-17.9677175536079,-17.9302347620347,-17.9118661702438,-17.7280881063286,-17.6756015607436,-17.6620170773041,-17.6692326891329,-17.7977142594586,-17.9114294696506,-17.950418385629,-17.8656164046606,-17.9062088859001,-17.7357892513978,-17.7406388416111,-17.6548559019758,-17.4253964647473,-17.3699557155649,-17.2733255988653,-17.2535097558181,-17.0945488325069,-16.978252129379,-16.7880024576068,-16.6830140595215,-16.6274966229826,-16.6099240851134,-16.587046691263,-16.5303910595079,-16.4629174141814,-16.4167217978021,-16.4205755524109,-16.5646305138831,-16.6536037431669,-16.7018936174912,-16.7426775607254,-16.8682659258847,-17.071634608423,-17.2581910250427,-17.4471517115329,-17.6035084008238,-17.6212786593453,-17.6696677622014,-17.685588948188,-17.6582623324799,-17.5487026662469,-17.3389295537619,-17.0453906689609,-16.556184388954,-16.2196633754115,-15.9906969540399,-15.8295818848301,-15.8570018585769,-15.6545565359139,-15.6167028178705,-15.6666045150795,-15.9012398358662,-16.1169367618567,-16.2936916849894,-16.2288009223014,-16.4845084229488,-16.488099684245,-16.6020830083435,-17.026028591035,-17.2680070482023,-17.5680327097897,-17.6431431835826,-17.6288352560239,-17.8490242071552,-17.6391523759781,-17.2515072321391,-16.541307357356,-16.8245956455264,NaN,NaN,-18.2735464331982,-17.9470440952779,-18.3319693559737,NaN,NaN,NaN,NaN,NaN,NaN,NaN,NaN,NaN,NaN,NaN,NaN,NaN,NaN,NaN,NaN,NaN,NaN,NaN,NaN,NaN,NaN,NaN,NaN,NaN,NaN,NaN,NaN,NaN,NaN,NaN,NaN,NaN,NaN,NaN,NaN,NaN,NaN,NaN,NaN,NaN,NaN,NaN,NaN,NaN,NaN,NaN,NaN,NaN,NaN,NaN,NaN,NaN,NaN,NaN,NaN,NaN,NaN,NaN,NaN,NaN,NaN,NaN,NaN,NaN,NaN,NaN,NaN,NaN,NaN
-20.7466339597062,-22.1480009704548,-21.7541836527465,-21.3735234988808,-20.7913871714126,-20.5213425102418,-20.2093860109198,-19.8312956594215,-19.4328361428558,-19.0327990267044,-18.5993721008176,-18.3536691118438,-18.0641015991912,-18.1030658931498,-18.1440682608708,-18.0526983610747,-18.0687637930308,-17.9969754639466,-18.0253883885119,-17.9662364682564,-17.8007994542608,-17.6198595873479,-17.4503396793843,-17.5561833973334,-17.7513021877714,-17.8281214248009,-17.9047205653825,-17.9892192890787,-17.9454251949998,-17.8527911335643,-17.8804172994937,-17.7219281287778,-17.6805951302256,-17.714383806063,-17.7195484276283,-17.853603813867,-17.9106667156776,-17.9658654969951,-17.9424606131607,-17.9172668111449,-17.7875646605259,-17.7964378523529,-17.6793418646571,-17.4619427120872,-17.409031830594,-17.3460908191231,-17.2999810298006,-17.1892055629299,-17.0664798393538,-16.9148066876321,-16.8048091670731,-16.6894161686179,-16.6778486457209,-16.6843947997526,-16.6564751754255,-16.5689568728318,-16.5503552699819,-16.5666400974677,-16.6428501468545,-16.6534673097134,-16.7104264882705,-16.8146767219704,-16.9253883065633,-17.1457847785136,-17.340911792255,-17.4858036858143,-17.6782423406821,-17.7072058073544,-17.7475497213499,-17.7350415013989,-17.7517967636914,-17.6116386384194,-17.3513954651881,-17.0292377109903,-16.5566845456312,-16.1676195120288,-15.956893292741,-15.9347795814578,-15.9730427990269,-15.6932388387579,-15.6314257356988,-15.5955521092552,-15.8332707186907,-16.0289626820955,-16.262167278318,-16.2437962704639,-16.4103433700284,-16.5545418913088,-16.6865305443686,-17.053496213765,-17.1684953078789,-17.377963574172,-17.6071807708644,-17.475128282648,-17.7503400874775,-17.5605709799461,-17.651877945739,-17.4693237276431,-17.0427411105539,NaN,-18.0334049353537,-18.0384711452569,-17.8239108009643,-18.4101797087169,-18.5018192615287,NaN,NaN,NaN,NaN,NaN,NaN,NaN,NaN,NaN,NaN,NaN,NaN,NaN,NaN,NaN,NaN,NaN,NaN,NaN,NaN,NaN,NaN,NaN,NaN,NaN,NaN,NaN,NaN,NaN,NaN,NaN,NaN,NaN,NaN,NaN,NaN,NaN,NaN,NaN,NaN,NaN,NaN,NaN,NaN,NaN,NaN,NaN,NaN,NaN,NaN,NaN,NaN,NaN,NaN,NaN,NaN,NaN,NaN,NaN,NaN,NaN,NaN,NaN,NaN,NaN,NaN,NaN,NaN,NaN
-20.7456932984455,-22.1553179804014,-21.8249992371702,-21.5084034424876,-20.8939872440358,-20.6796536843099,-20.3266325923315,-19.9752573170451,-19.3952261619103,-19.0740569285555,-18.6172059247618,-18.4269720385636,-18.1294224493506,-18.176635918318,-18.1572738769773,-18.1276576965423,-18.0356654005917,-17.9557231925957,-18.0307668275848,-17.9622985035076,-17.8588229214704,-17.675153798594,-17.5456396451356,-17.6772420426456,-17.771672509819,-17.8898181847359,-17.9292734377925,-18.0345652224205,-17.9393383689637,-17.8553840362792,-17.8360109312375,-17.7320385822775,-17.6930299743472,-17.7656520138119,-17.7593245671311,-17.9024626177375,-17.9316842416322,-17.9947298222019,-18.0572506781706,-17.9640138667601,-17.8424087328605,-17.8078281162579,-17.6998149715034,-17.4746450646124,-17.4496877080155,-17.4200653679521,-17.3634380116189,-17.2745870907705,-17.1841814458249,-17.0069741206124,-16.8945452969623,-16.80219231417,-16.7604365625974,-16.7631511540339,-16.7666811909335,-16.6604384546065,-16.5964643070687,-16.6100997757869,-16.6670481618229,-16.6233792145663,-16.7027182456168,-16.8711054345796,-16.9716358675149,-17.1516139028989,-17.3810346610948,-17.4932153187598,-17.6763041981757,-17.7256176628957,-17.7851010006359,-17.8437268552054,-17.8248788998469,-17.6781760463785,-17.4144280780204,-16.9567381112117,-16.4789146237746,-16.1432753444296,-16.0260516042066,-16.0330254541027,-16.0276587252923,-15.818367596604,-15.7242925392759,-15.6866544217305,-15.8321267034788,-15.9384903057874,-16.1567517546263,-16.2402837252847,-16.3703271857989,-16.4825638367844,-16.5609276984343,-16.8597362328877,-17.0148703304706,-17.0809844324938,-17.2380116511338,-17.112677697107,-17.5436560016683,-17.6290536059994,-17.8451223582043,-17.9895105630924,-17.6365621487088,-17.9062703892959,-18.0826386918789,-17.9132830971746,-17.9798886545008,-18.1160189647132,-18.717032901557,-19.1617321433815,-19.6895026986267,NaN,NaN,NaN,NaN,NaN,NaN,NaN,NaN,NaN,NaN,NaN,NaN,NaN,NaN,NaN,NaN,NaN,NaN,NaN,NaN,NaN,NaN,NaN,NaN,NaN,NaN,NaN,NaN,NaN,NaN,NaN,NaN,NaN,NaN,NaN,NaN,NaN,NaN,NaN,NaN,NaN,NaN,NaN,NaN,NaN,NaN,NaN,NaN,NaN,NaN,NaN,NaN,NaN,NaN,NaN,NaN,NaN,NaN,NaN,NaN,NaN,NaN,NaN,NaN,NaN,NaN,NaN
-20.7039871634805,-22.2007937782726,-21.9127265866138,-21.5782299820585,-20.9262971082166,-20.7883983879399,-20.3452656382981,-20.0275810239414,-19.3656432239341,-19.0663340829556,-18.6178637433658,-18.4458509553767,-18.1387171695681,-18.2443075929668,-18.2603246689877,-18.1824554303803,-18.0559851341733,-17.9860840191567,-18.0453742556113,-17.9424808442041,-17.8831366743506,-17.6580588474134,-17.6273960509872,-17.7240074168881,-17.8024332148169,-17.9304239798603,-17.9963132723732,-18.079527923194,-17.970888336518,-17.8295653242839,-17.7932428977547,-17.7154920068984,-17.6985960756502,-17.7237938468516,-17.7310899768739,-17.8829049657666,-17.9407048792502,-18.0337399257532,-18.099396444766,-17.9716760780731,-17.8264250338219,-17.8221011091249,-17.7021958152274,-17.5039333849668,-17.4923544912538,-17.4450357268769,-17.3920120316045,-17.2870077286883,-17.1791289424579,-17.0436438312677,-16.9645017518949,-16.9291264085232,-16.8500921743494,-16.8732849201459,-16.878636955304,-16.7515077751651,-16.7003617560006,-16.7155494321145,-16.8022580824325,-16.7260995526356,-16.8005303729722,-16.9209694640168,-17.0183818220906,-17.2613870777846,-17.4902527516269,-17.6354317531553,-17.8289762966007,-17.9182966280436,-18.0098758582097,-18.0215303683188,-17.9792799187815,-17.7710025229902,-17.476328447938,-16.9224894122603,-16.4784580862761,-16.1036532636309,-16.0376173493582,-16.0238738515724,-16.0106033166488,-15.8629857933452,-15.8158239933162,-15.7769033909308,-15.7782581410898,-15.8432256412028,-16.0262339953715,-16.1639709073498,-16.2018238412324,-16.2856905241114,-16.3735117156621,-16.4128488642737,-16.5856559318947,-16.8435684516905,-17.1928267999599,-17.0401695366687,-17.3123207416234,-17.5740957120973,-17.8546986768379,NaN,-17.8833967127414,-18.0539462147496,-17.9818229080724,-17.9306116896819,-17.8799331063177,-17.9486064595708,-18.1893403852749,-18.7062662040374,-19.5266519261159,-19.7424291228055,-19.8983220611675,-19.852571470558,NaN,NaN,NaN,NaN,NaN,NaN,NaN,NaN,NaN,NaN,NaN,NaN,NaN,NaN,NaN,NaN,NaN,NaN,NaN,NaN,NaN,NaN,NaN,NaN,NaN,NaN,NaN,NaN,NaN,NaN,NaN,NaN,NaN,NaN,NaN,NaN,NaN,NaN,NaN,NaN,NaN,NaN,NaN,NaN,NaN,NaN,NaN,NaN,NaN,NaN,NaN,NaN,NaN,NaN,NaN,NaN,NaN,NaN,NaN,NaN,NaN,NaN,NaN,NaN
-20.6478268892639,-22.177669477959,-21.9274276924783,-21.6655935683585,-21.0042359706659,-20.8267926084948,-20.2921227286211,-20.0139871840237,-19.389657199401,-19.0961988292844,-18.6270362112566,-18.4445261709884,-18.2018588739999,-18.2634055764893,-18.2291288280838,-18.221292151849,-18.0707985358658,-18.024666982088,-18.0743028772066,-17.9588802000035,-17.8899513420942,-17.6557685259432,-17.6368820507903,-17.7235610602907,-17.757516836517,-17.9091835009979,-18.0191827238081,-18.0585088759724,-17.920635481681,-17.766266130158,-17.7460392458373,-17.6761834708833,-17.7086338274336,-17.7023260857068,-17.7710102160258,-17.9212620140283,-17.9358458448227,-18.0162533079339,-18.0781424741447,-17.9447829700873,-17.8355207407191,-17.8172310469931,-17.6922342714886,-17.5014742673008,-17.5093509076048,-17.4447823528893,-17.3942972877527,-17.3429284693975,-17.2115740302091,-17.1119988993491,-17.0284149773727,-16.9889845373181,-16.9236053942759,-16.9387310912402,-16.954481140552,-16.859802095275,-16.8340188799632,-16.7997549472942,-16.8377924698782,-16.6840694492702,-16.7136658404839,-16.8505155696445,-17.02781339231,-17.3284294275916,-17.5448321376463,-17.7338960594108,-17.8827408525459,-18.0413834464663,-18.1211209990443,-18.1728284320277,-18.0996113191062,-17.8601231949923,-17.545142426321,-16.9875505779777,-16.5124788815578,-16.0749525984464,-15.9710402769703,-16.0113999255373,-15.9291062739807,-15.8769128785303,-15.9816214958994,-15.9395969731985,-15.8187905265951,-15.8672438681563,-15.9640981113822,-16.0139921404049,-16.0213781172627,-16.0365717495014,-16.1760312024579,-16.359812451112,-16.2915314810369,-16.4997796602568,-16.8132948677062,-16.5194199015726,-16.8669918369168,-17.1335675003914,-17.5443415945859,NaN,NaN,-18.1388874886229,-17.9784133961745,-17.788815441805,-17.7793118723193,-17.8574454214135,-18.0706720041157,-18.566687633412,-19.2040951036179,-19.5841513841773,-19.7426394950875,-19.67693488797,-19.6521814959456,-19.5701584332008,-19.5497063298933,NaN,NaN,NaN,NaN,NaN,NaN,NaN,NaN,NaN,NaN,NaN,NaN,NaN,NaN,NaN,NaN,NaN,NaN,NaN,NaN,NaN,NaN,NaN,NaN,NaN,NaN,NaN,NaN,NaN,NaN,NaN,NaN,NaN,NaN,NaN,NaN,NaN,NaN,NaN,NaN,NaN,NaN,NaN,NaN,NaN,NaN,NaN,NaN,NaN,NaN,NaN,NaN,NaN,NaN,NaN,NaN,NaN,NaN,NaN,NaN,NaN
-20.5621664282028,-22.0807533884392,-21.8859240423047,-21.6271761297049,-20.9501093758764,-20.8035894771148,-20.3164215657648,-19.9912696019493,-19.3395381378467,-18.9982538578558,-18.6180861242,-18.4895362182746,-18.2166478351906,-18.2576075917665,-18.2595751154092,-18.2269695694166,-18.1266681263494,-18.0771042953923,-18.1397654257879,-17.9687470708777,-17.8576178325802,-17.6017975217043,-17.62238552539,-17.6991120079911,-17.7392949731844,-17.8842850995347,-17.980405403241,-17.9827996464994,-17.8490012482966,-17.7017215532537,-17.7341898216499,-17.7119024564516,-17.7564753410129,-17.737277384221,-17.8100574522862,-17.8977527683641,-17.9229559301954,-17.9569462257379,-18.0418865336151,-17.9779877572463,-17.8670852157355,-17.8317461152928,-17.6683241988766,-17.5054539626017,-17.4968265417984,-17.4153567761389,-17.3750978613163,-17.3453276280867,-17.2506650060477,-17.1747649701858,-17.1284259367667,-17.1624266873818,-17.1159490953918,-17.081668744451,-17.0316306373326,-16.9625916733458,-16.9904606124137,-16.9717154718028,-16.8969883048297,-16.8450185814195,-16.8885410512777,-16.934021764918,-17.1031096012254,-17.363407412549,-17.6636967684348,-17.9107366535048,-18.0678569206282,-18.2016369688204,-18.332489207607,-18.3466963580999,-18.2201772439937,-17.9253467831444,-17.5478666900444,-17.0242158142274,-16.5254192649803,-16.0051308449666,-15.9075053931165,-15.9168174622934,-15.8482986769727,-15.7531982500137,-15.9583061117424,-15.8852017444265,-15.7389389495985,-15.823020908873,-15.8860712695667,-15.8112189902363,-16.0144142150886,-15.9745735376743,-16.1129306348715,-16.3459885135277,-16.0612877451491,-16.2239309190369,-16.6076833465773,-16.519287559798,-16.7653906987363,-16.9265281943853,-17.5940426584204,NaN,NaN,-18.1843027158978,-17.7316804719243,-17.8202237639869,-17.8284624093185,-17.855842065249,-18.1312179641454,-18.7762327516642,-19.5398618433474,-19.736792900313,-19.9721452960121,-19.7305226053896,-19.6885262150529,-19.4665389007132,-19.5630683961485,-19.5594527796466,-19.5049153247892,-19.4742798695945,NaN,NaN,NaN,NaN,NaN,NaN,NaN,NaN,NaN,NaN,NaN,NaN,NaN,NaN,NaN,NaN,NaN,NaN,NaN,NaN,NaN,NaN,NaN,NaN,NaN,NaN,NaN,NaN,NaN,NaN,NaN,NaN,NaN,NaN,NaN,NaN,NaN,NaN,NaN,NaN,-20.9260856834487,NaN,NaN,NaN,NaN,NaN,NaN,NaN,NaN,NaN,NaN,NaN,NaN,NaN,NaN,NaN,NaN,NaN
-20.559587073904,-22.047407370508,-21.8223561135922,-21.5861302765995,-20.9397773061648,-20.7818965261416,-20.3071235615392,-19.948556099965,-19.3030566278289,-18.9680239587331,-18.5705392456692,-18.4389674406384,-18.3296430214567,-18.2798046195072,-18.2511129797649,-18.2375198753534,-18.166469238965,-18.0494627298744,-18.1721356513724,-18.0128279863252,-17.8886426131828,-17.6199394616395,-17.6915596038123,-17.7123217698766,-17.7549701418053,-17.8767364182178,-17.928159209685,-17.8972120543962,-17.8283525062009,-17.6436387748137,-17.6670977603591,-17.7015975754115,-17.7670969814633,-17.6898419155004,-17.7680769132432,-17.8436341362019,-17.8779580810165,-17.9326667030919,-18.0294846110598,-17.9750988435105,-17.8828166554143,-17.8157778478817,-17.6493671409709,-17.541595033127,-17.4802829138537,-17.4246186594978,-17.3871785549481,-17.3417474562003,-17.2507263934662,-17.2568837004726,-17.262965754135,-17.3250709148438,-17.2287407473913,-17.2376966313415,-17.1172804082047,-17.0923698872591,-17.0486169696539,-17.0019832072528,-16.8779377939854,-16.7675482269831,-16.7821757191804,-16.8696165730632,-17.0902064950911,-17.3847948835139,-17.7057555855334,-18.0014469982331,-18.1058537720748,-18.2994258602074,-18.4439015137203,-18.4305646253941,-18.2764628511168,-17.8997952146609,-17.5446652632106,-17.0150685765317,-16.5028388751304,-15.9310744268024,-15.8076035118024,-15.7926943667464,-15.7756968991101,-15.706644857378,-15.9367572528579,-15.8561296453171,-15.6120698500306,-15.7005402611385,-15.7017988639516,-15.6216433119894,-15.8307556604265,-15.7673993436151,-15.9392634177422,-16.2132816423156,-15.935562682123,-15.885445032577,-16.2990416640933,-16.1777771630708,-16.559120502546,-16.8092001033516,-17.7017981371988,NaN,-19.2530758343586,-18.6003570569749,-17.8599439387685,-17.7839355561498,-17.8194094536358,-18.1536571410125,-18.7934321553984,-19.3099574511205,-19.6886499085202,-19.8453211377785,-19.9963610004322,NaN,NaN,NaN,NaN,NaN,NaN,-19.4906881987729,-19.5619222063902,NaN,NaN,NaN,NaN,NaN,NaN,NaN,NaN,NaN,NaN,NaN,NaN,NaN,NaN,NaN,NaN,NaN,NaN,NaN,NaN,NaN,NaN,NaN,NaN,NaN,NaN,NaN,NaN,NaN,NaN,NaN,NaN,NaN,NaN,NaN,NaN,NaN,NaN,NaN,-20.7285560834323,-20.7248578512804,NaN,NaN,NaN,NaN,NaN,NaN,NaN,NaN,NaN,NaN,NaN,NaN,NaN,NaN,NaN,NaN
-20.52353889328,-22.0558875120851,-21.8625224041145,-21.5871869088701,-20.9743704213101,-20.7426993058986,-20.2440138480191,-19.8946635031002,-19.2732973270029,-18.8905872050599,-18.5414783027073,-18.4727385711514,-18.404143583668,-18.2907586346757,-18.2247941656465,-18.2420845225301,-18.1960502124954,-18.089025606426,-18.2034826233302,-17.995611554399,-17.8735863531159,-17.6114119282613,-17.7003254603502,-17.7766445953327,-17.7654838446184,-17.9301348554498,-17.9511357158101,-17.8709976639536,-17.8272718041121,-17.7327517648339,-17.6904155085331,-17.7314512609259,-17.7897979822886,-17.6721334925168,-17.7452475488512,-17.8214202623107,-17.8618348491236,-17.9037389239211,-17.9911083442652,-17.946850277174,-17.8733795451147,-17.790039286684,-17.6299647951554,-17.5234448412268,-17.4649982423569,-17.4395778994937,-17.424154988293,-17.3439224909413,-17.320640630823,-17.3501875323307,-17.4051154793872,-17.4530808883559,-17.3714662216932,-17.4167721229555,-17.3307834039413,-17.2828720591958,-17.2368148553043,-17.1597616745336,-16.9769807529191,-16.9202325375562,-16.8992011891528,-16.9574196593598,-17.2185984526394,-17.5535210106589,-17.890530981754,-18.1367116910581,-18.2267172004211,-18.4155911360201,-18.5690029286308,-18.4935685101509,-18.3072953364618,-17.9482858636868,-17.5720285532474,-17.0046129276796,-16.4312636604029,-15.8373220932427,-15.7910048858296,-15.665387442567,-15.7138863143013,-15.6753967999711,-15.80790414766,-15.829006199852,-15.4990803513574,-15.5486394784959,-15.5146943594523,-15.4828959103148,-15.7177236574297,-15.7132447642372,-15.8513581721611,-16.0409397807451,-15.8019227194221,-15.7058102314904,-16.076328894044,-15.8852440716457,-16.2887703342121,-16.8602772084091,-17.5859304441042,NaN,-18.7536025233915,-17.5079809352347,-17.7555310936812,-17.6849745287853,-17.8000660971352,-18.0271464967402,-17.3482971305858,NaN,NaN,NaN,NaN,NaN,NaN,NaN,NaN,NaN,NaN,NaN,NaN,NaN,NaN,NaN,NaN,NaN,NaN,NaN,NaN,NaN,NaN,NaN,NaN,NaN,NaN,NaN,NaN,NaN,NaN,NaN,NaN,NaN,NaN,NaN,NaN,NaN,NaN,NaN,NaN,NaN,NaN,NaN,NaN,NaN,NaN,NaN,NaN,NaN,NaN,NaN,-20.7673811405308,NaN,NaN,NaN,NaN,NaN,NaN,NaN,NaN,NaN,NaN,NaN,NaN,NaN,NaN,NaN,NaN,NaN
-20.5772126128239,-22.0300954294803,-21.8698739522117,-21.6734708036179,-21.0860490614378,-20.7222395352801,-20.3113515312807,-19.7719824658596,-19.2035807619051,-18.7867330941145,-18.4537054186447,-18.4692551917405,-18.4395454512922,-18.2411570023336,-18.2013293338759,-18.2198728484246,-18.17902742312,-18.1044868162545,-18.2079154848518,-17.9766732976524,-17.8325549277445,-17.6541354577215,-17.7125915308004,-17.7622329290314,-17.7828971279427,-17.9356666394136,-18.0777790731989,-17.9677557107923,-17.8212988063507,-17.7783432445992,-17.7632266257981,-17.789669027223,-17.8122293032657,-17.6903031506548,-17.6971737763479,-17.7559416942219,-17.7873017232424,-17.8552656792879,-17.9075615461903,-17.9086174557084,-17.8117299045525,-17.7887114072053,-17.6213297938154,-17.5351650201439,-17.4299721105308,-17.4018005830821,-17.4119680485492,-17.3750075082233,-17.3791761975264,-17.4464196720308,-17.4522143022098,-17.479155371988,-17.4494844031746,-17.4188416589428,-17.3841704718549,-17.3060834504544,-17.2809062598735,-17.1613973842192,-16.995262606006,-16.9005887471761,-16.8211262799831,-16.9634891225895,-17.2233889173551,-17.5779799269445,-17.8565589969484,-18.1306007159339,-18.2583528511728,-18.4314296265772,-18.5455777010444,-18.5047143054234,-18.3230031913583,-17.9567524351926,-17.5815557603535,-16.9896409122003,-16.4122931052489,-15.8580369073189,-15.7370496757719,-15.6662445791093,-15.7743351093098,-15.7662439622968,-15.8613496672027,-15.7624633507032,-15.5338839037922,-15.4389919363986,-15.4782483991714,-15.4503835980714,-15.7065067082635,-15.7937096740583,-15.9028430009332,-15.993534148581,-15.6436139592353,-15.6618892118751,-15.9078270238057,-15.6854126241807,-15.952347945184,-16.686038748761,-17.3637468555567,NaN,-19.8331293580194,-18.464213899849,-17.6963603751611,-17.6982665347917,-17.6777278493735,-17.8911312464335,-17.8108245854038,NaN,NaN,NaN,NaN,NaN,NaN,NaN,NaN,NaN,NaN,NaN,NaN,NaN,NaN,NaN,NaN,NaN,NaN,NaN,NaN,NaN,NaN,NaN,NaN,NaN,NaN,NaN,NaN,NaN,NaN,NaN,NaN,NaN,NaN,NaN,NaN,NaN,NaN,NaN,NaN,NaN,NaN,NaN,NaN,-18.6183677101355,NaN,NaN,NaN,NaN,NaN,-20.2742510406487,-20.5964636170703,NaN,NaN,NaN,NaN,NaN,NaN,NaN,NaN,NaN,NaN,NaN,NaN,NaN,NaN,NaN,NaN,NaN
-20.5258922343068,-21.99202824407,-21.8714591932263,-21.6423081038538,-21.1414938735122,-20.7333318772341,-20.3442007625333,-19.7129180844913,-19.2069783244608,-18.7746132361684,-18.4291039774355,-18.4739561128852,-18.4197040615795,-18.2685513112871,-18.2177778242461,-18.2002538729565,-18.2025807119629,-18.1539314343511,-18.1972144311248,-17.9084087805462,-17.6937242305013,-17.632801617014,-17.5961897104224,-17.6451812073936,-17.7750556608593,-17.9221545638936,-18.0798367309766,-17.9626574411698,-17.8006050383056,-17.7832674609968,-17.8257784469034,-17.8473433665089,-17.8567306172476,-17.6983506951285,-17.7086647192492,-17.7185851723359,-17.7566847738969,-17.779031349736,-17.8389880138123,-17.9085159595866,-17.7990430175648,-17.7406461931457,-17.6179967649129,-17.5184350856916,-17.4323855388618,-17.371675095648,-17.425726946119,-17.3962650683284,-17.3964762274884,-17.4269826259674,-17.470569736897,-17.5720499711745,-17.5350337472787,-17.4780184109148,-17.4183109098385,-17.3956046721116,-17.3432433152012,-17.2515502456105,-17.1356333200941,-16.9893740203752,-16.9328289668106,-16.9946717620313,-17.2780959925324,-17.6233334082708,-17.9482691453695,-18.1687177492686,-18.4045956729564,-18.5329933177158,-18.6055177951919,-18.5368275616588,-18.3668119851152,-18.0355040671719,-17.6550995392872,-17.0569065977103,-16.4424596141636,-15.9181079440158,-15.7271896589036,-15.6044917328189,-15.6846967280412,-15.763629252251,-15.8548189308954,-15.7114382790446,-15.5102706391311,-15.3272883335096,-15.3233363970381,-15.4228644604516,-15.6807762550165,-15.7934905788564,-15.9244920482636,-16.0338905064364,-15.7515112821682,-15.4608211442286,-15.7238044677605,-15.4692961939053,-15.9158640760207,-16.8518233865189,-17.5511319791589,NaN,-19.7113264775337,-18.7323529183535,-18.2537545164296,-18.1929645158581,-18.3767118837033,-19.2056593936333,-19.4008376727841,NaN,NaN,NaN,NaN,NaN,NaN,NaN,NaN,NaN,NaN,NaN,NaN,NaN,NaN,NaN,NaN,NaN,NaN,NaN,NaN,NaN,NaN,NaN,NaN,NaN,NaN,NaN,NaN,NaN,NaN,NaN,NaN,NaN,NaN,NaN,NaN,NaN,NaN,NaN,NaN,NaN,NaN,NaN,NaN,-18.823374969431,NaN,NaN,NaN,NaN,NaN,-20.111227230545,NaN,NaN,NaN,NaN,NaN,NaN,NaN,NaN,NaN,NaN,NaN,NaN,NaN,NaN,NaN,NaN,NaN,NaN
-20.4950272645906,-21.9471284326306,-21.8287566527721,-21.6274748616057,-21.1703495420737,-20.7434627220121,-20.2955990854086,-19.5631269997189,-19.1382158889659,-18.7711171660134,-18.409021471861,-18.3736103679115,-18.3033594230063,-18.2306504182364,-18.2280700523748,-18.2008516151114,-18.2395401510881,-18.17387508039,-18.1509463166038,-17.7690025046622,-17.5575709950438,-17.5298810288748,-17.5156080837904,-17.5837138281751,-17.7297377014999,-17.8766171000121,-18.0099086418643,-17.8775892832744,-17.7924408712636,-17.7695623943412,-17.8806883725252,-17.8927021993637,-17.85720682315,-17.6882068266485,-17.6710437342401,-17.6651035847744,-17.7298735609391,-17.7726823972119,-17.8019314687918,-17.8881523302369,-17.794363512728,-17.7623175260551,-17.6393747921525,-17.555195488316,-17.4957722065133,-17.3839305183122,-17.3892918642364,-17.3851888993948,-17.4248481230358,-17.5190839296978,-17.5600891904181,-17.6047427518114,-17.5345697856014,-17.4638220626755,-17.4331003037978,-17.459673464734,-17.3527749989446,-17.2681802672369,-17.0931535912006,-16.9494417569707,-16.8648581581156,-16.9911993911985,-17.308441528892,-17.6162120998426,-17.9010528031362,-18.1957735156581,-18.4259004175124,-18.5093045492047,-18.5758238722959,-18.5417067858184,-18.4197714234068,-18.0956983627161,-17.7007775456935,-17.1275449188685,-16.5841365028008,-16.0400720505246,-15.7727185967551,-15.6077124182839,-15.6748408900496,-15.8515035267544,-15.9485814544804,-15.8082668447991,-15.6282454881537,-15.3557190744947,-15.3740280805925,-15.4941857598805,-15.8471158552974,-15.9052606540799,-16.027644470061,-16.0782588017645,-15.7783038950704,-15.3636987785375,-15.4751852869658,-15.2306557832975,-15.7589793969005,-16.6021919854032,-17.2774103525347,NaN,-20.5513727154008,-19.79882298427,-19.6293437760587,-19.4026931693944,-19.4723920847207,-20.0416131189493,NaN,NaN,NaN,NaN,NaN,NaN,NaN,NaN,NaN,NaN,NaN,NaN,NaN,NaN,NaN,NaN,NaN,NaN,NaN,NaN,NaN,NaN,NaN,NaN,NaN,NaN,NaN,NaN,NaN,NaN,NaN,NaN,NaN,NaN,NaN,NaN,NaN,NaN,NaN,NaN,NaN,NaN,NaN,NaN,-19.0872274671507,-18.8205329902431,NaN,NaN,NaN,NaN,NaN,-19.9253348755789,NaN,NaN,NaN,NaN,NaN,NaN,NaN,NaN,NaN,NaN,NaN,NaN,NaN,NaN,NaN,NaN,NaN,NaN
-20.4885861577618,-21.8826366631594,-21.7336301255151,-21.6147970879899,-21.1652658717881,-20.7774813400439,-20.1768348664627,-19.4485726709188,-19.1003844256148,-18.7188290939955,-18.3557918735635,-18.150772279477,-18.2146524044671,-18.1547461438274,-18.2032063538419,-18.1519068388034,-18.2736285619383,-18.1736067734307,-18.1048631141095,-17.7214829063655,-17.59041331207,-17.6023390640268,-17.5625176730969,-17.6399310371995,-17.7235491725102,-17.855500660305,-17.941822466214,-17.8328181060601,-17.7467635256617,-17.7617697017974,-17.8556334653316,-17.8572022453135,-17.8338289418733,-17.6401083515003,-17.6659421358492,-17.6459424069905,-17.6722596500485,-17.79046297075,-17.7406643744652,-17.8098722882255,-17.7713741798928,-17.7804064017942,-17.7042473455351,-17.6528323313474,-17.5513198997522,-17.3967838140049,-17.3933026520009,-17.4143789840462,-17.4796917754091,-17.5618034833623,-17.6000780796909,-17.6263065497872,-17.5469620540301,-17.4793164791633,-17.5052902949956,-17.4405790488407,-17.3260116817015,-17.2610071434214,-17.0429213280553,-16.9512463355475,-16.8954983723663,-17.0411028724628,-17.3587530018165,-17.6634142117455,-17.9942124619085,-18.20210760635,-18.4612366927674,-18.5648764091512,-18.5961677217226,-18.5456674234875,-18.4079204010944,-18.1083319322481,-17.7236818881748,-17.1860415179575,-16.633217838274,-16.1076960743662,-15.8333405389481,-15.624609384063,-15.577738829597,-15.7632105708044,-15.954119577694,-15.6489071814267,-15.5517690903873,-15.4072553819715,-15.480123776112,-15.6528540818217,-15.9483106295524,-16.0848749104262,-16.1873235145385,-16.0848150487645,-15.7005212821362,-15.2314140352921,-15.1967930908656,-15.4123304283675,-15.9585769561829,-17.1064406076359,-17.4816669850656,NaN,NaN,NaN,NaN,NaN,NaN,NaN,NaN,NaN,NaN,NaN,NaN,NaN,NaN,NaN,NaN,NaN,NaN,NaN,NaN,NaN,NaN,NaN,NaN,NaN,NaN,NaN,NaN,NaN,NaN,NaN,NaN,NaN,NaN,NaN,NaN,NaN,NaN,NaN,NaN,NaN,NaN,NaN,NaN,NaN,NaN,NaN,NaN,NaN,-18.4437089459746,NaN,-19.1958884740051,NaN,NaN,NaN,NaN,NaN,NaN,-19.5998978976345,NaN,NaN,NaN,NaN,NaN,NaN,NaN,NaN,NaN,NaN,NaN,NaN,NaN,NaN,NaN,NaN,NaN,NaN
-20.5475349291312,-21.9150849511283,-21.7123884910785,-21.5279149856029,-21.1411708791168,-20.7278264495568,-20.0690801235297,-19.4051273253882,-19.0701844206298,-18.6247884198474,-18.2670414584574,-18.0183950065401,-18.0997404079001,-18.072963093104,-18.1106231315741,-18.0416016329203,-18.1854952575032,-18.0717855513347,-17.9731865579356,-17.6216116974176,-17.6310575342895,-17.6695140486374,-17.6436659771271,-17.7351392880715,-17.7407132783833,-17.8097232154361,-17.8787145511885,-17.7511168934835,-17.7325765696347,-17.744719305185,-17.8652405169161,-17.809805156624,-17.7941867241224,-17.6541514637919,-17.6790182114056,-17.6926855385981,-17.6533175273303,-17.7404222052314,-17.6704564984315,-17.7645969953925,-17.7204135311981,-17.7557126549191,-17.7362179559701,-17.6889568776314,-17.5579839745971,-17.4247585948214,-17.3826078892411,-17.4316210894191,-17.448983899546,-17.536765120293,-17.5649634274754,-17.5906326255206,-17.5162309991022,-17.4604887029487,-17.4276812957528,-17.3585797880831,-17.3025994813831,-17.1975242176536,-17.0025337518032,-16.9514961865259,-16.8989720355898,-17.0109046084252,-17.3052657813713,-17.644410847309,-17.9937107601797,-18.2344884682025,-18.4246426400712,-18.5611259375153,-18.5927558903355,-18.5414475098061,-18.3490457479024,-18.043382915089,-17.6751488117385,-17.186864546068,-16.6255305505736,-16.1068109652996,-15.8446380807385,-15.5914034220077,-15.5924940612007,-15.7588903626474,-16.0061947171181,-15.7869918247744,-15.5727924776413,-15.4862137562481,-15.5898642509169,-15.6207795282101,-16.0077466221686,-16.198297603378,-16.1129425126908,-16.014095750942,-15.6928662470199,-15.3278343454373,-15.1432614547379,-15.2905694798938,-15.8868233529361,-17.0421407491588,-17.3997910646118,NaN,NaN,NaN,NaN,NaN,NaN,NaN,NaN,NaN,NaN,NaN,NaN,NaN,NaN,NaN,NaN,NaN,NaN,NaN,NaN,NaN,NaN,NaN,NaN,NaN,NaN,NaN,NaN,NaN,NaN,NaN,NaN,NaN,NaN,NaN,NaN,NaN,NaN,NaN,NaN,NaN,NaN,NaN,NaN,NaN,NaN,NaN,NaN,NaN,-18.5193261698493,NaN,-18.9518437673735,-19.5767060252269,NaN,NaN,NaN,NaN,-19.0826048398671,-19.4110883406873,NaN,NaN,NaN,NaN,NaN,NaN,NaN,NaN,NaN,NaN,NaN,NaN,NaN,NaN,NaN,NaN,NaN,NaN
-20.5143849042693,-21.8782775788047,-21.7207135841959,-21.4974131695836,-21.0448084191268,-20.7159547718369,-20.0417986201113,-19.3643983548964,-19.0400917388319,-18.5495869537591,-18.2390326841311,-17.9395035310525,-17.9422448325246,-17.9175116807918,-17.9380280276876,-17.9619293101893,-18.0406372417618,-17.9801675408906,-17.8851758821139,-17.6130969882645,-17.6898191237889,-17.7068449697261,-17.7113672676398,-17.7873592873372,-17.7364152314007,-17.7630446646772,-17.8073938952496,-17.7104289104417,-17.7544361103681,-17.7405281433839,-17.8236798396499,-17.7824106623116,-17.6945856291287,-17.5980861816063,-17.6462450087225,-17.6634033399921,-17.6476413861844,-17.6855168787891,-17.6386303669416,-17.7473670227591,-17.7069857892446,-17.7361784656199,-17.7999705697447,-17.7063178095734,-17.574037889392,-17.4087362847269,-17.4153463513432,-17.4294964029177,-17.4282931801091,-17.4878365870156,-17.5190407446464,-17.5505258977409,-17.4789987591561,-17.4402918943119,-17.3265208165285,-17.2590176118758,-17.2681337738869,-17.1431225878999,-16.9662196651231,-16.9435496706795,-16.9315945698515,-17.020696464476,-17.2626367041706,-17.5596655670325,-17.9338571689495,-18.1516150865089,-18.4451123808333,-18.5703832103779,-18.6142145924384,-18.5150381921367,-18.2820286492467,-18.012862229539,-17.6861449596377,-17.2927736489781,-16.6530716098424,-16.0120631083199,-15.7356475792228,-15.4478026440456,-15.5945038671056,-15.713652451101,-15.8464589249392,-15.7072148053813,-15.4646037909922,-15.5505443450566,-15.6262627947345,-15.7457067811188,-16.1355229045422,-16.3076819076355,-16.2228147946146,-16.0504959760094,-15.7104515594375,-15.5701003698696,-15.33453905882,-14.9991948606015,-16.0586254100443,-17.9018922390374,-18.1472045683033,NaN,NaN,NaN,NaN,NaN,NaN,NaN,NaN,NaN,NaN,NaN,NaN,NaN,NaN,NaN,NaN,NaN,NaN,NaN,NaN,NaN,NaN,NaN,NaN,NaN,NaN,NaN,NaN,NaN,NaN,NaN,NaN,NaN,NaN,NaN,NaN,NaN,NaN,NaN,NaN,NaN,NaN,NaN,NaN,NaN,NaN,NaN,NaN,NaN,-18.8163806389799,NaN,-18.846379093306,-19.2634967217561,NaN,NaN,NaN,NaN,-19.0742295223456,NaN,NaN,NaN,NaN,NaN,NaN,NaN,NaN,NaN,NaN,NaN,NaN,NaN,NaN,NaN,NaN,NaN,NaN,NaN
-20.4333195466861,-21.7950010931179,-21.6650417134891,-21.3758898853371,-20.9626593845954,-20.7207659896776,-20.0096215603693,-19.3504737655888,-19.024375932705,-18.5364163149682,-18.2781226277785,-17.9118721324436,-17.8435123460555,-17.7828634732524,-17.8298237728362,-17.8116514801513,-17.8730148500075,-17.8588186620711,-17.841614433353,-17.6311629696043,-17.7179898750323,-17.6899319247251,-17.7378226239792,-17.8303157263972,-17.7839390354254,-17.7694513840737,-17.7980638070009,-17.7285652994112,-17.7225846164049,-17.7349124158605,-17.7637681013014,-17.6767375167641,-17.5964933095506,-17.5627706521692,-17.575020752839,-17.6623537143694,-17.5873145418429,-17.6144401647006,-17.5540149059291,-17.6490259613074,-17.6852728829521,-17.7463700465184,-17.8175278067695,-17.7245188511914,-17.565997692124,-17.4303717900789,-17.4145977236535,-17.4634207535076,-17.4798338141669,-17.525630108912,-17.5464081524635,-17.5247244699914,-17.4750810400552,-17.3868855696741,-17.2719332578279,-17.2077422353896,-17.1986700466967,-17.0927100862243,-16.9758381989095,-16.9679370557246,-16.9062846894811,-17.0064022103668,-17.182040190249,-17.4974489716745,-17.883633071701,-18.1156280167817,-18.4161283222921,-18.5574667803646,-18.5673536042855,-18.4371922948736,-18.2295122212938,-17.9347509211741,-17.64063790383,-17.3035246786426,-16.6506572102043,-15.9514877171562,-15.6573051853199,-15.4083352267617,-15.4797524744785,-15.6258812909807,-15.8520154075367,-15.9015237468452,-15.5426192915273,-15.702006443269,-15.8047551858587,-15.9807632717202,-16.1673581518923,-16.327918388851,-16.1475222699164,-15.8239353899832,-15.5339398002343,-15.4103393018747,-15.1362512071221,-14.7591946790992,-15.7939260920076,-17.6181915170644,NaN,NaN,NaN,NaN,NaN,NaN,NaN,NaN,NaN,NaN,NaN,NaN,NaN,NaN,NaN,NaN,NaN,NaN,NaN,NaN,NaN,NaN,NaN,NaN,NaN,NaN,NaN,NaN,NaN,NaN,NaN,NaN,NaN,NaN,NaN,NaN,NaN,NaN,NaN,NaN,NaN,NaN,NaN,NaN,NaN,NaN,NaN,NaN,NaN,NaN,-19.0762323566793,NaN,NaN,-19.4657335260923,NaN,NaN,NaN,NaN,-18.7219939020811,NaN,NaN,NaN,NaN,NaN,NaN,NaN,NaN,NaN,NaN,NaN,NaN,NaN,NaN,NaN,NaN,NaN,NaN,NaN
-20.4783241698252,-21.7428479893672,-21.6437775146032,-21.2951335895455,-20.8662664132785,-20.6770375183758,-19.9933977556063,-19.356970167417,-19.0120329990582,-18.5582704987289,-18.3325278538805,-17.95659692868,-17.7719131366923,-17.6406450968747,-17.7248253314702,-17.7315456015153,-17.7863410686351,-17.7862868578549,-17.7402149817274,-17.66440570941,-17.7766738525275,-17.7465831333412,-17.8146247347863,-17.8708699356927,-17.84034462683,-17.7708676345824,-17.8069812189693,-17.7025377548914,-17.6460209140706,-17.7039347207203,-17.7055144703837,-17.5997391383293,-17.5125711519836,-17.4969874966218,-17.5445877959181,-17.6225959156573,-17.568418753328,-17.5926198613116,-17.5068099341868,-17.5969107128826,-17.6639179522611,-17.7051524729318,-17.8286434846422,-17.7225140970401,-17.547447076606,-17.3972070735459,-17.4113594043154,-17.5167446585697,-17.5194243317989,-17.5358539320164,-17.5911906409669,-17.5461221522018,-17.4564204056592,-17.3846687792512,-17.2576955638917,-17.14833698469,-17.1069417347335,-17.0265685447356,-16.9387373508001,-16.9561613526504,-16.9309788967839,-17.0034494514077,-17.1576433528518,-17.4543679050885,-17.8748914759536,-18.1010465466579,-18.392117258244,-18.5462051744423,-18.5687105560179,-18.4442171443454,-18.2302419972435,-17.9319234921672,-17.647371723941,-17.2682827467967,-16.5897092850059,-15.8809525090155,-15.5503746572402,-15.3111279122506,-15.3148577137074,-15.6288818778,-15.7297865550869,-15.9267184985094,-15.6501367867222,-15.796164775367,-15.8761152771953,-16.160164568843,-16.267009253721,-16.2357419371857,-15.9428171014256,-15.7336982269351,-15.5507388596504,-15.3619844269403,-15.0586872972439,-14.7358528285254,-16.0423340664072,-17.8433652365374,NaN,NaN,NaN,NaN,NaN,NaN,NaN,NaN,NaN,NaN,NaN,NaN,NaN,NaN,NaN,NaN,NaN,NaN,NaN,NaN,NaN,NaN,NaN,NaN,NaN,NaN,NaN,NaN,NaN,NaN,NaN,NaN,NaN,NaN,NaN,NaN,NaN,NaN,NaN,NaN,NaN,NaN,NaN,NaN,NaN,NaN,NaN,NaN,-18.4754973220674,NaN,-19.1968544350062,-19.295924868907,NaN,-19.6164326890647,NaN,NaN,NaN,NaN,-18.7962196147624,NaN,NaN,NaN,NaN,NaN,NaN,NaN,NaN,NaN,NaN,NaN,NaN,NaN,NaN,NaN,NaN,NaN,NaN,NaN
-20.4521714563366,-21.6778523913074,-21.6200409588631,-21.1280660392175,-20.718148424815,-20.5461787736448,-19.9496014762835,-19.2967542808044,-18.970996818178,-18.5376154003843,-18.2949524855192,-17.9470722175207,-17.7370615635833,-17.6191269254991,-17.6281128557896,-17.5779193617269,-17.6389573106769,-17.7033589542057,-17.7067376592367,-17.6593406925967,-17.8085224531467,-17.7958817249925,-17.865815252507,-17.9189084833312,-17.8466096491422,-17.7961768753206,-17.788056669758,-17.6687368304977,-17.5834507841709,-17.6592961338628,-17.6526148529732,-17.5259509861748,-17.4700480226095,-17.4963537629307,-17.4838751182584,-17.5850944637769,-17.5704699997764,-17.5730716612144,-17.4855514587676,-17.5607495855939,-17.6297134637899,-17.6935202823433,-17.7896503645699,-17.6906474737174,-17.5356840180239,-17.3953521149025,-17.4579634820239,-17.5467329420574,-17.5877956950781,-17.591696591724,-17.6364322814433,-17.6245540608404,-17.4996401636344,-17.3546597830286,-17.1789958137595,-17.0491828015536,-17.0259261017343,-16.9735430058298,-16.8968396037811,-16.9127614089564,-16.8629241310311,-16.9888485113728,-17.1639086943718,-17.3660352853929,-17.7948480115336,-18.0652082339411,-18.2760191010226,-18.4851259710941,-18.5679157687247,-18.4431135165388,-18.2207025627641,-17.9428887451987,-17.6573387552713,-17.2862175059706,-16.5736357382725,-15.8778907116427,-15.5482545892089,-15.3158491791525,-15.2959416392345,-15.5105441017729,-15.6527819892003,-15.8495018609327,-15.6885297548466,-15.8172065910867,-15.9362847285951,-16.2093702818718,-16.3135400245738,-16.2761910498774,-15.9388423103981,-15.6722533216133,-15.5327790448599,-15.306910679561,-14.7871914144267,-14.5939063679473,-15.9358244891235,-17.7959607978347,NaN,NaN,NaN,NaN,NaN,NaN,NaN,NaN,NaN,NaN,NaN,NaN,NaN,NaN,NaN,NaN,NaN,NaN,NaN,NaN,NaN,NaN,NaN,NaN,NaN,NaN,NaN,NaN,NaN,NaN,NaN,NaN,NaN,NaN,NaN,NaN,NaN,NaN,NaN,NaN,NaN,NaN,NaN,NaN,NaN,NaN,NaN,NaN,-18.779294863025,-19.0521377237504,NaN,-19.6636519323748,-19.8439796900011,-19.6851785789036,NaN,NaN,NaN,-18.8491004065294,-18.6475811698774,-18.457370185595,NaN,NaN,NaN,NaN,NaN,NaN,NaN,NaN,NaN,NaN,NaN,NaN,NaN,NaN,NaN,NaN,NaN,NaN
-20.3704102037598,-21.5384572495327,-21.5843159606424,-21.0555496726455,-20.6815350775674,-20.3823472950071,-19.8872482942871,-19.2444522378703,-18.7974377798286,-18.5347070761499,-18.1860148950601,-17.8610188092353,-17.6990586992721,-17.5648224625473,-17.5803702186876,-17.4641017454035,-17.5447680269692,-17.6591148945424,-17.6520814752879,-17.6516256945281,-17.8200361209118,-17.8242144328746,-17.9138300021913,-17.8964835698081,-17.8027782934226,-17.7515367015373,-17.7765260268372,-17.6131031019852,-17.514837712021,-17.5902751819466,-17.5659866294272,-17.4206692160282,-17.4439690146575,-17.4532288673511,-17.4093112897879,-17.538238679659,-17.5321575891795,-17.588405107138,-17.4594693757361,-17.5453862576185,-17.6409880458639,-17.7171261981679,-17.7785895738538,-17.6781676179312,-17.5837078395242,-17.5100855854444,-17.5213458776678,-17.5949644910125,-17.6460789450496,-17.6808644358497,-17.6746743318957,-17.650907739816,-17.5276887728276,-17.342221090569,-17.1100712721342,-17.0262501138657,-16.9893163024036,-16.9851232247903,-16.8765174321023,-16.8378726739303,-16.8430464143177,-16.9696359809499,-17.0988243004909,-17.2519979606166,-17.6864990208367,-17.9539081973532,-18.1720094722353,-18.3939450915364,-18.5355170247855,-18.4533998034563,-18.2926554965124,-18.0178641981167,-17.7449453044072,-17.3121036106727,-16.5942131177301,-15.9460102810398,-15.5741855979461,-15.3748787816962,-15.2680222004369,-15.4851852508392,-15.470715249898,-15.7123508338689,-15.610953903127,-15.6809511465154,-15.9129504506411,-16.2594132442577,-16.2891868904347,-16.2667947045823,-16.0034687433225,-15.713823301106,-15.5699333690143,-15.2047390784651,-14.4603783529382,-14.6997900912357,-16.2750752978096,-18.2640970543596,NaN,NaN,NaN,NaN,NaN,NaN,NaN,NaN,NaN,NaN,NaN,NaN,NaN,NaN,NaN,NaN,NaN,NaN,NaN,NaN,NaN,NaN,NaN,NaN,NaN,NaN,NaN,NaN,NaN,NaN,NaN,NaN,NaN,NaN,NaN,NaN,NaN,NaN,NaN,NaN,NaN,NaN,NaN,NaN,NaN,NaN,NaN,NaN,NaN,-19.0338602352022,-19.4489900916802,-19.4955770931865,-19.7167078419218,NaN,-19.7588080632643,NaN,-19.2166563260723,-19.0492789603603,-18.8627825835005,-18.7509991934431,NaN,NaN,NaN,NaN,NaN,NaN,NaN,NaN,NaN,NaN,NaN,NaN,NaN,NaN,NaN,NaN,NaN,NaN
-20.2701132928115,-21.4655313942193,-21.5549231278229,-21.0374405243509,-20.6196207129138,-20.2786076647086,-19.7719172577268,-19.1927892483563,-18.6610988964556,-18.5068258481256,-18.134197256716,-17.8153103530466,-17.6719141948598,-17.4975057889561,-17.4734226178401,-17.2890717670855,-17.4908822646082,-17.6793598483542,-17.6111188968509,-17.6117111361332,-17.807959005278,-17.8279090417425,-17.9045477680757,-17.8845436902689,-17.7928782691714,-17.7252274745167,-17.7117364327883,-17.5652896841322,-17.55494243536,-17.5196763946469,-17.4824071599767,-17.3394928287109,-17.3888374566577,-17.3651916718333,-17.3307082147853,-17.4460210725524,-17.5119230393155,-17.6153485571966,-17.4950261407078,-17.571523915501,-17.6669819844934,-17.7207764516253,-17.7291173679473,-17.6345767700211,-17.6269543364106,-17.5857585824273,-17.5782460771592,-17.6576259491246,-17.7253506645097,-17.7330120295045,-17.7661948199634,-17.6412967724995,-17.5575310197464,-17.2950036368761,-17.0575335161856,-17.0052323138846,-17.0107275818294,-16.9494308957551,-16.8679470725912,-16.8349013840336,-16.8960004700825,-17.0135078017381,-17.1341525672784,-17.2358306021299,-17.5283804708978,-17.8580956650196,-18.0982048641272,-18.3106756399277,-18.4623914726888,-18.3933214963552,-18.2754458984749,-18.027389745213,-17.8221253353255,-17.3973305821552,-16.7229027666901,-16.0534327229967,-15.6545238513105,-15.4365067196827,-15.2833063363826,-15.4604393008494,-15.4640548945717,-15.6071425356201,-15.5443137642198,-15.4613590061938,-15.7247724355689,-16.1336670074732,-16.1737413029229,-16.08541251662,-15.7632107702226,-15.5283034422053,-15.4552385596092,-15.0520082423052,-14.324293935617,-14.6404597074772,-16.2308257020329,-17.8819596587936,NaN,NaN,NaN,NaN,NaN,NaN,NaN,NaN,NaN,NaN,NaN,NaN,NaN,NaN,NaN,NaN,NaN,NaN,NaN,NaN,NaN,NaN,NaN,NaN,NaN,NaN,NaN,NaN,NaN,NaN,NaN,NaN,NaN,NaN,NaN,NaN,NaN,NaN,NaN,NaN,NaN,NaN,NaN,NaN,NaN,NaN,NaN,NaN,NaN,NaN,-19.5913913997126,NaN,-19.8596931210307,NaN,-19.7614412745154,NaN,-19.3968373414316,-19.2132030280673,NaN,-18.7699444227421,-19.0882380396011,NaN,NaN,NaN,NaN,NaN,NaN,NaN,NaN,NaN,NaN,NaN,NaN,NaN,NaN,NaN,NaN,NaN
-20.199272151497,-21.4490606003278,-21.4799826162242,-20.8793719135182,-20.5064708491998,-20.2440405833164,-19.6583057021929,-19.1511991980682,-18.6050616649451,-18.5009164433762,-18.0896326755519,-17.7876810768202,-17.6609752707594,-17.3966447009847,-17.3418759078774,-17.2638604991373,-17.5559679610296,-17.7036125840987,-17.5658417486991,-17.6145192720141,-17.7595100026018,-17.7676901100917,-17.8082761056938,-17.7193829641182,-17.7183260505095,-17.6720314565226,-17.628128859616,-17.5616224079107,-17.5709670208055,-17.4876796681705,-17.3746090682926,-17.2905629066603,-17.3493162159394,-17.3052368912183,-17.2685024997061,-17.3905347904283,-17.4907256019857,-17.587651032226,-17.5441163213304,-17.6254226891919,-17.6862826298188,-17.7184550276384,-17.6787896351399,-17.649387239018,-17.6498758530161,-17.690101677019,-17.652836782837,-17.7072484285926,-17.7959946664312,-17.8172177192204,-17.8403166646555,-17.7039729004371,-17.5916948976969,-17.3012517985311,-17.0531090834315,-16.9870814370599,-16.9582288724401,-16.9142459319947,-16.7967269239631,-16.760340756482,-16.8563923016695,-16.9573324076094,-17.0888878422996,-17.1409399630015,-17.4835589206097,-17.7924834995953,-18.038280987356,-18.2910476583135,-18.4237391977289,-18.3688149302673,-18.2968122541087,-18.0577872328749,-17.9225998288842,-17.4547205146051,-16.7846074193646,-16.176111226482,-15.812073392045,-15.5612978333175,-15.3600396965674,-15.4751154373704,-15.5348836035046,-15.5157990667012,-15.4943844340361,-15.2997707751665,-15.5062353905026,-15.9384976802746,-15.8494482586531,-15.8931770732224,-15.7000147229072,-15.5983740299818,-15.4174951797648,-14.9746159847811,-14.3423602108078,-15.0455930612789,-17.0366117578261,-18.4321523695961,NaN,NaN,NaN,NaN,NaN,NaN,NaN,NaN,NaN,NaN,NaN,NaN,NaN,NaN,NaN,NaN,NaN,NaN,NaN,NaN,NaN,NaN,NaN,NaN,NaN,NaN,NaN,NaN,NaN,NaN,NaN,NaN,NaN,NaN,NaN,NaN,NaN,NaN,NaN,NaN,NaN,NaN,NaN,NaN,NaN,NaN,NaN,NaN,-18.3980285890653,-18.9140033772778,-19.665986531368,NaN,-19.7544803269177,-20.1505262546881,-19.7596073431552,NaN,-19.313522786515,-19.3288007304843,NaN,-18.8840047559859,-19.1383623492292,NaN,NaN,NaN,NaN,NaN,NaN,NaN,NaN,NaN,NaN,NaN,NaN,NaN,NaN,NaN,NaN,NaN
-20.1723418959656,-21.3444923189898,-21.3772081502102,-20.7528027635202,-20.4510762582695,-20.1865709477381,-19.5688782091239,-19.0986002918422,-18.6175702160047,-18.4357082523381,-18.0623888912908,-17.7884451109783,-17.6112894920624,-17.2939805135239,-17.2324406340535,-17.3102208864813,-17.6825782732478,-17.7487206464933,-17.5105767034962,-17.5958751423776,-17.7524937125459,-17.7891692312602,-17.7856394452604,-17.5726919240169,-17.6056315622303,-17.5968052840772,-17.5470119554039,-17.5118183523304,-17.5216326277941,-17.441878336411,-17.2930341770628,-17.2791099105056,-17.3049311143546,-17.2559218020722,-17.2670805779304,-17.3627149516687,-17.4725609141676,-17.5645310956102,-17.5792691588981,-17.6691591032917,-17.7269259492988,-17.7400385777196,-17.690632669542,-17.6695333363888,-17.6508281107693,-17.778671838456,-17.7519925136513,-17.7705334302249,-17.8585582887027,-17.8949081662226,-17.9053398181804,-17.7828973613766,-17.7122933498719,-17.3483613503508,-17.1438673579596,-17.0476847090349,-16.9782848690328,-16.9157996054554,-16.8085152073454,-16.7837930784289,-16.9158790343568,-17.0336971067029,-17.0976204890574,-17.1600517548486,-17.430858483737,-17.7592190535294,-18.0291440803604,-18.2437664913875,-18.3993731835608,-18.3765294269093,-18.296158793896,-18.0655882026903,-17.9392401791747,-17.5364478622633,-16.9213612012329,-16.3253927423974,-15.9466196116558,-15.6487081856263,-15.4111792992188,-15.4563775921355,-15.6272702905392,-15.5104807579409,-15.6209811343904,-15.268046328686,-15.4936359081404,-15.848464624505,-15.7853560608386,-15.8221855441707,-15.7649467198286,-15.6639115798049,-15.4250993617592,-14.9349942123671,-14.5091227937046,-15.1589625760191,-17.2832498985142,-18.1373104428412,NaN,NaN,NaN,NaN,NaN,NaN,NaN,NaN,NaN,NaN,NaN,NaN,NaN,NaN,NaN,NaN,NaN,NaN,NaN,NaN,NaN,NaN,NaN,NaN,NaN,NaN,NaN,NaN,NaN,NaN,NaN,NaN,NaN,NaN,NaN,NaN,NaN,NaN,NaN,NaN,NaN,NaN,NaN,NaN,NaN,NaN,NaN,NaN,NaN,NaN,-19.8485499262993,-20.0768864655179,NaN,-20.0227388261467,-19.8895485661165,-19.6463413925407,-19.5122488083607,-19.3461008339889,NaN,-19.0338083808573,-19.0693458250049,NaN,NaN,NaN,NaN,NaN,NaN,NaN,NaN,NaN,NaN,NaN,NaN,NaN,NaN,NaN,NaN,NaN
-20.1348380903536,-21.1945261111999,-21.1799936874579,-20.6770853686281,-20.3777419126018,-20.1850392366108,-19.4750378500339,-18.9426287971712,-18.5741348748653,-18.3523235737878,-18.0465680345137,-17.7872457604324,-17.5331756300283,-17.3239033161789,-17.216004419268,-17.3937812555203,-17.7310195416071,-17.7863947741195,-17.5268085178756,-17.5929232391144,-17.7914133197322,-17.8103438781487,-17.7791674221145,-17.4784831781441,-17.5164893238049,-17.4762183996933,-17.4429531741516,-17.4734641350951,-17.498291371313,-17.3542456125661,-17.2316487739466,-17.2855180528338,-17.2843580682004,-17.2712199504749,-17.236530432671,-17.4031082598729,-17.4833028431245,-17.5828323410846,-17.6028213924603,-17.6707753040532,-17.7406792281878,-17.745395452583,-17.7330108781239,-17.7071957833941,-17.7189159826257,-17.8128407239856,-17.795731574513,-17.8377968787256,-17.933188827728,-17.9182841852785,-17.9322849537227,-17.864307286666,-17.7792725949977,-17.4196898625149,-17.2026088415178,-17.0787896044874,-16.9846413874763,-16.8454354793608,-16.7763705356923,-16.7832204541068,-16.8473357520676,-16.941774820301,-17.019822094818,-17.1553533969907,-17.4361421699004,-17.7220501124306,-17.9622615045504,-18.1740256326419,-18.3788079323893,-18.3514246327516,-18.3341288901984,-18.1090682719794,-17.9715286845714,-17.6445738692242,-17.0659394581516,-16.3911709308514,-15.9899676056701,-15.7271009033523,-15.4340228390245,-15.4000787468349,-15.5750991672425,-15.4655994736641,-15.5143350244857,-15.3073872348656,-15.4324636467218,-15.9465757800659,-15.7775200363119,-15.8265321252442,-15.8716190658295,-15.7377899333146,-15.4280863411721,-14.9893838906615,-14.8596355244124,-16.0622153765063,-18.5033264659152,-19.5971578988973,NaN,NaN,NaN,NaN,NaN,NaN,NaN,NaN,NaN,NaN,NaN,NaN,NaN,NaN,NaN,NaN,NaN,NaN,NaN,NaN,NaN,NaN,NaN,NaN,NaN,NaN,NaN,NaN,NaN,NaN,NaN,NaN,NaN,NaN,NaN,NaN,NaN,NaN,NaN,NaN,NaN,NaN,NaN,NaN,NaN,NaN,NaN,NaN,NaN,NaN,NaN,-20.2530696287149,-20.1509496693772,-19.8130750580323,-19.930327214069,-19.6208195160973,-19.7456672898865,-19.5451700711038,NaN,-18.9246038162009,-18.8758377998944,-18.776247448422,NaN,NaN,NaN,NaN,NaN,NaN,NaN,NaN,NaN,NaN,NaN,NaN,NaN,NaN,NaN,NaN
-19.9972007317059,-21.0883977429201,-20.9642050896177,-20.5698184313825,-20.3310460865201,-20.1016700494785,-19.3982601328797,-18.7823638652577,-18.4515775946326,-18.2382908199283,-18.0083836646483,-17.7677908761092,-17.5525670278718,-17.3335249350462,-17.285752404351,-17.493951019241,-17.7454122195293,-17.7196069743423,-17.5218168142301,-17.6150016281817,-17.7745464936628,-17.7644693129111,-17.6804565163939,-17.366788909429,-17.3916300622571,-17.3834423195469,-17.3877820761163,-17.4468793633251,-17.4485450853821,-17.3031622378654,-17.2341426718853,-17.2958245447599,-17.3126301797941,-17.319211797662,-17.3048621882671,-17.4785404281582,-17.6086980850884,-17.6878830277175,-17.6408931795657,-17.6629993095365,-17.7369363417561,-17.8089393049789,-17.8240043100312,-17.7255213423123,-17.7405585623235,-17.8647108615812,-17.8433902855913,-17.9017503929736,-17.9785638944998,-17.9833821662078,-17.9240603555418,-17.9081534813448,-17.8306466490084,-17.4203143481994,-17.2569071394637,-17.1265141095201,-17.0075990524754,-16.8789527462694,-16.9363401965649,-16.9127220788431,-16.9678045038742,-17.0295776826636,-17.1070918203071,-17.2160694559509,-17.4984080850352,-17.7749779102775,-17.9201716321786,-18.1134680001912,-18.3131189832901,-18.325832321976,-18.3327635510199,-18.1270220906685,-17.9893646889191,-17.6874737860327,-17.1667486023215,-16.4941993997427,-16.0403101480142,-15.7230154223851,-15.3580142820579,-15.3769348058688,-15.6066171460677,-15.5151874392971,-15.5163417389929,-15.2498408774704,-15.3878120545019,-15.7773670611222,-15.7774411615535,-15.7408705895908,-15.7558776008384,-15.7190666723976,-15.4882318416725,-15.1601294560284,-15.1837110107062,-16.270371702618,-18.4605100230351,NaN,NaN,NaN,NaN,NaN,NaN,NaN,NaN,NaN,NaN,NaN,NaN,NaN,NaN,NaN,NaN,NaN,NaN,NaN,NaN,NaN,NaN,NaN,NaN,NaN,NaN,NaN,NaN,NaN,NaN,NaN,NaN,NaN,NaN,NaN,NaN,NaN,NaN,NaN,NaN,NaN,NaN,NaN,NaN,NaN,NaN,NaN,NaN,NaN,NaN,NaN,NaN,NaN,-20.1826678057471,-20.1836909005718,NaN,-19.7957707955382,NaN,-19.3355139775941,-19.1201917020152,-19.147859115874,-18.9485793083879,-18.8360946845968,NaN,NaN,NaN,NaN,NaN,NaN,NaN,NaN,NaN,NaN,NaN,NaN,NaN,NaN,NaN,NaN
-19.9664782201912,-20.9858388165522,-20.9096276759942,-20.5349911411805,-20.3067307475377,-20.0307766701609,-19.3556512082928,-18.7641446558172,-18.3784391924781,-18.1799411878957,-17.996817081006,-17.829995195221,-17.5971404018459,-17.3549163165117,-17.4170935028865,-17.5511388132987,-17.6796900435373,-17.6698321310577,-17.4951231481442,-17.5763041791898,-17.7046177499507,-17.6765498325853,-17.6208578943866,-17.3295362758174,-17.3084781800282,-17.3116208666448,-17.288444238517,-17.3885293814048,-17.3809040196568,-17.2175060303016,-17.1878251260954,-17.3088684041329,-17.3382659171129,-17.3240685593001,-17.3607104151249,-17.5383798060606,-17.6800365817722,-17.7679545196514,-17.6645549049229,-17.6895104206426,-17.7784226187471,-17.8597622996626,-17.8598218572013,-17.7349730417295,-17.8060050447572,-17.9268586060736,-17.9062152778935,-17.9442827342634,-17.9861898875321,-18.0807392309293,-18.0208642779917,-17.9819632136783,-17.8226932834872,-17.5016918570251,-17.2770407296663,-17.1391604298622,-17.0390895736111,-16.911234927778,-16.8960874534517,-16.8887249587088,-16.9101724508557,-16.9708754767527,-17.089467902363,-17.2309606628564,-17.4925159972974,-17.7678574124569,-17.9202386817501,-18.0422815957833,-18.2572724864582,-18.2916087289308,-18.2648263874073,-18.0789020048129,-17.9534590345643,-17.6975554046314,-17.2130355901098,-16.5414201745675,-16.0265112224585,-15.7426179868984,-15.3422706219407,-15.1914246843495,-15.4383601602025,-15.5700576971138,-15.6171158347487,-15.2857499463276,-15.3311865829725,-15.6561303108131,-15.6968760411396,-15.6104223514175,-15.6964355763917,-15.5536080355624,-15.2953019975261,-14.9908329551857,-15.4385315880447,-16.8278696021737,-18.7216709346556,NaN,NaN,NaN,NaN,NaN,NaN,NaN,NaN,NaN,NaN,NaN,NaN,NaN,NaN,NaN,NaN,NaN,NaN,NaN,NaN,NaN,NaN,NaN,NaN,NaN,NaN,NaN,NaN,NaN,NaN,NaN,NaN,NaN,NaN,NaN,NaN,NaN,NaN,NaN,NaN,NaN,NaN,NaN,NaN,NaN,NaN,NaN,NaN,NaN,-19.2536397936657,-19.4527645888725,-19.6652884501914,-19.8764648890076,-20.2149307942366,-19.9767858218897,NaN,-19.6982331546716,NaN,-19.3210698829098,NaN,NaN,-19.031749867894,-18.7847056542832,NaN,NaN,NaN,NaN,NaN,-18.4949731611493,-18.471005069137,-18.1968857325068,NaN,NaN,NaN,NaN,NaN,NaN,NaN,NaN
-19.9333773323874,-20.8978326201782,-20.8772676415375,-20.4673410223569,-20.2332209423384,-19.9979723729772,-19.3580488657798,-18.8289729440245,-18.3638924641695,-18.1503826230816,-17.9769260187393,-17.8720458304979,-17.6663724251854,-17.430625630611,-17.5371318216673,-17.6185869861101,-17.6248008010324,-17.657016066188,-17.5160298764533,-17.5889784899235,-17.7056691896013,-17.6166526744497,-17.6033951583926,-17.2588750677477,-17.2378157597782,-17.2710901591834,-17.2430198429254,-17.3397324010628,-17.3260277069437,-17.1674974218933,-17.215445711187,-17.314870957838,-17.3805215522547,-17.3787892944247,-17.4663235984847,-17.6301142968626,-17.7922712786867,-17.8167793893497,-17.7438630034539,-17.800747871925,-17.84338685006,-17.8562173900389,-17.8674291217984,-17.7843864260436,-17.8257714937212,-17.9162477115259,-17.9556977462034,-18.0201131788444,-17.9986957776434,-18.0788976557416,-18.0242164104498,-17.9256860311862,-17.7838296947155,-17.5259557814048,-17.3457184268058,-17.2098934625558,-17.036492416387,-16.9651947638748,-16.9437643781421,-16.9241250807571,-16.9396609291014,-17.0359054955588,-17.1687782361953,-17.2909289605313,-17.561066937155,-17.7553403064414,-17.9273144826307,-18.0215722233324,-18.1904375430545,-18.2275985971829,-18.2620845692284,-18.0990679765201,-17.9430019477562,-17.6612408670085,-17.2222805841233,-16.5516303649113,-16.0200248663101,-15.6995274579384,-15.343483574866,-15.1941322752513,-15.4114693488849,-15.4985893184989,-15.6245345288912,-15.3456129035964,-15.3276991555335,-15.5769184753142,-15.5325737899605,-15.3433413687685,-15.5482844959349,-15.4208229435536,-15.2710333773135,-15.0925625858936,-15.5341516373185,-17.187227597548,-18.6033183219953,NaN,NaN,NaN,NaN,NaN,NaN,NaN,NaN,NaN,NaN,NaN,NaN,NaN,NaN,NaN,NaN,NaN,NaN,NaN,NaN,NaN,NaN,NaN,NaN,NaN,NaN,NaN,NaN,NaN,NaN,NaN,NaN,NaN,NaN,NaN,NaN,NaN,NaN,NaN,NaN,NaN,NaN,NaN,NaN,NaN,NaN,NaN,NaN,NaN,-18.9554128758416,NaN,NaN,NaN,-20.2850971084057,NaN,NaN,-19.5949113221255,NaN,-19.0955471990471,-19.1122856339834,-18.935027085218,-18.8757670504717,-18.7058356838448,NaN,NaN,NaN,NaN,NaN,-18.5069257028845,NaN,NaN,NaN,NaN,NaN,NaN,NaN,NaN,NaN,NaN
-19.9107514318964,-20.8328438233689,-20.7135280805817,-20.3882221158935,-20.20423446679,-19.9367942164524,-19.2763532504143,-18.8380569328276,-18.3059266250528,-18.1465216646363,-17.9654371812057,-17.8939927497544,-17.7187926720665,-17.5686660851916,-17.6377643345317,-17.6502916985255,-17.6492358654788,-17.6866292643118,-17.5510450823204,-17.5807382337212,-17.6756052856626,-17.5976235630927,-17.5362004098739,-17.2271358586033,-17.2308106630052,-17.2715966112333,-17.2624589646048,-17.3340451270699,-17.3004804194646,-17.1723568816495,-17.2440482825929,-17.3172994328411,-17.3217293828557,-17.3935462853231,-17.5593720972261,-17.675659866039,-17.8577410364934,-17.871225365197,-17.8356479293064,-17.8413742926305,-17.8591131160027,-17.8484174346407,-17.8366688965463,-17.7752396948721,-17.8199753674436,-17.9069569262705,-18.0035588448181,-18.0254011714861,-18.0054243654081,-18.0694543645639,-18.0120041500977,-17.940895649636,-17.7999931088909,-17.5780721763329,-17.4154264426181,-17.2408528334831,-17.1021758804193,-16.9127599560452,-16.9110997051536,-16.9792100914356,-17.0263403713155,-17.1253442704149,-17.2109812189145,-17.3488815173544,-17.5821979732131,-17.7647897721998,-17.9690097723161,-18.0579161991424,-18.1810161585906,-18.2045577653471,-18.2829728691189,-18.1733893362324,-17.9891117365931,-17.6099648389049,-17.1575974027637,-16.5085869062024,-15.9743471573008,-15.6824039759604,-15.3299057518097,-15.2308550903473,-15.4567457810018,-15.4812263870855,-15.521197506731,-15.3932175424999,-15.2386010840143,-15.4132155383144,-15.3421715391451,-15.2509172478649,-15.4399885729616,-15.2387123965992,-15.2899440512787,-15.111001694847,-15.7598938197551,-18.1472025590397,-19.9494495362097,NaN,NaN,NaN,NaN,NaN,NaN,NaN,NaN,NaN,NaN,NaN,NaN,NaN,NaN,NaN,NaN,NaN,NaN,NaN,NaN,NaN,NaN,NaN,NaN,NaN,NaN,NaN,NaN,NaN,NaN,NaN,NaN,NaN,NaN,NaN,NaN,NaN,NaN,NaN,NaN,NaN,NaN,NaN,NaN,NaN,NaN,NaN,NaN,NaN,-18.5553510296312,-18.3655917547757,NaN,NaN,-20.2845585900175,NaN,-19.3781911506797,-19.4737954375769,NaN,NaN,-18.9632985877323,-18.9511658842378,-18.9260106453018,-18.6985738359206,NaN,NaN,NaN,NaN,-18.1609140648589,-18.2153105680804,NaN,NaN,NaN,NaN,NaN,NaN,NaN,NaN,NaN,NaN
-19.9013168988824,-20.7414273143957,-20.5837648144324,-20.2663899171681,-20.079221210712,-19.8054979043977,-19.2364492986519,-18.8497361607938,-18.3756179471953,-18.173407321932,-18.0968429811258,-17.9571009115262,-17.7926700278379,-17.6322381522836,-17.7054826423627,-17.6425481031509,-17.6031067678438,-17.6280151043597,-17.4998405248872,-17.4856181993364,-17.6012974779516,-17.5768840165683,-17.4442510012516,-17.2147338491444,-17.1788009406752,-17.2892767178544,-17.3180646107598,-17.3426147697075,-17.2892257922916,-17.1940497782879,-17.2478342401005,-17.2577140081552,-17.213430608612,-17.3371452044643,-17.5898856061881,-17.7192159436951,-17.9236153889437,-17.9175949023683,-17.8786989870212,-17.8349819901784,-17.8199468904593,-17.8116726769732,-17.7722601034331,-17.7441153929141,-17.8336254592608,-17.9371094612055,-18.0401324948643,-18.1106079150193,-18.0752225017391,-18.1228485378471,-18.0332749352922,-17.9736390722986,-17.7866688401132,-17.5635378714239,-17.4467131660394,-17.2919487160357,-17.1977610625081,-16.9952585391068,-16.8949938175169,-16.9771671625771,-17.0502191348148,-17.0973511433463,-17.2359567533849,-17.3996297327799,-17.6019916164502,-17.7911336351011,-18.0477133539878,-18.0941742122594,-18.1664729125507,-18.2017154729808,-18.3422801126457,-18.267139930811,-18.0299590724003,-17.556860495211,-17.0863977780702,-16.4034459655502,-15.8954447536773,-15.623822232766,-15.2991334531195,-15.2380250998081,-15.4827778364254,-15.3807665350499,-15.4139026152056,-15.383465136688,-15.2397377058069,-15.2811558765483,-15.2148425190975,-15.2773409179249,-15.5294572793762,-15.3074891404327,-15.5928571291313,-15.4735662834397,-16.1240740366508,-18.1680944593048,NaN,NaN,NaN,NaN,NaN,NaN,NaN,NaN,NaN,NaN,NaN,NaN,NaN,NaN,NaN,NaN,NaN,NaN,NaN,NaN,NaN,NaN,NaN,NaN,NaN,NaN,NaN,NaN,NaN,NaN,NaN,NaN,NaN,NaN,NaN,NaN,NaN,NaN,NaN,NaN,NaN,NaN,NaN,NaN,NaN,NaN,NaN,NaN,NaN,NaN,NaN,-18.3173730090834,NaN,NaN,-20.133858042141,NaN,-19.4793835428085,NaN,NaN,NaN,-19.1941124186023,-19.0811978304192,NaN,-18.7866110655893,NaN,NaN,NaN,-17.9322240892984,-18.0001458780852,NaN,NaN,NaN,NaN,NaN,NaN,NaN,NaN,NaN,NaN,NaN
-19.8259143779627,-20.6623677931556,-20.4864800406425,-20.1644850826626,-19.9827647439626,-19.642473084278,-19.2072652145459,-18.8616338551434,-18.4527883098977,-18.2365610391716,-18.0418668522116,-17.9303738266662,-17.8163696330947,-17.7244862794133,-17.7724584150105,-17.6394358026521,-17.5618241524547,-17.6033911392313,-17.4513967122194,-17.4549985400165,-17.5411797784393,-17.5279125122303,-17.4576878062513,-17.2076057970474,-17.1553968813711,-17.2716974619088,-17.2885757394939,-17.3475794928214,-17.2645255633611,-17.2229045974801,-17.2866424695037,-17.2630846704723,-17.2087360023762,-17.3901803905699,-17.5916192034965,-17.7499634266105,-17.9454253790697,-17.9449317218734,-17.8970559278295,-17.831013513288,-17.7831901866983,-17.8587162196062,-17.7831526426905,-17.7474782615947,-17.8528508767786,-17.9975262502622,-18.0728047460149,-18.1216288140266,-18.0782333749324,-18.0880986174039,-18.0376055553528,-17.9933366812643,-17.8114941389138,-17.6009192197953,-17.4758743938375,-17.2725928187936,-17.246024653106,-16.9712547438962,-16.94313545737,-16.9704557456459,-17.0889071834058,-17.176478253126,-17.3382842328336,-17.5633320904518,-17.742088120391,-17.9144482352555,-18.1112251040909,-18.2080081323043,-18.2707029843603,-18.294015717264,-18.3752607832496,-18.2500380994879,-17.9922201071819,-17.5015053999174,-16.9744129957898,-16.3352195113498,-15.8039472657463,-15.5490940128477,-15.1950541453224,-15.2342666368019,-15.4655525091071,-15.4311854696081,-15.4406304032858,-15.4809040171455,-15.1899922129977,-15.0258987241477,-15.1431659877014,-15.5455973099798,-15.8321505601786,-15.4856285189703,-15.9227964405298,-15.6004368180139,-16.2312892077995,-17.9093648406825,NaN,NaN,NaN,NaN,NaN,NaN,NaN,NaN,NaN,NaN,NaN,NaN,NaN,NaN,NaN,NaN,NaN,NaN,NaN,NaN,NaN,NaN,NaN,NaN,NaN,NaN,NaN,NaN,NaN,NaN,NaN,NaN,NaN,NaN,NaN,NaN,NaN,NaN,NaN,NaN,NaN,NaN,NaN,NaN,NaN,NaN,NaN,NaN,NaN,NaN,NaN,NaN,NaN,NaN,-20.1760832097846,NaN,-19.411398418232,NaN,NaN,-19.3765817861434,-19.0849200860949,-18.9915634855858,-18.7771487678771,-18.7188217737238,-18.5247787541555,NaN,NaN,-17.9610621714433,NaN,NaN,NaN,NaN,NaN,NaN,NaN,NaN,NaN,NaN,NaN,NaN
-19.7354482453065,-20.5589509416462,-20.4233589542211,-20.1199520479391,-19.8604078875372,-19.6033592136755,-19.2153664221635,-18.8735448892057,-18.5689835419908,-18.3425456973525,-18.0611310131395,-17.9146894763117,-17.9430948193173,-17.8224923188507,-17.8548384171609,-17.6298472549573,-17.6143738249307,-17.5828049468932,-17.4369523229811,-17.4689248166931,-17.5147170768734,-17.4822455982975,-17.4239458497456,-17.1641811882814,-17.0658579719799,-17.209464222299,-17.2601832925465,-17.3353831600723,-17.2807629715289,-17.2392339686432,-17.3299635563906,-17.3228393077111,-17.2560823423776,-17.3780247298127,-17.5724068223165,-17.7044252244285,-17.9167245821573,-17.9452182425706,-17.8744558262566,-17.8604552941709,-17.8191207842696,-17.9092877378639,-17.8330261738033,-17.8197375045962,-17.9107671126353,-18.0412632096122,-18.0774249115609,-18.1610141158118,-18.1514498335994,-18.1556020618264,-18.0483858584291,-17.9936244539942,-17.8319393197135,-17.5986359525155,-17.494157751044,-17.3978720609741,-17.3018576901837,-17.1485002223388,-17.0102451060108,-16.975275487762,-17.2024556663261,-17.2401977243235,-17.3957627046555,-17.6832837996706,-17.8657049628629,-18.0132806183672,-18.1769737809781,-18.2601039626286,-18.3611416839124,-18.3766125885795,-18.3732037782584,-18.2090613931438,-17.9651432924981,-17.450753405722,-16.9075608661088,-16.253481146874,-15.7125484750844,-15.4789792985556,-15.1157576818484,-15.1736923717496,-15.374341537858,-15.3969120766494,-15.3601061576442,-15.4165761844107,-15.1294947154744,-14.9406423671276,-15.159321747816,-15.5949876642374,-15.8527612499536,-15.7382176614187,-16.4001701403928,-16.3320636948926,-17.8367813120486,-19.6927018281147,NaN,NaN,NaN,NaN,NaN,NaN,NaN,NaN,NaN,NaN,NaN,NaN,NaN,NaN,NaN,NaN,NaN,NaN,NaN,NaN,NaN,NaN,NaN,NaN,NaN,NaN,NaN,NaN,NaN,NaN,NaN,NaN,NaN,NaN,NaN,NaN,NaN,NaN,NaN,NaN,NaN,NaN,NaN,NaN,NaN,NaN,NaN,NaN,NaN,NaN,NaN,NaN,NaN,NaN,-19.9347038303341,NaN,-19.4918219060002,-19.4649694681592,NaN,-19.1750491256699,-19.3536525930608,-19.1425939993764,-19.8011018214218,-19.0138184724385,-18.6262756937026,NaN,NaN,-18.1112714197948,NaN,NaN,NaN,NaN,NaN,NaN,NaN,NaN,NaN,NaN,NaN,NaN
-19.6626959702691,-20.419213158635,-20.3498538165759,-20.006993766833,-19.7307897404866,-19.4845666270975,-19.1399065939832,-18.8827205134594,-18.6672149269478,-18.4604140995949,-18.131954110656,-18.0126192317285,-18.0573210310069,-17.8772355177275,-17.9314012838237,-17.6906340248425,-17.6846167860836,-17.5501640433259,-17.4809539105381,-17.5388145626242,-17.5448088029074,-17.4805894808055,-17.4092432094208,-17.1680824983599,-17.0746907843248,-17.2055187973647,-17.2745319893419,-17.3927087133915,-17.3211988590654,-17.3115057006983,-17.400880372952,-17.3796903817546,-17.2564015083208,-17.3281055253345,-17.5366700504186,-17.6395766666837,-17.8614843391621,-17.9674945768817,-17.9012879096922,-17.8228646508427,-17.8094679606545,-17.8979522164564,-17.8522462787487,-17.8315090548081,-17.8926713472811,-18.0080116117248,-18.0830692803593,-18.1681706250496,-18.1559550083579,-18.1630141425188,-18.1093178723229,-18.0378461915111,-17.8345080872579,-17.6288860252885,-17.459613934337,-17.3515998080799,-17.2873386880715,-17.1495565741681,-17.1097860249053,-17.0740282347292,-17.2559215591133,-17.3239083024186,-17.5119850849233,-17.8147434232313,-18.0254423694856,-18.1101356356837,-18.2491889942203,-18.3999566679317,-18.436963570789,-18.4319788185694,-18.4146138549866,-18.2013531600244,-17.8928565155037,-17.3941899395058,-16.807146850421,-16.1808205970859,-15.683206030065,-15.4370482183506,-15.0750514530114,-15.1135991984611,-15.2478073725826,-15.300380626087,-15.3728533967093,-15.3568148678849,-15.2140939744059,-14.9781380703415,-15.3771947381588,-15.7098516677659,-16.0016342063509,-16.0313734849178,-16.710387651107,-16.4959726414055,-18.0783382025461,NaN,NaN,NaN,NaN,NaN,NaN,NaN,NaN,NaN,NaN,NaN,NaN,NaN,NaN,NaN,NaN,NaN,NaN,NaN,NaN,NaN,NaN,NaN,NaN,NaN,NaN,NaN,NaN,NaN,NaN,NaN,NaN,NaN,NaN,NaN,NaN,NaN,NaN,NaN,NaN,NaN,NaN,NaN,NaN,NaN,NaN,NaN,NaN,NaN,NaN,NaN,NaN,NaN,NaN,NaN,-19.9907960748596,-19.6297245129198,-19.5750238194905,-19.5553899349007,NaN,-19.1419523638853,-19.3509978055649,NaN,NaN,-19.0163726419296,-18.753996504481,NaN,-18.247466323839,-18.0425889083853,NaN,NaN,NaN,NaN,NaN,NaN,NaN,NaN,NaN,NaN,NaN,NaN
-19.6024011843996,-20.2839372712997,-20.2689667742147,-19.9127224694255,-19.6048135083542,-19.3198525051453,-19.054713475446,-18.8032130719846,-18.7135236426328,-18.5941017428635,-18.2356911874147,-18.0819314597734,-18.1571798854333,-17.9101500632356,-17.9999752027589,-17.7695072586405,-17.8009099157055,-17.6114001133345,-17.5387483727857,-17.6173901723258,-17.5820799761302,-17.4521735492987,-17.4128440835835,-17.1742388241517,-17.0860638490934,-17.2137311580912,-17.2764783013952,-17.418602523966,-17.3241087642207,-17.3823563654047,-17.4537297070147,-17.3757922637495,-17.2145486755828,-17.318123059275,-17.5136271935909,-17.6043548994308,-17.8043361917532,-17.957598154015,-17.876554492209,-17.8025365609331,-17.7871917968815,-17.838415899971,-17.828591375756,-17.8567713033609,-17.9374112183139,-18.0576855016891,-18.1254052543481,-18.1630386815468,-18.1901897835286,-18.154554688431,-18.1216309694969,-18.0133292104207,-17.8819603222345,-17.6576808572898,-17.5360292440543,-17.4469099277835,-17.41781274446,-17.3057951336381,-17.2139462803223,-17.2002415663189,-17.4278911828162,-17.5580548566748,-17.6740173965962,-17.950923559012,-18.0699391470432,-18.2576028465489,-18.3759497638982,-18.4606368308447,-18.4744063902244,-18.4615696170871,-18.4295529768002,-18.1712664042348,-17.8277541051218,-17.3286965438886,-16.7928802586285,-16.1259080300322,-15.6795017767961,-15.4653472513781,-15.1373718539122,-15.0271967978651,-15.2630953784251,-15.3677560737153,-15.3867261023977,-15.2767170884865,-15.2653889159378,-15.1864347044866,-15.7208447879758,-15.8134694909195,-16.1048033636932,-16.6337837167341,-17.5672893408637,-17.6559466722827,-19.4385909349856,NaN,NaN,NaN,NaN,NaN,NaN,NaN,NaN,NaN,NaN,NaN,NaN,NaN,NaN,NaN,NaN,NaN,NaN,NaN,NaN,NaN,NaN,NaN,NaN,NaN,NaN,NaN,NaN,NaN,NaN,NaN,NaN,NaN,NaN,NaN,NaN,NaN,NaN,NaN,NaN,NaN,NaN,NaN,NaN,NaN,NaN,NaN,NaN,NaN,NaN,NaN,NaN,NaN,NaN,NaN,NaN,-19.3625697576636,-19.4046351061672,-19.2651371845338,NaN,-19.3912848999761,-19.4491580730154,NaN,NaN,NaN,-18.6611184003494,NaN,-17.9290449492518,-18.1200581328452,NaN,NaN,NaN,NaN,NaN,NaN,NaN,NaN,NaN,NaN,NaN,NaN
-19.5182949818403,-20.1856525007726,-20.178316609664,-19.8112976069455,-19.4483093613541,-19.162213904387,-19.0164963762894,-18.8278989235627,-18.8136064316779,-18.7680158675765,-18.350401338246,-18.1606536755882,-18.1743310138839,-17.9722617792555,-18.0575222927426,-17.862115751304,-17.8968908908664,-17.7267156471521,-17.688783706941,-17.7113112135958,-17.6004180173281,-17.4950857656474,-17.422498327534,-17.168995231048,-17.0242163063906,-17.2081694366311,-17.3358266868108,-17.443666218327,-17.303531658322,-17.3553366798121,-17.4281525566989,-17.3276384222382,-17.2481263211503,-17.3578732864449,-17.5339122503602,-17.6611614078688,-17.7700914999564,-17.8814552416764,-17.8336986850106,-17.7716826537075,-17.7545197443702,-17.7751000222815,-17.7792967756149,-17.8451620285591,-17.9167813424485,-18.057433162164,-18.1435384276518,-18.1782291713566,-18.1578739843441,-18.1187999234818,-18.1643818793671,-18.0650028130888,-17.9188657408125,-17.7493426991413,-17.5973338092845,-17.4959097073252,-17.463300567115,-17.3306832926223,-17.2820879494814,-17.2500880520689,-17.4273653996028,-17.626539549728,-17.7534732239987,-17.9842365689435,-18.1484714687024,-18.3850617584181,-18.4401137000037,-18.5354202878621,-18.5174394629008,-18.4590109824607,-18.3770789335164,-18.1183503473554,-17.7231718407563,-17.179947251744,-16.6623591584324,-16.0332230653118,-15.6001425744959,-15.4888749381841,-15.1398262939338,-15.0332667499317,-15.2243191305971,-15.3970885973284,-15.2874680035687,-15.1999277251971,-15.4008292457733,-15.4805926009447,-15.9795258977587,-16.1213033424458,-16.271084181984,-16.6021772260355,-17.5608828387121,NaN,NaN,NaN,NaN,NaN,NaN,NaN,NaN,NaN,NaN,NaN,NaN,NaN,NaN,NaN,NaN,NaN,NaN,NaN,NaN,NaN,NaN,NaN,NaN,NaN,NaN,NaN,NaN,NaN,NaN,NaN,NaN,NaN,NaN,NaN,NaN,NaN,NaN,NaN,NaN,NaN,NaN,NaN,NaN,NaN,NaN,NaN,NaN,NaN,NaN,-18.4317058950137,-18.0628833273853,NaN,NaN,NaN,NaN,NaN,NaN,NaN,-19.3860142915001,-19.3088480010405,NaN,NaN,-19.230165601397,NaN,NaN,NaN,-18.5962335558916,-18.387571148033,-18.0135592951079,-17.9778542257971,NaN,NaN,NaN,NaN,NaN,NaN,NaN,NaN,NaN,NaN,NaN,NaN
-19.4261479411435,-20.141667780982,-20.0637475581842,-19.6869607928744,-19.354849855185,-18.9902607024198,-19.0296967581886,-18.8761351608798,-18.8679655273506,-18.8739333082932,-18.4459561567156,-18.240807816684,-18.2715919595903,-18.0347212361319,-18.190564298973,-17.961228564618,-17.9106639904568,-17.7956517661595,-17.7364736987594,-17.7657780272402,-17.6978551523998,-17.5423176874793,-17.3797631375507,-17.1877749689405,-17.0466485922061,-17.2420003696316,-17.375425454005,-17.478029800683,-17.3300275937877,-17.3252739565852,-17.3572696413915,-17.3234580323517,-17.3374908333871,-17.3983633329334,-17.542816704122,-17.6967138022871,-17.7339939070853,-17.8161294404043,-17.7614806221026,-17.7405319119135,-17.7293660889006,-17.7462519720268,-17.7508159343317,-17.8088738243594,-17.9188846264354,-18.0141991986644,-18.1001723217171,-18.1381394248564,-18.1906541655654,-18.2047417312715,-18.1716695485592,-18.0817599329777,-17.9950284873362,-17.8278861164093,-17.6294801841024,-17.5044508671433,-17.4626076197408,-17.4853116371655,-17.437525044473,-17.4524741237356,-17.5627882661204,-17.7224503982559,-17.8239214173547,-18.0421244063614,-18.1894070778886,-18.446578766215,-18.515533414094,-18.5533242860035,-18.5356351626237,-18.4024915162137,-18.3133602662283,-18.0263451755266,-17.6410138922749,-17.0938318742029,-16.5512859509691,-16.0232003916399,-15.6305174947595,-15.5485904408751,-15.2582520094485,-15.0795314519746,-15.1913255538983,-15.3277127997254,-15.1760173208004,-15.004119780571,-15.5201179951209,-15.6552777071881,-16.2669744755191,-16.5278304698117,-16.8688190239781,-16.9540309743873,-17.6752210691025,NaN,NaN,NaN,NaN,NaN,NaN,NaN,NaN,NaN,NaN,NaN,NaN,NaN,NaN,NaN,NaN,NaN,NaN,NaN,NaN,NaN,NaN,NaN,NaN,NaN,NaN,NaN,NaN,NaN,NaN,NaN,NaN,NaN,NaN,NaN,NaN,NaN,NaN,NaN,NaN,NaN,NaN,NaN,NaN,NaN,NaN,NaN,NaN,NaN,NaN,NaN,-17.961791057811,NaN,NaN,NaN,NaN,NaN,NaN,NaN,NaN,-19.8882743260928,NaN,NaN,-19.2892029369495,-19.4454715967115,NaN,NaN,-18.508410760068,-18.3026885323182,-18.0509135143449,-17.9580375234615,-18.0846950586045,NaN,NaN,NaN,NaN,NaN,NaN,NaN,NaN,NaN,NaN,NaN
-19.4088808748614,-20.0909670590353,-19.9681812291611,-19.6109400989324,-19.2481412356977,-18.8644377795792,-19.0895051487341,-18.9905541586923,-18.9091878355253,-18.9482049677787,-18.5013514354041,-18.3211551813228,-18.3562890511676,-18.0611385772277,-18.2279040696774,-18.0140301121078,-17.9213092862702,-17.8024704012876,-17.7942047518258,-17.9533378265161,-17.7730688027656,-17.6277883955513,-17.4098320598341,-17.2205830833658,-17.0780272010613,-17.2476961739942,-17.4219652740283,-17.5404248315534,-17.3617914433727,-17.2912987772733,-17.3191915312478,-17.3778007548707,-17.392121931564,-17.4326375113556,-17.5249025940169,-17.6956234973738,-17.7303065987942,-17.7473735400856,-17.7063338470053,-17.6871263771676,-17.6947078969966,-17.7290057165363,-17.763308501897,-17.8066618463781,-17.8978781930776,-18.0447440833948,-18.0958373399152,-18.1680376966488,-18.2400391369812,-18.2806362249702,-18.1945419971581,-18.1659856422301,-18.0710133524727,-17.9031545515957,-17.6818765850006,-17.5200586202834,-17.5115536202879,-17.5371461040589,-17.5203902695826,-17.5116397512977,-17.6172261478834,-17.7641817571892,-17.8786419161847,-18.0925455851234,-18.2799908749304,-18.4484079952836,-18.5852169699137,-18.584207139201,-18.5762597112919,-18.3658891828572,-18.221956988193,-17.9087655140987,-17.5023056527619,-16.9734718970788,-16.43726873268,-15.9743751864099,-15.6042550516985,-15.5407765314813,-15.3180660154997,-15.1638087966104,-15.2386786339516,-15.2331387739727,-15.1581469020445,-14.9173847557075,-15.594437510427,-15.7770709357973,-16.6292552662197,-17.2526603189341,-17.5806765436832,-17.733699634602,-18.4713603794797,NaN,NaN,NaN,NaN,NaN,NaN,NaN,NaN,NaN,NaN,NaN,NaN,NaN,NaN,NaN,NaN,NaN,NaN,NaN,NaN,NaN,NaN,NaN,NaN,NaN,NaN,NaN,NaN,NaN,NaN,NaN,NaN,NaN,NaN,NaN,NaN,NaN,NaN,NaN,NaN,NaN,NaN,NaN,NaN,NaN,NaN,NaN,NaN,NaN,NaN,NaN,-17.8197626416081,NaN,NaN,NaN,NaN,NaN,NaN,NaN,NaN,-20.1259080445537,NaN,NaN,-19.3601946458309,-19.585044266514,NaN,NaN,-18.2609500184683,NaN,-17.8169615431497,-17.8001266552977,-17.7319900511089,-17.3388897768784,NaN,NaN,NaN,NaN,NaN,NaN,NaN,NaN,NaN,NaN
-19.322352355199,-19.997505477943,-19.9225005222033,-19.5296413587655,-19.1800005488761,-18.8388971824509,-19.1249498966848,-19.0938206676129,-18.9602023688319,-18.9650507339779,-18.5732782090429,-18.4651611653554,-18.4231308377564,-18.1971668359304,-18.2084866426617,-18.1077524252382,-17.9455659740248,-17.8748068299057,-17.9506198189537,-18.1127778021352,-17.9054033761563,-17.6562342078971,-17.405316336447,-17.2320723167517,-17.1505643543135,-17.2726711536452,-17.4817431321528,-17.5556413063969,-17.3880040372605,-17.2489666684835,-17.2804341114336,-17.3833258581855,-17.4814376647786,-17.4908779469413,-17.552974662065,-17.7058632729186,-17.7111403504804,-17.7139246041493,-17.6267565574097,-17.6787133857337,-17.7063662996895,-17.7509291081329,-17.7608060870891,-17.8430670703131,-17.916445286959,-18.0603223289072,-18.151302196821,-18.1783163311959,-18.2432019642762,-18.3028110812918,-18.2736527799144,-18.2045333613826,-18.0759060036412,-17.8640326851146,-17.6174559823721,-17.5087253687692,-17.51918695381,-17.5835635225861,-17.591848801225,-17.6504770712277,-17.6656993015558,-17.8834965956126,-18.038937653871,-18.2118866614737,-18.4269215297682,-18.5891200119956,-18.7051922542497,-18.6377890895491,-18.6291278235581,-18.3893011164685,-18.1770285025691,-17.7907097661961,-17.3855567642437,-16.8729771929005,-16.3772689388419,-15.9479350745316,-15.5768571069476,-15.640849318236,-15.4421069528955,-15.2327914827753,-15.3566239194124,-15.238209775458,-15.0715586246795,-14.9222939598019,-15.617402658505,-15.7215621211291,-16.8729166288597,-18.0195951742361,-18.4852362361875,-19.2211706295382,NaN,NaN,NaN,NaN,NaN,NaN,NaN,NaN,NaN,NaN,NaN,NaN,NaN,NaN,NaN,NaN,NaN,NaN,NaN,NaN,NaN,NaN,NaN,NaN,NaN,NaN,NaN,NaN,NaN,NaN,NaN,NaN,NaN,NaN,NaN,NaN,NaN,NaN,NaN,NaN,NaN,NaN,NaN,NaN,NaN,NaN,NaN,NaN,NaN,NaN,NaN,NaN,-17.8956211798479,-17.672600912511,-17.6100223189698,-17.4593357115215,-17.7270853754265,NaN,NaN,NaN,NaN,-20.0264228316482,NaN,NaN,NaN,-19.8608094940859,NaN,NaN,-18.2222620170665,NaN,-17.7545189998833,-17.7188720749247,-17.6332423356884,-17.4645449061289,NaN,NaN,NaN,NaN,NaN,NaN,NaN,NaN,NaN,NaN
-19.2087264153116,-19.9208600605649,-19.9109878837926,-19.4796654610553,-19.1985352067118,-18.9445923602204,-19.1699077502847,-19.0814788666338,-18.9922614905705,-18.8673260441651,-18.5914552306825,-18.5091075386665,-18.4654475559436,-18.2978925699813,-18.2616625463136,-18.1495643023805,-17.9978279436809,-17.9434238033359,-18.0251358239041,-18.1765716954749,-17.9466644682228,-17.6851771377627,-17.4490183891925,-17.2273652066137,-17.1622020956286,-17.3050310905565,-17.5013718451675,-17.5297795661527,-17.3556178899419,-17.2039493142885,-17.2753717198311,-17.3774577460665,-17.4750220219276,-17.5155909624076,-17.6233233997339,-17.7432611478287,-17.7015577400354,-17.670412862576,-17.5818362901752,-17.6606049250357,-17.689359637762,-17.8009766057241,-17.834498044482,-17.9495798218865,-17.9823999171524,-18.0843660080174,-18.1962256811264,-18.197443045838,-18.2599943817452,-18.331938698725,-18.3259518992442,-18.254028076895,-18.0825742885978,-17.8979901601161,-17.7250172689762,-17.6393722269148,-17.7076017981329,-17.7141089508611,-17.7331656836561,-17.7744722187494,-17.8539945934218,-18.0373121392748,-18.2041468079811,-18.3397754085836,-18.5761596060709,-18.7017667795985,-18.8083770271501,-18.7476563596351,-18.6607970881456,-18.3889047842164,-18.1095950806156,-17.6898279860409,-17.2147790718946,-16.7331895311349,-16.2626944818961,-15.8527144052578,-15.5904542499488,-15.5927949260073,-15.4925356236162,-15.3388642738743,-15.3936350279043,-15.4095958852579,-15.1371760011351,-14.9605992606143,-15.6110353593141,-15.9129304452094,-17.419754615975,-18.6957293402466,-19.1170707286863,NaN,NaN,NaN,NaN,NaN,NaN,NaN,NaN,NaN,NaN,NaN,NaN,NaN,NaN,NaN,NaN,NaN,NaN,NaN,NaN,NaN,NaN,NaN,NaN,NaN,NaN,NaN,NaN,NaN,NaN,NaN,NaN,NaN,NaN,NaN,NaN,NaN,NaN,NaN,NaN,NaN,NaN,NaN,NaN,NaN,NaN,NaN,NaN,NaN,NaN,NaN,NaN,NaN,-17.9242095208912,-17.7595582436251,-17.746044294716,NaN,-17.9919746963627,NaN,NaN,NaN,NaN,-19.7243029837317,NaN,NaN,NaN,-20.2237305429091,-20.8801239013305,NaN,-18.1954172970167,NaN,-17.7470070235807,NaN,-17.6258314385989,-17.4808823954288,NaN,NaN,NaN,NaN,NaN,NaN,NaN,NaN,NaN,NaN
-19.1574112009482,-19.8513042213914,-19.8287411804684,-19.3576932866606,-19.0680030627951,-18.9532183868541,-19.1823010565415,-19.0482389427964,-18.9774182280548,-18.8257840328401,-18.6170017645356,-18.5117099330523,-18.4777369748719,-18.4139557133929,-18.2539650035231,-18.1983504190389,-18.0230518065128,-17.9758647457303,-18.0409957130513,-18.1861360345667,-17.9812641290998,-17.7820413132719,-17.5063156078899,-17.2794201795216,-17.2262876482536,-17.3451073384381,-17.4801320124019,-17.4695201371991,-17.2843688162972,-17.1515507308865,-17.2474205618606,-17.3416833467295,-17.5059225787943,-17.5748110596573,-17.6712942521887,-17.7840305866653,-17.6640464209731,-17.5957594300414,-17.5649269148855,-17.655517638868,-17.7079001346374,-17.8413267895671,-17.8800814886315,-17.9823480788689,-18.0166802032779,-18.1076696301004,-18.2150261367457,-18.2299920695363,-18.3103115114633,-18.339507086435,-18.353273106997,-18.2652724300657,-18.058737951623,-17.9149007447035,-17.7594833484941,-17.7401594410452,-17.8170047474431,-17.8768086539648,-17.9012251201604,-17.9608889044549,-18.0647011599748,-18.2451620752176,-18.4142153372217,-18.5275351671821,-18.738449045032,-18.8815212414244,-18.9593446248385,-18.8625322924759,-18.7062745453881,-18.4056412733343,-18.0441701571178,-17.5717897809792,-17.124248604824,-16.6626315477528,-16.2115813121716,-15.8592626304163,-15.5698245828019,-15.5902131231724,-15.5584171901074,-15.465481898888,-15.3906992007446,-15.3758383625391,-15.2209723780248,-15.0527165922963,-15.6461813062464,-15.9670824731725,-17.7989572995719,-19.0111081299926,-19.0530668856307,NaN,NaN,NaN,NaN,NaN,NaN,NaN,NaN,NaN,NaN,NaN,NaN,NaN,NaN,NaN,NaN,NaN,NaN,NaN,NaN,NaN,NaN,NaN,NaN,NaN,NaN,NaN,NaN,NaN,NaN,NaN,NaN,NaN,NaN,NaN,NaN,NaN,NaN,NaN,NaN,NaN,NaN,NaN,NaN,NaN,NaN,NaN,NaN,NaN,NaN,NaN,NaN,NaN,-17.994437843968,NaN,NaN,NaN,-18.5232093920883,-18.8859180566985,NaN,NaN,NaN,-19.0707778625018,NaN,NaN,NaN,NaN,-21.3355887091849,NaN,-18.2667195980483,NaN,-17.8663138712001,NaN,NaN,-17.4810470630075,NaN,NaN,NaN,NaN,NaN,NaN,NaN,NaN,NaN,NaN
-19.0822593523804,-19.763444178758,-19.771687190716,-19.3066065280406,-19.0712775527514,-18.9763261185454,-19.1759367003751,-19.0456276802991,-18.9614571178134,-18.8747765961198,-18.6968995402691,-18.6025357051104,-18.5478027626383,-18.4833666693008,-18.3702459452968,-18.2178804288655,-18.0252322829436,-18.0112775842706,-18.06957009146,-18.1871639951343,-18.0591418138005,-17.8733741553497,-17.5390276553533,-17.3493843040738,-17.2469889487543,-17.3522518559444,-17.4823897563735,-17.4259117396228,-17.2632580620245,-17.1917706812291,-17.2923358841642,-17.4201595704466,-17.5277745793274,-17.6337898259253,-17.7031794279891,-17.8171555179553,-17.6719405256965,-17.5836227302325,-17.5458392353906,-17.6405808105055,-17.6961488144922,-17.8509414818545,-17.8901213436813,-18.0366023689899,-18.0587229342535,-18.1101753480008,-18.2326266646788,-18.2616051910066,-18.2912875110205,-18.243499117635,-18.2918321048121,-18.2858409893233,-18.1006133206537,-17.9171133078564,-17.8602095490054,-17.8655310806456,-17.9451914736487,-18.0787180060585,-18.1285550695867,-18.1950488253028,-18.3581760555292,-18.4483783987337,-18.5804787586331,-18.6947873776726,-18.8624201723188,-18.965081906092,-19.0042777244384,-18.8974150928167,-18.7164380967263,-18.3906033731278,-18.0098055912505,-17.5139194951055,-17.1076611896501,-16.6545273957543,-16.2407413866871,-15.8404558326903,-15.5811876684906,-15.6084057268079,-15.5865779257652,-15.5791292185418,-15.4217685366237,-15.3882424811829,-15.4311715306339,-15.3885847631312,-15.6939740664274,-16.0552226900929,-18.0881298884015,-19.7193986058438,-19.5936418392679,NaN,NaN,NaN,NaN,NaN,NaN,NaN,NaN,NaN,NaN,NaN,NaN,NaN,NaN,NaN,NaN,NaN,NaN,NaN,NaN,NaN,NaN,NaN,NaN,NaN,NaN,NaN,NaN,NaN,NaN,NaN,NaN,NaN,NaN,NaN,NaN,NaN,NaN,NaN,NaN,NaN,NaN,NaN,NaN,NaN,NaN,NaN,NaN,NaN,NaN,NaN,NaN,NaN,-17.965067210821,NaN,NaN,NaN,NaN,-18.902980545509,-19.2395490294089,NaN,NaN,-18.7543013160683,NaN,NaN,NaN,NaN,-21.0647180512963,NaN,-18.2505187547755,NaN,-17.9536524754528,-17.7059169369975,NaN,-17.4176104910999,NaN,NaN,NaN,NaN,NaN,NaN,NaN,NaN,NaN,NaN
-19.0421252119018,-19.697695441173,-19.6904850646305,-19.2835168543172,-19.1069834837547,-18.9413816567295,-19.1168709278023,-19.0281393008825,-18.9738290373288,-18.9278617996145,-18.8179400185421,-18.7447729023133,-18.5403430859971,-18.4367706437609,-18.4250876164539,-18.1963327769988,-18.0168150020857,-18.0652909598896,-18.116871253142,-18.1717541029214,-18.0963687876631,-17.9337495660026,-17.6362352154887,-17.409848426282,-17.2883456168612,-17.3184516599753,-17.4321310752884,-17.4147649902967,-17.2783979051255,-17.2594173699715,-17.3586762457061,-17.4444437657558,-17.5531945491409,-17.6482931392925,-17.6863024105859,-17.8259353878125,-17.6710928611811,-17.5787085441511,-17.5657670942354,-17.6760205740476,-17.7246310180382,-17.9150664092149,-17.9795024829643,-18.0668478659306,-18.0781747205122,-18.1426251796402,-18.2360940396293,-18.2355058844607,-18.2181264552923,-18.2089040829996,-18.2599551610121,-18.3006443375695,-18.0908762302857,-17.9804615949132,-17.9676618964693,-18.0333995249771,-18.057244252533,-18.1719367995697,-18.2413502242457,-18.3662094180544,-18.5214232805779,-18.5261592084802,-18.6994206032946,-18.8561562058803,-19.0130686646902,-19.0745705861306,-19.0640400592649,-18.9691545416211,-18.7756461334125,-18.4602097406755,-18.0673500864148,-17.5065549200407,-17.1243518052071,-16.6782166232291,-16.2336851295545,-15.8641580769116,-15.5982952765201,-15.6933713902205,-15.6242726068651,-15.7004646492445,-15.6860513403771,-15.3843629948306,-15.4294642145725,-15.5155010425433,-15.6867998452397,-16.3770021695056,-17.9716284394941,-19.965278626347,NaN,NaN,NaN,NaN,NaN,NaN,NaN,NaN,NaN,NaN,NaN,NaN,NaN,NaN,NaN,NaN,NaN,NaN,NaN,NaN,NaN,NaN,NaN,NaN,NaN,NaN,NaN,NaN,NaN,NaN,NaN,NaN,NaN,NaN,NaN,NaN,NaN,NaN,NaN,NaN,NaN,NaN,NaN,NaN,NaN,NaN,NaN,NaN,NaN,NaN,NaN,NaN,NaN,NaN,-17.9298309143105,NaN,NaN,NaN,NaN,NaN,-19.0969218392563,-19.0384651548063,NaN,NaN,NaN,NaN,NaN,NaN,NaN,NaN,-18.3240896651899,-18.2301330690743,NaN,-17.5204686081783,-17.2403128784711,-17.3434940132677,NaN,NaN,NaN,NaN,NaN,NaN,NaN,NaN,NaN,NaN
-18.9920400479148,-19.6326037675098,-19.611199947872,-19.216539871854,-19.0004345854097,-18.9493744319188,-19.1312500233813,-19.0296292611565,-18.9588312332406,-19.0056968288914,-18.8918089066016,-18.8397065171975,-18.539051161402,-18.503229457317,-18.5056486664633,-18.1922034356092,-18.0982658694505,-18.1418889298443,-18.1600108657935,-18.209990415803,-18.18299486253,-18.0037614514208,-17.734598314934,-17.4339310391713,-17.3419832441875,-17.3268364524959,-17.4148638133952,-17.4371142340441,-17.3052365642382,-17.3272144148164,-17.4740001673338,-17.4632483095982,-17.5428579253341,-17.6467864941458,-17.7114828847695,-17.8201939550564,-17.6807811602607,-17.6178551370856,-17.5410387768978,-17.6980920338715,-17.7490155571006,-17.9295990378372,-18.0237881646698,-18.0735443543746,-18.1295864114126,-18.2193062166875,-18.2295979809867,-18.1742986523839,-18.1944188602934,-18.2502610574442,-18.3243827965071,-18.3181575010675,-18.1550014223616,-18.06802334112,-18.1380584092606,-18.1803017493969,-18.2287503411555,-18.30768735999,-18.3566652901481,-18.5039173685708,-18.6469186874948,-18.6510506506475,-18.8501314036943,-18.9946720024095,-19.0718620892526,-19.1479627057724,-19.1324675870086,-19.0068378071049,-18.7495458747033,-18.4449840604747,-18.0530063647776,-17.5153756714167,-17.1556752643343,-16.6717237526693,-16.308757266068,-15.8580396556164,-15.6715808693053,-15.8172307875596,-15.6590828893334,-15.7756642304795,-15.8669136537371,-15.5255328142679,-15.4565250119154,-15.5716691669885,-15.8027188380596,-16.4303307704272,-18.0473471015391,-20.2438273206654,NaN,NaN,NaN,NaN,NaN,NaN,NaN,NaN,NaN,NaN,NaN,NaN,NaN,NaN,NaN,NaN,NaN,NaN,NaN,NaN,NaN,NaN,NaN,NaN,NaN,NaN,NaN,NaN,NaN,NaN,NaN,NaN,NaN,NaN,NaN,NaN,NaN,NaN,NaN,NaN,NaN,NaN,NaN,NaN,NaN,NaN,NaN,NaN,NaN,NaN,NaN,NaN,NaN,NaN,-17.9471842008687,-17.862179425679,NaN,NaN,NaN,NaN,NaN,-18.6669031963597,-18.040610035486,NaN,NaN,NaN,NaN,NaN,NaN,NaN,NaN,-18.2596668815609,NaN,-17.556841826,-17.3650701802963,-17.3952116705438,NaN,NaN,NaN,NaN,NaN,NaN,NaN,NaN,NaN,NaN
-18.9705326768477,-19.6254730912185,-19.5186517416362,-19.1980928701096,-18.9991791949112,-18.9728289624629,-19.1017946369981,-19.051442044415,-19.0117764891994,-19.0112007612493,-18.9830375733139,-18.8639923073551,-18.5543845962128,-18.5195604322914,-18.3895787659053,-18.1650124572903,-18.0751637886843,-18.1747864287643,-18.1494941229164,-18.3074718253752,-18.2436742952509,-18.0497299777741,-17.8333553676496,-17.5034608404942,-17.4282147463344,-17.3080292058605,-17.4256307287246,-17.4886874083239,-17.3645809917095,-17.3967249097877,-17.5546204779922,-17.4743309175359,-17.5291212123769,-17.6560434803491,-17.7098083763387,-17.7755065045487,-17.6423034380863,-17.5874825636221,-17.5515054281205,-17.6599952436482,-17.7178373824464,-17.9179472510578,-18.0142074374422,-18.083441323247,-18.1510451883431,-18.1785567297183,-18.142241889451,-18.1054375635803,-18.1331378611749,-18.2255858095792,-18.333369986392,-18.3282480817407,-18.1808532238126,-18.1795035864506,-18.2495590970349,-18.3200530531495,-18.3737764504057,-18.3764602829344,-18.4908637702606,-18.5891050628868,-18.7212787359528,-18.8011104206169,-18.9909764720019,-19.051025598167,-19.1899067767675,-19.2072227851289,-19.1943744812065,-19.0470798699747,-18.8149086664806,-18.4770114752385,-18.0834599297466,-17.5731912567887,-17.2295798483834,-16.7590363690041,-16.3573292377497,-15.882969570262,-15.7971560961618,-15.9653367417418,-15.7844770535261,-15.9140036914837,-16.0102958875339,-15.7523840651376,-15.7254923829236,-15.5920145022165,-15.8352211981888,-16.4954407556913,-17.8907033899099,-20.2708605135435,NaN,NaN,NaN,NaN,NaN,NaN,NaN,NaN,NaN,NaN,NaN,NaN,NaN,NaN,NaN,NaN,NaN,NaN,NaN,NaN,NaN,NaN,NaN,NaN,NaN,NaN,NaN,NaN,NaN,NaN,NaN,NaN,NaN,NaN,NaN,NaN,NaN,NaN,NaN,NaN,NaN,NaN,NaN,NaN,NaN,NaN,NaN,NaN,NaN,NaN,NaN,NaN,NaN,NaN,NaN,-17.9139751055236,NaN,NaN,NaN,NaN,NaN,NaN,-17.844524129787,NaN,NaN,NaN,NaN,NaN,NaN,NaN,NaN,-18.2213263138352,NaN,-17.6170980571314,-17.4245974458584,-17.564236784539,NaN,NaN,NaN,NaN,NaN,NaN,NaN,NaN,NaN,NaN
-18.9722197254049,-19.6321763509381,-19.4791386521403,-19.1452864451198,-19.0333921126211,-18.9921081248845,-19.0477445427007,-19.0687640959892,-19.0861944752687,-18.9583707444458,-19.0000958140249,-18.8968989514681,-18.5897724651536,-18.5141635184976,-18.2707778723994,-18.1538714897805,-18.1088077859897,-18.2044012293956,-18.210619391626,-18.3523299149228,-18.3086950497334,-18.1450984265717,-17.8640386414378,-17.5965359270291,-17.4887230635582,-17.3286815361439,-17.4550636539088,-17.5697882263984,-17.457513355775,-17.4440068161109,-17.6076126130099,-17.4895624897459,-17.4921525732099,-17.6692148784755,-17.7057337580919,-17.7167353559196,-17.5875566527326,-17.5798444876353,-17.5865708560835,-17.6500637605363,-17.7311545811723,-17.9084843882655,-18.029759391555,-18.1236280500812,-18.1735278326286,-18.1391768326507,-18.0687817317419,-18.0356596397403,-18.1170292542987,-18.2467905382869,-18.2964078559129,-18.2503254079814,-18.1791311223682,-18.1967870320253,-18.3463760210204,-18.3451483055621,-18.4209149740809,-18.5358998138163,-18.524836645818,-18.599567765,-18.7660570309251,-18.8951032218537,-19.0094725578991,-19.095227624042,-19.2387655787307,-19.211882240315,-19.1789541229426,-19.0615117802179,-18.8073480567525,-18.4239581320234,-18.0656543401398,-17.5606925818261,-17.2005197202707,-16.7755589774426,-16.4196676195812,-16.0053169942828,-16.0517421644827,-16.0771210690868,-15.8474283143873,-16.0271084417211,-16.1452035072003,-15.8349956646663,-15.6686587248249,-15.6639183562035,-15.8110113678248,-16.5491512860081,-17.8732945285488,-20.2510056968264,NaN,NaN,NaN,NaN,NaN,NaN,NaN,NaN,NaN,NaN,NaN,NaN,NaN,NaN,NaN,NaN,NaN,NaN,NaN,NaN,NaN,NaN,NaN,NaN,NaN,NaN,NaN,NaN,NaN,NaN,NaN,NaN,NaN,NaN,NaN,NaN,NaN,NaN,NaN,NaN,NaN,NaN,NaN,NaN,NaN,NaN,NaN,NaN,NaN,NaN,NaN,NaN,NaN,NaN,NaN,-17.8705872193196,NaN,NaN,NaN,NaN,NaN,NaN,NaN,NaN,NaN,NaN,NaN,NaN,NaN,NaN,NaN,-18.2833517745933,NaN,-17.4822061630196,-17.4665613740246,NaN,NaN,NaN,NaN,NaN,NaN,NaN,NaN,NaN,NaN,NaN
-19.0061718750818,-19.628388417756,-19.4174792832184,-19.1054821862705,-18.9799690486559,-18.9940678711898,-19.073864284457,-19.1105390556349,-19.1907176230873,-19.0237462746197,-19.0633918738866,-18.8993488531027,-18.7367205839716,-18.4909311475618,-18.1554325293454,-18.1634860467485,-18.1626685754469,-18.2081540528244,-18.254865044047,-18.3927330148521,-18.3051780089924,-18.1955834083844,-17.9105133894105,-17.6593264562231,-17.5545176077977,-17.3102748329515,-17.4676660600057,-17.6389903631501,-17.5334580671595,-17.5206160015721,-17.5924339667201,-17.5001280380696,-17.5069053345806,-17.6821472407493,-17.7248462441741,-17.673658551224,-17.5571715801334,-17.5441586700549,-17.6256085071252,-17.6977075614811,-17.7999863280106,-17.9636301828603,-18.0435507974259,-18.1922469671256,-18.1877519991318,-18.1728033164779,-18.0943823514787,-18.0621869869892,-18.1169468165182,-18.1804951711927,-18.1454559841139,-18.1334375967496,-18.1136790205614,-18.1898699924179,-18.2802803368135,-18.3223226707572,-18.4528854938052,-18.557975705867,-18.5850268950659,-18.6299449372187,-18.8435974090273,-18.9226810466594,-19.0163041498652,-19.1191352319945,-19.2327222344258,-19.232412312848,-19.1895111634249,-19.0532053798406,-18.8133024177454,-18.4979737215947,-18.1792046849026,-17.66234955756,-17.2180091069122,-16.8910700542833,-16.4784839743518,-16.2128608819288,-16.2393571700397,-16.1765632171963,-16.02605983633,-16.2047798255995,-16.2710354539897,-16.1572179220755,-15.8438058183285,-15.6462838337463,-15.7836357001264,-16.4248656055263,-17.7391229286276,-20.0106525372498,NaN,NaN,NaN,NaN,NaN,NaN,NaN,NaN,NaN,NaN,NaN,NaN,NaN,NaN,NaN,NaN,NaN,NaN,NaN,NaN,NaN,NaN,NaN,NaN,NaN,NaN,NaN,NaN,NaN,NaN,NaN,NaN,NaN,NaN,NaN,NaN,NaN,NaN,NaN,NaN,NaN,NaN,NaN,NaN,NaN,NaN,NaN,NaN,NaN,NaN,NaN,NaN,NaN,NaN,NaN,-17.8490623228657,-17.9476634064421,NaN,NaN,NaN,NaN,NaN,NaN,NaN,NaN,NaN,NaN,NaN,NaN,NaN,NaN,-18.1905333458903,NaN,-17.4818800368905,-17.4666715270714,NaN,NaN,NaN,NaN,NaN,NaN,NaN,NaN,NaN,NaN,NaN
-19.0188913025033,-19.6323615818961,-19.3986097265696,-19.0500561773578,-18.9601590129438,-18.9600338046445,-19.0804107560668,-19.1414756738419,-19.2443192236818,-19.0636162791478,-19.133347398482,-18.9116042188255,-18.8025323859404,-18.4926226157262,-18.1868925835134,-18.2362169352947,-18.2751457131823,-18.2657448319122,-18.3095694141352,-18.4479628813795,-18.2749387671324,-18.2237145645355,-17.9829828232979,-17.7414412120274,-17.6038759558229,-17.3596829525858,-17.5143198013599,-17.6767632871682,-17.5748742702579,-17.6140217915312,-17.623735404244,-17.5428380916402,-17.5454645218974,-17.6629363060227,-17.6554318462755,-17.6180754409211,-17.5353451228308,-17.5633549820214,-17.7135114170038,-17.7796873938918,-17.8861495829528,-18.0222289059037,-18.0929181901661,-18.2003823240545,-18.1944630432895,-18.1649940176612,-18.0941878450917,-18.0883368389783,-18.0962839874024,-18.0662188303276,-18.076806473034,-18.0931565147955,-18.1004492370242,-18.1664195781305,-18.2805735254973,-18.317518296474,-18.4237518051387,-18.5188238172096,-18.5836230416483,-18.6438145186704,-18.8580474201981,-18.8987192786092,-18.9929467990912,-19.0950903800527,-19.2216054848097,-19.1807919826734,-19.1402279691001,-19.0599619056462,-18.8007102805275,-18.5385231623513,-18.2274073682228,-17.6275633071556,-17.2764948417038,-16.8580821066784,-16.6008758570702,-16.3203644845223,-16.3823613448178,-16.2362430851787,-16.0561983781897,-16.2685986871484,-16.2779235572542,-16.1364696910265,-15.9128583915464,-15.758505717915,-15.8544943888941,-16.4906499896617,-17.7809397443533,-19.995427928846,NaN,NaN,NaN,NaN,NaN,NaN,NaN,NaN,NaN,NaN,NaN,NaN,NaN,NaN,NaN,NaN,NaN,NaN,NaN,NaN,NaN,NaN,NaN,NaN,NaN,NaN,NaN,NaN,NaN,NaN,NaN,NaN,NaN,NaN,NaN,NaN,NaN,NaN,NaN,NaN,NaN,NaN,NaN,NaN,NaN,NaN,NaN,NaN,NaN,NaN,NaN,NaN,NaN,NaN,NaN,NaN,-18.0068397256209,NaN,NaN,NaN,NaN,NaN,NaN,NaN,NaN,NaN,NaN,NaN,NaN,NaN,NaN,-18.1437610349258,NaN,-17.4563696593465,-17.4575874350301,NaN,NaN,NaN,NaN,NaN,NaN,NaN,NaN,NaN,NaN,NaN
-18.9760064321279,-19.4875467055472,-19.3228631199713,-18.9747513463702,-18.8658029727541,-18.8279650042123,-19.0137492050139,-19.1234507206758,-19.2278091817782,-19.0903516593361,-19.2323619752904,-19.059384090237,-18.8929226035287,-18.5046405537389,-18.211644635566,-18.2170185586381,-18.2995339573728,-18.2367543443835,-18.328982184498,-18.5656512211748,-18.3350320151654,-18.316067333115,-18.0523947208198,-17.7980158450919,-17.6578929738499,-17.4313117293016,-17.4949237798785,-17.6676703486085,-17.6293463723878,-17.7060039282016,-17.6154003693663,-17.5430114258153,-17.5651572869489,-17.6010367264404,-17.5514078189241,-17.5923604347588,-17.6122482068581,-17.7390892124326,-17.8040042354384,-17.8401104517851,-17.9507815144659,-18.0625669506322,-18.0717827040559,-18.2258423028255,-18.1732526263345,-18.1572186833439,-18.0976750247261,-18.0993276421693,-18.0847587943141,-18.1276281962963,-18.0820087067542,-18.1296911697619,-18.1061383633999,-18.1922279934274,-18.2863983759415,-18.3350683825809,-18.4241048267721,-18.4861963006418,-18.6110824161464,-18.6457160146441,-18.8495561719063,-18.8845851239704,-18.9318727889154,-19.0296239437358,-19.1311583205834,-19.1534998379948,-19.1672199126821,-19.0920182094762,-18.8960431845217,-18.6448962144924,-18.2606890097516,-17.7593804387946,-17.3872998520483,-16.9516422753503,-16.6509781733441,-16.4211606249145,-16.4578635752438,-16.3602824100979,-16.1135084397037,-16.3386957824475,-16.3564570777681,-16.359420588685,-16.0941853323004,-15.7618641717374,-15.8061349231552,-16.1928320987012,-17.7188929470543,-19.9420226594011,NaN,NaN,NaN,NaN,NaN,NaN,NaN,NaN,NaN,NaN,NaN,NaN,NaN,NaN,NaN,NaN,NaN,NaN,NaN,NaN,NaN,NaN,NaN,NaN,NaN,NaN,NaN,NaN,NaN,NaN,NaN,NaN,NaN,NaN,NaN,NaN,NaN,NaN,NaN,NaN,NaN,NaN,NaN,NaN,NaN,NaN,NaN,NaN,NaN,NaN,NaN,NaN,NaN,NaN,NaN,NaN,-18.1071765789477,NaN,NaN,NaN,NaN,NaN,NaN,NaN,NaN,NaN,NaN,NaN,NaN,NaN,NaN,-18.0035187320124,NaN,-17.3873626216712,-17.3716042576611,NaN,NaN,-19.3864906620151,NaN,NaN,NaN,NaN,NaN,NaN,NaN,NaN
-18.8757662993793,-19.3962513014812,-19.2599687584679,-18.9152979285357,-18.7724182570281,-18.7692267212607,-19.0290803076334,-19.1175241664247,-19.1835302491309,-19.0679089394601,-19.2855156160142,-19.1487170677908,-18.9148892692636,-18.4626202633953,-18.2629922293535,-18.2358279150759,-18.2996773889116,-18.2425064835489,-18.3059703234661,-18.5699726638351,-18.3575302506779,-18.2938023044232,-18.112419090075,-17.8256985528005,-17.6781811700144,-17.4941648001534,-17.5691362540584,-17.6220133616547,-17.6409365199918,-17.6914324930985,-17.6211131008751,-17.5622512248534,-17.5337412571239,-17.5137887766652,-17.4831493034512,-17.6128950938396,-17.6506213040981,-17.7712087199935,-17.8449415150566,-17.9373593541763,-18.0359519465601,-18.0483272848846,-18.0698716630381,-18.2280524406981,-18.1721964699268,-18.1457610196634,-18.1369121447809,-18.0946083029197,-18.1519122296696,-18.1651252151589,-18.1257980422436,-18.1315416391144,-18.167073851876,-18.2486261342041,-18.290737735492,-18.3789159020064,-18.4717949532992,-18.497363412528,-18.6615182572888,-18.5954924077728,-18.8001404381032,-18.7949580796812,-18.9657098559686,-19.0824837402166,-19.2058898666069,-19.2438663480823,-19.2131236889406,-19.2391529443901,-19.0441217453039,-18.7309111900854,-18.34323800274,-17.8034537770926,-17.4436837498965,-16.9144288700265,-16.5964622440948,-16.4172681061788,-16.457068787972,-16.3543456461248,-16.1065786656232,-16.2899636815528,-16.1946968759834,-16.2640467296673,-16.0757761271902,-15.763889459623,-15.6526249606363,-16.3821572704724,-17.8396688426727,-19.8223195375738,NaN,NaN,NaN,NaN,NaN,NaN,NaN,NaN,NaN,NaN,NaN,NaN,NaN,NaN,NaN,NaN,NaN,NaN,NaN,NaN,NaN,NaN,NaN,NaN,NaN,NaN,NaN,NaN,NaN,NaN,NaN,NaN,NaN,NaN,NaN,NaN,NaN,NaN,NaN,NaN,NaN,NaN,NaN,NaN,NaN,NaN,NaN,NaN,NaN,NaN,NaN,NaN,NaN,NaN,NaN,NaN,-18.0782889757081,-18.0851065519808,NaN,NaN,NaN,NaN,NaN,NaN,NaN,NaN,NaN,NaN,NaN,NaN,NaN,-17.9994785323203,-17.4332375415887,-17.3774357909834,-17.3057858916582,NaN,NaN,-19.1611613298072,NaN,NaN,NaN,NaN,NaN,NaN,NaN,NaN
-18.7503924192579,-19.3037796790718,-19.1378795842757,-18.8086837316674,-18.7280962862213,-18.7728144846747,-19.0495573040306,-19.0380611434606,-19.1053119619824,-19.0617607324824,-19.2496496267972,-19.2201449434995,-18.9146064133166,-18.4539615885658,-18.2919310956256,-18.1882262055442,-18.2398969537791,-18.2534890412134,-18.3727323182388,-18.5901391079732,-18.344728268039,-18.2528139177589,-18.1472943287879,-17.8672074130193,-17.7183465312162,-17.5226351041464,-17.6977652386927,-17.7077029183793,-17.6581612066589,-17.7436188644975,-17.6698213083249,-17.6043063256089,-17.5514084834522,-17.519514778906,-17.5493086381562,-17.6337035866497,-17.644960833457,-17.7970805312717,-17.8540593919899,-17.9861180980663,-18.052303005405,-18.0364868460884,-18.058640371966,-18.236939285377,-18.1890846290818,-18.1561401699497,-18.2352868062055,-18.1534367080712,-18.2215827096852,-18.2604768122237,-18.1541931930539,-18.1346772200809,-18.1347125184339,-18.2238912728645,-18.3237347768887,-18.4493754214637,-18.488386487601,-18.5198561652312,-18.6076087039207,-18.6371342888406,-18.8159866853077,-18.8954177200213,-19.0540965045874,-19.1477264072482,-19.2242049680201,-19.2727140449916,-19.3137661996882,-19.3660394950567,-19.1823264179299,-18.8868406895285,-18.4214666818378,-17.8699496707843,-17.4652945087788,-16.975193005757,-16.6077726170357,-16.3614123384684,-16.384358123385,-16.3111126566938,-16.1249577578515,-16.2391712089697,-16.2231712534527,-16.2965077557719,-16.2254459404602,-15.7286663830546,-15.6855824179573,-16.4103677180868,-18.1760126952456,-19.6966639866876,NaN,NaN,NaN,NaN,NaN,NaN,NaN,NaN,NaN,NaN,NaN,NaN,NaN,NaN,NaN,NaN,NaN,NaN,NaN,NaN,NaN,NaN,NaN,NaN,NaN,NaN,NaN,NaN,NaN,NaN,NaN,NaN,NaN,NaN,NaN,NaN,NaN,NaN,NaN,NaN,NaN,NaN,NaN,NaN,NaN,NaN,NaN,NaN,NaN,NaN,NaN,NaN,NaN,NaN,NaN,NaN,NaN,-18.2398073921551,NaN,NaN,NaN,NaN,NaN,NaN,NaN,NaN,NaN,NaN,NaN,NaN,NaN,NaN,-17.3958350830847,-17.3599509411202,-17.2802406164079,NaN,-18.3655324797734,-18.8184211465048,NaN,NaN,NaN,NaN,NaN,NaN,NaN,NaN
-18.7248514282064,-19.2732760575499,-19.0743910369525,-18.7569486154291,-18.7074471111437,-18.8026049466743,-19.070208297871,-19.0188793035477,-19.0331837520885,-19.071632189333,-19.2238579533925,-19.1941832357076,-18.9147889474454,-18.4602111207679,-18.354011927471,-18.1678280968292,-18.24269989965,-18.2631042777368,-18.448401862225,-18.6276597027346,-18.334882960751,-18.2608882726989,-18.2038670322045,-17.9273226774036,-17.7013428733606,-17.5751957693923,-17.7956934048822,-17.8230176683163,-17.682344907213,-17.834929538037,-17.7136685040776,-17.6983778151691,-17.6180310437861,-17.5819844970597,-17.634705945189,-17.6234509583387,-17.6520966405182,-17.7597434201322,-17.8193566959334,-17.9880052968885,-18.0017447823408,-17.9796308947035,-18.0257307481245,-18.2044914779974,-18.2213393309374,-18.2365750201193,-18.2962997290795,-18.2172961898244,-18.3136187693891,-18.3030685966066,-18.2184347103349,-18.1799619145058,-18.1680991738185,-18.2300377650416,-18.3460099887454,-18.4424570025584,-18.5216793268685,-18.5749199568547,-18.6133146559642,-18.5475034366381,-18.6825084426105,-18.8076004234293,-19.0615136835162,-19.1650633043843,-19.2448475447678,-19.3796562066026,-19.4235292873785,-19.4365604340156,-19.2741325336764,-18.9825377050167,-18.5292614244164,-17.9292973914247,-17.5209092523169,-16.9360100688491,-16.5876338446466,-16.2563659687037,-16.165382887142,-16.2169473652265,-16.0461630837371,-16.0319809561747,-16.0066213802817,-16.2338002296054,-16.2575828016068,-15.6887827794599,-15.6109561731362,-16.8086852162853,-18.3040043294029,-19.697364872114,NaN,NaN,NaN,NaN,NaN,NaN,NaN,NaN,NaN,NaN,NaN,NaN,NaN,NaN,NaN,NaN,NaN,NaN,NaN,NaN,NaN,NaN,NaN,NaN,NaN,NaN,NaN,NaN,NaN,NaN,NaN,NaN,NaN,NaN,NaN,NaN,NaN,NaN,NaN,NaN,NaN,NaN,NaN,NaN,NaN,NaN,NaN,NaN,NaN,NaN,NaN,NaN,NaN,NaN,NaN,NaN,NaN,-18.3697487431644,NaN,NaN,NaN,NaN,NaN,NaN,NaN,NaN,NaN,-18.8265194519267,NaN,NaN,NaN,-17.7535746454789,-17.4298909127875,-17.4228361116093,NaN,NaN,-18.2437720062672,NaN,NaN,NaN,NaN,NaN,NaN,NaN,NaN,NaN
-18.6583963128521,-19.1840056426243,-18.9888248953483,-18.6842022932151,-18.7360241443769,-18.8148903068372,-19.0393709850174,-18.9187721370247,-18.9294521880982,-19.0469687677757,-19.1791484972114,-19.2043144819622,-18.8674451112425,-18.4560877311303,-18.4558292672888,-18.2911363747859,-18.2895633267634,-18.3309773225502,-18.471876150469,-18.6625460097688,-18.4164173527253,-18.2198960797271,-18.2471387569017,-17.9564240523995,-17.7504374538029,-17.6972004499814,-17.8860575504608,-17.8907904135079,-17.7726902190381,-17.8684020218897,-17.763963414497,-17.7548363797683,-17.7019127780147,-17.7292544419346,-17.7268638867482,-17.6442682820783,-17.6431185910723,-17.7715392355923,-17.8138441013473,-17.9144749592859,-17.9777883930675,-18.0468605825835,-18.0944280550191,-18.2132938344789,-18.269841089298,-18.25476573015,-18.3988951515805,-18.3489523659542,-18.4602119939072,-18.423061325066,-18.3145191468791,-18.1993054838192,-18.225941912523,-18.2978564931544,-18.3144413961667,-18.4540058419078,-18.5492334030669,-18.6358278630587,-18.5778034985498,-18.6478281686863,-18.7907024845277,-19.0117334740594,-19.1547788115256,-19.225465111781,-19.3322336226063,-19.438899676613,-19.5065449555656,-19.53028882654,-19.3777387097989,-19.1268861758695,-18.5626199558707,-17.9170565183547,-17.4419494569748,-16.8715759609138,-16.4900204256429,-16.166015042032,-16.0791726184451,-16.1975098979119,-16.0771668974888,-16.0755014105915,-16.0270776939622,-16.1674090221809,-16.2780413963828,-15.7849232619876,-15.6029128181704,-17.1333623712616,-19.1053751029672,-20.5278041765122,NaN,NaN,NaN,NaN,NaN,NaN,NaN,NaN,NaN,NaN,NaN,NaN,NaN,NaN,NaN,NaN,NaN,NaN,NaN,NaN,NaN,NaN,NaN,NaN,NaN,NaN,NaN,NaN,NaN,NaN,NaN,NaN,NaN,NaN,NaN,NaN,NaN,NaN,NaN,NaN,NaN,NaN,NaN,NaN,NaN,NaN,NaN,NaN,NaN,NaN,NaN,NaN,NaN,NaN,NaN,NaN,-19.4597431600398,-18.5932095491523,-18.4952265816397,NaN,NaN,NaN,NaN,NaN,NaN,NaN,NaN,-18.629340553971,-18.2155442282221,NaN,NaN,-17.6336072806959,-17.3181653579564,-17.48451579879,NaN,-17.6384213224073,-18.2015774098014,NaN,NaN,NaN,NaN,NaN,NaN,NaN,NaN,NaN
-18.668163812152,-19.1697971313877,-18.8926333134747,-18.6581460191323,-18.7513000891978,-18.7859834719586,-18.9926344370408,-18.8720488076863,-18.8946318929127,-19.1307758882991,-19.2375226273092,-19.1900535001116,-18.9238121945508,-18.5530728936402,-18.6296035438111,-18.4320239023214,-18.3067090767447,-18.4003232448104,-18.4621104770703,-18.6109077906605,-18.4485407342015,-18.2393267321747,-18.2514495802164,-17.9970060189544,-17.782512975974,-17.7585510539247,-17.9314097355252,-17.916918223288,-17.8375826650646,-17.9367138290474,-17.85828152444,-17.8320518229403,-17.8008546962457,-17.8685775720973,-17.8343591971054,-17.746279111236,-17.6895680396439,-17.7653808757441,-17.838062478059,-17.9404731540193,-18.0567961367583,-18.102745341622,-18.1733649023561,-18.2852715439218,-18.3224790990259,-18.3314496437868,-18.4756200057159,-18.4266737872052,-18.5569936949465,-18.4813289673289,-18.3800059905067,-18.239060737633,-18.2186184075576,-18.3115043622338,-18.3614916306475,-18.4518992142393,-18.552479410802,-18.6808196429615,-18.6193200600956,-18.5953835209976,-18.7248379325633,-18.9440722919323,-19.1048993069255,-19.2516222056286,-19.3744780812884,-19.5387744034297,-19.5767324366807,-19.5798386645808,-19.4450426937999,-19.1168422089378,-18.5097478591601,-17.9464513398455,-17.3594213513089,-16.773035869763,-16.3992282535445,-16.1169750644473,-16.0628637181699,-16.2123947621628,-16.019975291333,-15.999066390326,-15.7630910190966,-16.053719375536,-16.199990553262,-15.7456223904215,-15.6495349708178,-17.1756571995337,-19.1269517349155,NaN,NaN,NaN,NaN,NaN,NaN,NaN,NaN,NaN,NaN,NaN,NaN,NaN,NaN,NaN,NaN,NaN,NaN,NaN,NaN,NaN,NaN,NaN,NaN,NaN,NaN,NaN,NaN,NaN,NaN,NaN,NaN,NaN,NaN,NaN,NaN,NaN,NaN,NaN,NaN,NaN,NaN,NaN,NaN,NaN,NaN,NaN,NaN,NaN,NaN,NaN,NaN,NaN,NaN,NaN,NaN,NaN,-19.9963320587227,NaN,-18.3912358362669,NaN,NaN,NaN,NaN,NaN,NaN,NaN,NaN,NaN,-17.8166754859676,-17.6050176068313,NaN,-17.4893982337829,-17.2452394226507,-17.4873035971976,NaN,-17.7028596449608,NaN,NaN,NaN,NaN,NaN,NaN,NaN,NaN,NaN,NaN
-18.6853992979751,-19.1220301490951,-18.8127714742182,-18.5929851416733,-18.6588634746643,-18.7393268139551,-18.9202552071344,-18.8096109599882,-18.8580108277505,-19.098683040566,-19.1856192294752,-19.2156303365413,-19.0080887414455,-18.6179037351353,-18.6915032908789,-18.5833373061131,-18.3403460337859,-18.4391320268496,-18.463871694361,-18.578635661954,-18.4732426180839,-18.2687712891654,-18.2782720167247,-18.0383942898647,-17.8308840733375,-17.8642760043866,-17.9777722314622,-18.0040482122498,-17.9411113340744,-17.9781123409427,-17.9236202639768,-17.7942885635148,-17.7811871888601,-17.8594682615227,-17.9003247837053,-17.8559701976528,-17.8076512523876,-17.848335692338,-17.9282116374157,-18.0658663067804,-18.0914046138188,-18.1768779545634,-18.2542722640605,-18.3823790837732,-18.4189395413309,-18.4634947782214,-18.5281088721821,-18.518684157496,-18.5860863461542,-18.5384518850367,-18.3993074704603,-18.3064943988451,-18.3310184118767,-18.3755124429342,-18.3618531197708,-18.4755482812435,-18.602250340857,-18.7450779023168,-18.6749851698344,-18.7058938055304,-18.858076514487,-19.055981767544,-19.2008968702467,-19.2991133051483,-19.404819510811,-19.5999103255814,-19.6737328349424,-19.6514942428749,-19.400848520996,-19.0297672103978,-18.3991624853672,-17.8609949323017,-17.2204907838339,-16.6478147111971,-16.3274288956129,-16.0743544648776,-16.0046353048879,-16.1713776278759,-15.9617230652354,-16.057351493439,-15.8702753432539,-16.024070249243,-16.1443788825271,-15.8902182327063,-15.7320387749253,-17.8082451262492,-19.5272365212309,NaN,NaN,NaN,NaN,NaN,NaN,NaN,NaN,NaN,NaN,NaN,NaN,NaN,NaN,NaN,NaN,NaN,NaN,NaN,NaN,NaN,NaN,NaN,NaN,NaN,NaN,NaN,NaN,NaN,NaN,NaN,NaN,NaN,NaN,NaN,NaN,NaN,NaN,NaN,NaN,NaN,NaN,NaN,NaN,NaN,NaN,NaN,NaN,NaN,NaN,NaN,NaN,NaN,NaN,NaN,NaN,NaN,NaN,NaN,-18.389835540796,NaN,NaN,NaN,NaN,NaN,NaN,NaN,NaN,NaN,-17.7259339830698,-17.5861183044441,-17.5620942772537,-17.3297893984411,-17.1209373200036,-17.4323288013664,NaN,-17.6059553063945,NaN,NaN,NaN,NaN,NaN,NaN,NaN,NaN,NaN,NaN
-18.7262972786068,-19.1172628755965,-18.8051841050687,-18.5578428377323,-18.6685190620722,-18.7231046869059,-18.908837162918,-18.7839980174513,-18.8057541364454,-18.9712228801195,-19.0529959696701,-19.1796935820561,-19.00621823565,-18.7104271696604,-18.781594914213,-18.7070776146025,-18.4423270841431,-18.4686355066006,-18.4716567466381,-18.536642167247,-18.4402754364932,-18.2905071839913,-18.2743812013314,-18.098180225239,-17.9034361449121,-17.9442885497445,-17.9949933646235,-18.0343396627405,-18.0121765634805,-17.968325578439,-17.8782222967892,-17.7781090864154,-17.7854700388353,-17.8358747971017,-17.9445521782455,-17.8880632519623,-17.8997468608828,-17.9213864426745,-18.001305215962,-18.0887000305213,-18.1509550737817,-18.2283048781499,-18.3036866308478,-18.4910854276651,-18.5715269719542,-18.5866660465495,-18.5923562213276,-18.5783166026541,-18.6071541660722,-18.5395410555352,-18.4043493213003,-18.3265134375135,-18.3614544348015,-18.3776172542979,-18.4625791812203,-18.5486423578839,-18.7283473918163,-18.8240368926682,-18.7579211444626,-18.7947019686561,-18.9196193409474,-19.0656311831073,-19.1502472692601,-19.209829870523,-19.3648343467942,-19.5813324994457,-19.6431418194825,-19.5191875551286,-19.2810857633831,-18.8554006512562,-18.3507170871927,-17.7571240969092,-17.0752285905042,-16.4966432934371,-16.2228295413264,-16.0179746600743,-15.9821113541283,-16.0639053856965,-15.9880465627411,-16.1411009714826,-15.7702444784603,-15.9457133961315,-16.1615380493223,-15.7192000413928,-15.7837927400824,-17.854791036549,-19.2202021010148,NaN,NaN,NaN,NaN,NaN,NaN,NaN,NaN,NaN,NaN,NaN,NaN,NaN,NaN,NaN,NaN,NaN,NaN,NaN,NaN,NaN,NaN,NaN,NaN,NaN,NaN,NaN,NaN,NaN,NaN,NaN,NaN,NaN,NaN,NaN,NaN,NaN,NaN,NaN,NaN,NaN,NaN,NaN,NaN,NaN,NaN,NaN,NaN,NaN,NaN,NaN,NaN,NaN,NaN,NaN,NaN,NaN,NaN,NaN,-18.2701678410149,-18.3223669442033,NaN,NaN,NaN,NaN,NaN,NaN,NaN,-18.5056253708335,-17.7007894246494,-17.4535357629514,-17.5641036430257,NaN,-17.1415854437225,-17.3271073888772,NaN,-17.6082197497397,NaN,NaN,NaN,NaN,NaN,NaN,NaN,NaN,NaN,NaN
-18.7335963604255,-19.0587174843836,-18.830233042778,-18.5163014237315,-18.6261219746881,-18.6412140591988,-18.8728773559726,-18.7091166929507,-18.7686126557999,-18.8561113372493,-18.9327587029937,-19.1074141472607,-18.988186039778,-18.7671239993521,-18.8369196576023,-18.752946802181,-18.4585269605587,-18.5145287819553,-18.474269599974,-18.5022575180817,-18.3935973104118,-18.3277810294261,-18.2821389211273,-18.1102771003508,-17.9510918166498,-17.9758590770793,-18.0388895027489,-18.0688940387172,-18.0873261717789,-17.9275913766819,-17.8020143584034,-17.710582752198,-17.7564849126163,-17.7619686395172,-17.8582030883625,-17.866641499929,-17.949868198602,-18.0016305287267,-18.0502993353472,-18.1985341928751,-18.1841334464976,-18.3219228178879,-18.4000700051565,-18.6030140747607,-18.6724399191066,-18.6166970243411,-18.5481034605484,-18.4709496936524,-18.4737723156965,-18.4377968758632,-18.3769142180361,-18.3266287881014,-18.392254161559,-18.4398024179209,-18.4018725055362,-18.58233160842,-18.7150158887218,-18.8256313985223,-18.8060251067976,-18.9049913534162,-19.0076173241782,-19.0971846245744,-19.1513163161664,-19.2056660404841,-19.3542003891736,-19.5464742373382,-19.5633715046306,-19.5347058211363,-19.2759243378567,-18.7781144138946,-18.2757963116301,-17.6830753354841,-17.0263520500511,-16.4641324681971,-16.1350557347776,-15.8804312125138,-15.8461996077252,-16.0994693300009,-16.1164755570639,-16.1089270747582,-15.8517109926738,-16.2233108036281,-16.3195105931061,-16.0673526180117,-16.43603631806,-19.0557763228809,-20.2562678312282,NaN,NaN,NaN,NaN,NaN,NaN,NaN,NaN,NaN,NaN,NaN,NaN,NaN,NaN,NaN,NaN,NaN,NaN,NaN,NaN,NaN,NaN,NaN,NaN,NaN,NaN,NaN,NaN,NaN,NaN,NaN,NaN,NaN,NaN,NaN,NaN,NaN,NaN,NaN,NaN,NaN,NaN,NaN,NaN,NaN,NaN,NaN,NaN,NaN,NaN,NaN,NaN,NaN,NaN,NaN,NaN,NaN,NaN,NaN,NaN,-18.2848844199763,-18.2651330519674,NaN,NaN,NaN,NaN,NaN,NaN,-18.4843834286004,NaN,-17.3898144148317,-17.5511894274069,NaN,-17.2229788861871,-17.3254589485786,-17.0575437106954,-17.5480566227596,NaN,NaN,NaN,NaN,NaN,NaN,NaN,NaN,NaN,NaN
-18.7749239844521,-19.0659998611857,-18.9091807092569,-18.4397342005034,-18.5993220274311,-18.6387922334492,-18.7956314611844,-18.6402960811475,-18.7160912552762,-18.8066350218056,-18.9144753532081,-19.0714830283666,-19.0023822837808,-18.774936093872,-18.9046066483672,-18.7907408069157,-18.5848274194271,-18.6085241922599,-18.5107339512011,-18.5205254060934,-18.3979188063901,-18.3494900341863,-18.2442153613583,-18.1417328529308,-17.9830660719549,-17.9721631667813,-18.0768092492198,-18.1506776016047,-18.0867674182668,-17.8396134166227,-17.7393313945789,-17.6664439077321,-17.7559077104743,-17.7715580010726,-17.8350645704695,-17.8595882205623,-17.9943133170175,-18.0846577043696,-18.1246186186789,-18.2473751765272,-18.2201207908217,-18.3489837367569,-18.4374761754008,-18.5917722310498,-18.6235915764564,-18.5527827876729,-18.4649120070054,-18.4490491095506,-18.4668128695116,-18.412112618609,-18.3569989109264,-18.3920251122665,-18.4544628052864,-18.4198416929533,-18.4499141167873,-18.586159783299,-18.7720530724524,-18.8471360291186,-18.8277346595784,-18.9131076448492,-18.9832324354733,-19.0713719187667,-19.1326704159488,-19.176353858098,-19.2630708213543,-19.4803033688087,-19.5037527112136,-19.4065990227988,-19.1840244952916,-18.6591322396766,-18.0959815923653,-17.58285257633,-16.9764808982372,-16.4441365702082,-16.1482836640084,-15.8730707533769,-15.8635469141659,-16.0928547930042,-16.1715713373575,-16.083147260792,-15.9873160104123,-16.2142529901856,-16.3641492790024,-16.2145841362645,-16.5206490853478,-18.8209073633415,NaN,NaN,NaN,NaN,NaN,NaN,NaN,NaN,NaN,NaN,NaN,NaN,NaN,NaN,NaN,NaN,NaN,NaN,NaN,NaN,NaN,NaN,NaN,NaN,NaN,NaN,NaN,NaN,NaN,NaN,NaN,NaN,NaN,NaN,NaN,NaN,NaN,NaN,NaN,NaN,NaN,NaN,NaN,NaN,NaN,NaN,NaN,NaN,NaN,NaN,NaN,NaN,NaN,NaN,NaN,NaN,NaN,NaN,NaN,NaN,NaN,-18.4173383626747,-18.3477883180145,NaN,NaN,NaN,NaN,NaN,-19.4610988638544,-18.9861553136358,NaN,-17.532678717315,NaN,NaN,-17.2646074152063,-17.1100256227969,-17.1497717397226,-17.6627081358271,NaN,NaN,NaN,NaN,NaN,NaN,NaN,NaN,NaN,NaN
-18.7941785281369,-19.0382797444569,-18.9174398884653,-18.411596725133,-18.5545613784333,-18.6166203908343,-18.6871783821747,-18.5636834808129,-18.7325848523021,-18.7524218096994,-18.8194879019945,-18.9671657329662,-18.8707099827828,-18.693448080394,-18.9359440963769,-18.7299223689905,-18.7153979380976,-18.7286597804176,-18.5904609740471,-18.5263770461571,-18.3659397477402,-18.3156889773849,-18.1917369150918,-18.1554110469969,-17.9921220771355,-18.0212078023369,-18.115337406252,-18.2057737242044,-18.1386198224677,-17.7905948574727,-17.6606482335933,-17.6353792885116,-17.6952985354986,-17.6982344244968,-17.7935991805803,-17.9210716358377,-18.0606156832852,-18.1210056880186,-18.1639035974775,-18.2411059155912,-18.2897451653674,-18.4291598075888,-18.4701629437919,-18.5727536664813,-18.6169707494794,-18.5390942329022,-18.3743632128634,-18.3488122421924,-18.3925463349297,-18.4350243779027,-18.4268912815677,-18.482170831572,-18.5869491226679,-18.4713864963208,-18.4762380929212,-18.595061904271,-18.7733776784002,-18.8303075654675,-18.8401152094187,-18.9304206457651,-18.9660039299159,-19.1569765357345,-19.2085478213067,-19.228626576849,-19.2465825839496,-19.4300260660635,-19.444061621575,-19.4037155207773,-19.1111766498174,-18.5853748337516,-18.0441413540783,-17.4425427356753,-16.8774470521824,-16.4065883741675,-16.0860303163955,-15.7986156690927,-15.793407096168,-16.0907266887957,-16.102100249597,-16.00646483027,-16.0446085032592,-16.3626259192919,-16.5840337164285,-16.4501435201526,-17.018592979509,-19.2330488049581,NaN,NaN,NaN,NaN,NaN,NaN,NaN,NaN,NaN,NaN,NaN,NaN,NaN,NaN,NaN,NaN,NaN,NaN,NaN,NaN,NaN,NaN,NaN,NaN,NaN,NaN,NaN,NaN,NaN,NaN,NaN,NaN,NaN,NaN,NaN,NaN,NaN,NaN,NaN,NaN,NaN,NaN,NaN,NaN,NaN,NaN,NaN,NaN,NaN,NaN,NaN,NaN,NaN,NaN,NaN,NaN,NaN,NaN,NaN,NaN,NaN,NaN,-18.3719931511712,NaN,NaN,NaN,NaN,NaN,-19.7078096719233,NaN,NaN,-17.5538372694704,NaN,-17.0987761505714,-17.2311041531723,-17.2885022065166,-17.4288604461119,NaN,NaN,NaN,NaN,NaN,NaN,NaN,NaN,NaN,NaN,NaN
-18.6952500352372,-18.9461716846069,-18.8594159012391,-18.3990564607978,-18.5037487932162,-18.6131456118238,-18.6472350349999,-18.5545307039379,-18.733911013448,-18.7529093256735,-18.7602237944097,-18.8908198059841,-18.8026904569822,-18.7009819922501,-18.9658264656767,-18.717797438187,-18.7079562335487,-18.8711684938376,-18.6639831812894,-18.6091410481679,-18.4201565308663,-18.2569854130182,-18.1857257579471,-18.1310538985269,-18.0092238208269,-18.0906198615464,-18.1562525185687,-18.2406760621571,-18.1282600754251,-17.7777225659865,-17.6211269255183,-17.5862526521547,-17.6637432096587,-17.6614017981285,-17.786770657954,-17.9833334415887,-18.1022218590059,-18.1654645714567,-18.2226595762739,-18.2863546051991,-18.3354575997843,-18.4506332623163,-18.4587180265849,-18.5644621196303,-18.5423348074527,-18.4428566801558,-18.3222124891399,-18.3666053047704,-18.403808219318,-18.4706494881771,-18.4781980534484,-18.5325623682299,-18.5878221331518,-18.4652384067845,-18.4911406747449,-18.6499733879139,-18.8182458817379,-18.840750806025,-18.7976140272211,-18.9345017871709,-19.016931479197,-19.2043219140459,-19.2579083915109,-19.2215687346008,-19.2282458510763,-19.4025015782796,-19.3959327051244,-19.314771804774,-19.0015571043123,-18.478651304025,-17.8834922800999,-17.3518896670452,-16.6878790582231,-16.1849213787036,-15.9542917490032,-15.6952899467047,-15.6704117027891,-16.0266798367168,-15.9840506330639,-15.9300465189261,-16.1196206331203,-16.3160233916321,-16.365844898351,-16.542019069477,-16.9953222066884,-19.1414874722583,NaN,NaN,NaN,NaN,NaN,NaN,NaN,NaN,NaN,NaN,NaN,NaN,NaN,NaN,NaN,NaN,NaN,NaN,NaN,NaN,NaN,NaN,NaN,NaN,NaN,NaN,NaN,NaN,NaN,NaN,NaN,NaN,NaN,NaN,NaN,NaN,NaN,NaN,NaN,NaN,NaN,NaN,NaN,NaN,NaN,NaN,NaN,NaN,NaN,NaN,NaN,NaN,NaN,NaN,NaN,NaN,NaN,NaN,NaN,NaN,NaN,NaN,-18.3668319859401,-18.3644313872025,NaN,NaN,NaN,NaN,-19.5341982951448,NaN,NaN,-17.5927289971734,NaN,NaN,-17.2491713145635,-17.3156065154989,NaN,-18.4776410587542,-19.0679191718133,-19.1246988830761,NaN,NaN,NaN,NaN,NaN,NaN,NaN,NaN
-18.5957819461036,-18.8733143713541,-18.7710947499494,-18.419700845693,-18.4573285206375,-18.5864443446754,-18.6442989299193,-18.5411353317977,-18.6977477829838,-18.7018511862452,-18.6372539021378,-18.8102675365419,-18.8315897385645,-18.7270363653155,-18.9543410733767,-18.7172154563603,-18.7147284803781,-18.8879188557939,-18.7616607986042,-18.6762702195435,-18.4556926417893,-18.2343498800379,-18.2337151020312,-18.1266736234297,-18.0346040835355,-18.0561729297261,-18.1334421053192,-18.1793837536752,-18.0680950357703,-17.7421827770837,-17.6546415601957,-17.6047419595393,-17.6315972838509,-17.701325283336,-17.8685790944539,-18.0892144661221,-18.1779789836971,-18.2329487341174,-18.2745824145156,-18.2929827117599,-18.3398991007739,-18.4320555088051,-18.4951464250587,-18.5601551746913,-18.4917530644614,-18.4231647894771,-18.33005317049,-18.3166407430068,-18.3819523198452,-18.4644851859533,-18.5008791444279,-18.512159535315,-18.6270223161656,-18.506487372307,-18.5808776290934,-18.7079434684224,-18.7847996414924,-18.7720149140004,-18.794322064554,-18.9911962991114,-19.1069922313782,-19.2556234932652,-19.2873161495147,-19.2349715277109,-19.1894127094805,-19.3458604404819,-19.3098222233128,-19.2797201578912,-18.954653249695,-18.4237598484341,-17.8059777933813,-17.2363429581206,-16.5455945731214,-16.0801575226507,-15.7641295173339,-15.5962151353365,-15.6781851221188,-15.9661298006374,-15.979863729002,-16.0463868735028,-16.1620775483531,-16.1929766830593,-16.462009148172,-16.7620110853765,-18.3186288242383,-20.4422929502554,NaN,NaN,NaN,NaN,NaN,NaN,NaN,NaN,NaN,NaN,NaN,NaN,NaN,NaN,NaN,NaN,NaN,NaN,NaN,NaN,NaN,NaN,NaN,NaN,NaN,NaN,NaN,NaN,NaN,NaN,NaN,NaN,NaN,NaN,NaN,NaN,NaN,NaN,NaN,NaN,NaN,NaN,NaN,NaN,NaN,NaN,NaN,NaN,NaN,NaN,NaN,NaN,NaN,NaN,NaN,NaN,NaN,NaN,NaN,NaN,NaN,-19.0959744810734,-18.7098284703976,-18.468604070077,-18.4210784439355,-18.3812432457893,NaN,NaN,NaN,NaN,NaN,-17.5410182442505,NaN,-17.3117686869704,-17.2294645403824,-17.5233624604107,-18.2808943940283,-18.5406198376389,NaN,NaN,NaN,NaN,NaN,NaN,NaN,NaN,NaN,NaN
-18.5953350671325,-18.7983558182109,-18.7319395623425,-18.3660099013528,-18.3867536309357,-18.5607252400983,-18.6225563337042,-18.5687378578309,-18.7292672462787,-18.6744537168072,-18.5922944000707,-18.7225623692201,-18.7785631309156,-18.7222682787827,-18.898466921553,-18.7546827215658,-18.7542692405503,-18.9403407877838,-18.8239778913266,-18.7578987242155,-18.5365428573494,-18.3250522515097,-18.340012087509,-18.2291327808279,-18.0396561985164,-18.0222186974799,-18.12262847525,-18.0693785167625,-17.9914986526895,-17.7566833908014,-17.6472302621315,-17.6538458801751,-17.7272963544362,-17.7703828487713,-17.8871046496674,-18.1867185353155,-18.2366214876986,-18.3326173430396,-18.3655562882669,-18.2473879753485,-18.3027410406298,-18.4199923767361,-18.5241859087129,-18.5438385132333,-18.4806200201598,-18.4247590026176,-18.3819004101408,-18.3804423001686,-18.423583942679,-18.4672958136156,-18.528291823869,-18.5546497217155,-18.5934928437574,-18.5032107535054,-18.6280538662694,-18.7475207840059,-18.8249966552156,-18.8203711828006,-18.8270957461605,-19.0338452891012,-19.1452803561589,-19.2877066009023,-19.3481286518135,-19.2015171863392,-19.1567480691631,-19.3587910254135,-19.348449479524,-19.2635690216436,-18.8985991070505,-18.3262354241552,-17.7360712751658,-17.1460883591398,-16.4395705172592,-15.9828397532062,-15.6642358112214,-15.584784393466,-15.6534562348776,-16.0290416377785,-16.0641710514113,-16.1398190331533,-16.0686008545036,-16.0133328653365,-16.3273082712017,-16.9825665732547,-18.533030990493,NaN,NaN,NaN,NaN,NaN,NaN,NaN,NaN,NaN,NaN,NaN,NaN,NaN,NaN,NaN,NaN,NaN,NaN,NaN,NaN,NaN,NaN,NaN,NaN,NaN,NaN,NaN,NaN,NaN,NaN,NaN,NaN,NaN,NaN,NaN,NaN,NaN,NaN,NaN,NaN,NaN,NaN,NaN,NaN,NaN,NaN,NaN,NaN,NaN,NaN,NaN,NaN,NaN,NaN,NaN,NaN,NaN,NaN,NaN,NaN,NaN,-19.9174613266856,-19.1763950700574,NaN,-18.3848599673204,-18.4158073580179,-18.4382992037944,-18.3115880160413,NaN,NaN,NaN,NaN,-17.5141972491624,NaN,NaN,-17.3108601683268,-17.3640260252221,-17.5639644167254,NaN,NaN,NaN,NaN,NaN,NaN,NaN,NaN,NaN,NaN,NaN
-18.5694092484625,-18.7358807669528,-18.6984855182612,-18.3562227998149,-18.3789294717349,-18.4741827151847,-18.5801095000423,-18.6039320320531,-18.6664505686211,-18.6114473487225,-18.5852956403498,-18.6647545366079,-18.699064279968,-18.7269757749514,-18.8097866623387,-18.7522367742448,-18.752840295165,-18.9546246338174,-18.9100201555188,-18.8073167434011,-18.6660885839342,-18.3805005670099,-18.3980108880817,-18.2621783828657,-18.0211688050835,-18.0088485696628,-18.067568309225,-17.9945257233019,-17.9433500895792,-17.646630475543,-17.6319239123119,-17.6615663414566,-17.7718158709437,-17.7596588482175,-17.8644778950886,-18.1839332912443,-18.2744636585115,-18.4103754646724,-18.4395732702809,-18.2917831168243,-18.3276706091964,-18.4499678416032,-18.5113309068597,-18.5637876787536,-18.4994379908819,-18.512462935729,-18.3966778490611,-18.3857758904001,-18.4392552998821,-18.4277539473167,-18.5564539326286,-18.5621803550056,-18.6492944130012,-18.5872263684073,-18.6965015395894,-18.7904614582406,-18.8450564661795,-18.8122483762907,-18.8770539604812,-19.0837054726532,-19.1493749949075,-19.323458049306,-19.2999512249189,-19.1848724618639,-19.183780102209,-19.3751579290976,-19.3319004585488,-19.2207157214119,-18.7906557021112,-18.1832760686375,-17.6971860662461,-17.0308420728597,-16.2792034056288,-15.8287621430991,-15.5905742055627,-15.570484238619,-15.7853471908317,-16.2113314818282,-16.1764848024359,-16.1596756018044,-15.9805531897687,-16.2674530908711,-16.5590123525103,-17.4708320917496,-19.2286850334858,NaN,NaN,NaN,NaN,NaN,NaN,NaN,NaN,NaN,NaN,NaN,NaN,NaN,NaN,NaN,NaN,NaN,NaN,NaN,NaN,NaN,NaN,NaN,NaN,NaN,NaN,NaN,NaN,NaN,NaN,NaN,NaN,NaN,NaN,NaN,NaN,NaN,NaN,NaN,NaN,NaN,NaN,NaN,NaN,NaN,NaN,NaN,NaN,NaN,NaN,NaN,NaN,NaN,NaN,NaN,NaN,NaN,NaN,NaN,NaN,NaN,NaN,NaN,NaN,-18.4952344700354,-18.4811872456621,-18.5551577785517,-18.3662846499734,-18.4773365406873,NaN,NaN,NaN,-17.4253931052284,NaN,NaN,-17.3438548103101,-17.4037221260676,-17.4879907673402,NaN,NaN,NaN,NaN,NaN,NaN,NaN,NaN,NaN,NaN,NaN
-18.546471599389,-18.6907548132727,-18.6856146407587,-18.3753650437872,-18.3379157916663,-18.4249639836503,-18.5839223210342,-18.5873735925388,-18.630260998642,-18.5151385114778,-18.5489159099901,-18.6087882328549,-18.5788480653076,-18.676486226831,-18.7063205665606,-18.7437689650869,-18.7325941738436,-18.91956482245,-18.8388824586442,-18.797515618529,-18.7054124004882,-18.504914989632,-18.4266527477702,-18.3006089948731,-18.0204413046171,-17.9906260650943,-18.0161032846135,-17.94911485253,-17.9190714243924,-17.6406675225728,-17.6119421962677,-17.6282789316436,-17.7137049073244,-17.7984477256617,-17.9193355323337,-18.2107152146778,-18.2999190815005,-18.4752032264422,-18.4968997700777,-18.3469203356808,-18.3654515008059,-18.4501402392571,-18.5474525835655,-18.6148947842161,-18.5122460531419,-18.5045319527588,-18.4443289254433,-18.4389617978413,-18.4506833536952,-18.478924998617,-18.5861409915328,-18.5774583016587,-18.6548801210093,-18.6035124966044,-18.7034468342956,-18.8165189102095,-18.865059311281,-18.8621972937574,-18.967290852147,-19.1515195624645,-19.2192919392747,-19.3444863218992,-19.2723443199779,-19.2294091021369,-19.2054658591542,-19.3583151988492,-19.3165255756367,-19.0884656092813,-18.6480832020154,-18.1435658424074,-17.5986949452065,-16.9787567759874,-16.1564418725635,-15.7170934785328,-15.4372278055305,-15.5431003880406,-15.7785767003002,-16.3221996744517,-16.2052212818128,-15.9698383869124,-16.0566919255217,-16.4876138644883,-16.696072706415,-17.9332254885367,-19.3905717128002,NaN,NaN,NaN,NaN,NaN,NaN,NaN,NaN,NaN,NaN,NaN,NaN,NaN,NaN,NaN,NaN,NaN,NaN,NaN,NaN,NaN,NaN,NaN,NaN,NaN,NaN,NaN,NaN,NaN,NaN,NaN,NaN,NaN,NaN,NaN,NaN,NaN,NaN,NaN,NaN,NaN,NaN,NaN,NaN,NaN,NaN,NaN,NaN,NaN,NaN,NaN,NaN,NaN,NaN,NaN,NaN,NaN,NaN,NaN,NaN,NaN,NaN,NaN,-18.7833005124394,-18.5611930175131,-18.4822835284114,NaN,-18.4176930278019,-18.3938565386068,NaN,NaN,-17.3494812088117,-17.4792834227957,NaN,NaN,-17.3383476739631,-17.3798985588888,NaN,NaN,NaN,NaN,NaN,NaN,NaN,NaN,NaN,NaN,NaN,NaN
-18.5423075521417,-18.6107589096386,-18.6517006893047,-18.3891964137251,-18.3269364840361,-18.4264268839414,-18.5964206027635,-18.665559005912,-18.6735243864699,-18.568281355138,-18.5356971510697,-18.5840863467441,-18.5149728950639,-18.6116637988874,-18.6580173319036,-18.7074727334642,-18.7278777295618,-18.8447253380725,-18.7974859679722,-18.7045862449737,-18.6919044721132,-18.5603808101069,-18.4190553126592,-18.3149373809007,-18.0138252004917,-17.9074947538928,-17.9742898430422,-17.8630494406421,-17.8586570467764,-17.6229677981673,-17.6989999113061,-17.636219067756,-17.7787476657294,-17.8218842482428,-17.9738332175906,-18.2378702701947,-18.3068598139735,-18.4653609249185,-18.4228162595643,-18.3363957264972,-18.3913816687669,-18.5337290584922,-18.6042392055647,-18.6962773688162,-18.6047670977549,-18.518186975275,-18.4785336588944,-18.4807229362421,-18.5357780022945,-18.5212870063762,-18.649312952595,-18.6311234048576,-18.6800716135762,-18.6408603101927,-18.7343338523816,-18.8232716269554,-18.859373163146,-18.8804981285152,-19.0172202791611,-19.2045104862718,-19.2189467366645,-19.2858558688358,-19.2432242219351,-19.2659057792813,-19.2547047005789,-19.3335579819814,-19.2421500302254,-19.0194739057142,-18.5979007425887,-18.1339828514065,-17.4989701933645,-16.8585246605504,-16.0444996772999,-15.6816772956519,-15.3536194317949,-15.5310726941323,-15.9750332857747,-16.4608564027561,-16.2612356152692,-15.8549333806053,-15.9517079747146,-16.6631519247666,-16.9492072277449,-18.4613317333491,-20.0763075419081,NaN,NaN,NaN,NaN,NaN,NaN,NaN,NaN,NaN,NaN,NaN,NaN,NaN,NaN,NaN,NaN,NaN,NaN,NaN,NaN,NaN,NaN,NaN,NaN,NaN,NaN,NaN,NaN,NaN,NaN,NaN,NaN,NaN,NaN,NaN,NaN,NaN,NaN,NaN,NaN,NaN,NaN,NaN,NaN,NaN,NaN,NaN,NaN,NaN,NaN,NaN,NaN,NaN,NaN,NaN,NaN,NaN,NaN,NaN,NaN,NaN,NaN,-19.4532817497949,-18.8846478759614,NaN,-18.3081804055787,NaN,-18.4211167390574,-18.422772892032,NaN,NaN,-17.2710219400571,-17.4196600425236,-17.4049346112183,-17.614520711037,-17.3518707380116,-17.3497802649562,-17.5207651577247,NaN,NaN,NaN,NaN,NaN,NaN,NaN,NaN,NaN,NaN,NaN
-18.507578004493,-18.588130808577,-18.5173241371725,-18.2595509115383,-18.2773499078451,-18.3534498528699,-18.5578823705127,-18.731283420163,-18.7457026240675,-18.6835164495649,-18.6213298398253,-18.6004388963938,-18.5105536378372,-18.5601463945447,-18.5879436106965,-18.6782912269952,-18.7125235117323,-18.8042591824899,-18.7630555346269,-18.6876795592651,-18.719687942062,-18.5321215891761,-18.4525279180515,-18.291523731327,-18.0354447755265,-17.9580721800897,-17.9427471223315,-17.7893002502969,-17.8116132563757,-17.6519578976893,-17.6477263958373,-17.6814638218056,-17.8427252189573,-17.8809964664724,-17.9996835969951,-18.2461214072905,-18.3531934532707,-18.4293123090856,-18.4094113944687,-18.4274295673287,-18.4957410212039,-18.6444922236099,-18.7232865933469,-18.7330800271801,-18.6273419557774,-18.589042850577,-18.6038727809934,-18.6317697633002,-18.6492722050516,-18.6441865072633,-18.7087561086904,-18.6875736062721,-18.7298491433856,-18.6717633094402,-18.7529636479808,-18.7899526848323,-18.8402363212744,-18.8984233139163,-19.0545921329505,-19.2291261522456,-19.2973854150769,-19.331537093931,-19.3179798296749,-19.2894340991365,-19.2216092685625,-19.2882664057689,-19.1884695988253,-18.9215818755898,-18.5447747266905,-18.0938175501374,-17.4596364333513,-16.7614095141341,-15.9737818016926,-15.7067350870673,-15.3501811451253,-15.555420352793,-15.9320358230934,-16.2024126669306,-16.180780445686,-15.9108790986945,-16.1385862845595,-16.8961883533982,-17.1708064640327,-18.5637878854915,NaN,NaN,NaN,NaN,NaN,NaN,NaN,NaN,NaN,NaN,NaN,NaN,NaN,NaN,NaN,NaN,NaN,NaN,NaN,NaN,NaN,NaN,NaN,NaN,NaN,NaN,NaN,NaN,NaN,NaN,NaN,NaN,NaN,NaN,NaN,NaN,NaN,NaN,NaN,NaN,NaN,NaN,NaN,NaN,NaN,NaN,NaN,NaN,NaN,NaN,NaN,NaN,NaN,NaN,NaN,NaN,NaN,NaN,NaN,NaN,NaN,NaN,NaN,NaN,NaN,NaN,-18.2568685610922,-17.9980436712169,NaN,-18.4222060307645,NaN,-18.1035567816309,-17.630246652469,NaN,-17.5045972001308,-17.5860549385985,-17.3849109451056,-17.3628173197569,-17.5305926804091,NaN,NaN,NaN,NaN,NaN,NaN,NaN,NaN,NaN,NaN,NaN
-18.4999299183193,-18.5549347246162,-18.372120170648,-18.1815979169216,-18.2364120940423,-18.3138121943891,-18.5851117255378,-18.8105274119578,-18.7862735732208,-18.6889772423385,-18.6273522023984,-18.6210617430941,-18.5099408672216,-18.5647539580409,-18.5638918752787,-18.6044400865936,-18.6406105761342,-18.7238587434856,-18.7622612850142,-18.6312138853845,-18.7123027131664,-18.5319158233722,-18.4349721625222,-18.3203479142396,-18.1125718175815,-17.9368290478901,-17.8586501662521,-17.7449420984037,-17.7775416110229,-17.6316033087231,-17.7076540609524,-17.6938361543342,-17.8996909562925,-17.9493411287862,-18.0374991409785,-18.2200662305468,-18.3932632073262,-18.4300670417245,-18.4158743627544,-18.5414079366834,-18.5889869394039,-18.7467506832758,-18.7632867761503,-18.7764357440973,-18.6979341579175,-18.6528715289036,-18.6879810977229,-18.7650297333187,-18.7882305826344,-18.7880263237532,-18.7840457372058,-18.7674660144786,-18.752766724267,-18.7549940725021,-18.8087026029816,-18.8142157706279,-18.8308287906783,-18.9205788523265,-19.0517174420032,-19.1855098648779,-19.2442048461156,-19.3126198494703,-19.2908782362422,-19.3268923124032,-19.2764086546343,-19.3436019579507,-19.1607772680318,-18.855647652639,-18.4937819579023,-18.0098450490335,-17.3641327171351,-16.6916267191224,-15.9459255443189,-15.8319821462101,-15.513133321536,-15.6842748982525,-15.9757480896331,-16.2935197226528,-16.1902735164372,-15.9238150703358,-16.2704396065609,-16.9697178150424,-17.2345893416934,-18.2571483151259,NaN,NaN,NaN,NaN,NaN,NaN,NaN,NaN,NaN,NaN,NaN,NaN,NaN,NaN,NaN,NaN,NaN,NaN,NaN,NaN,NaN,NaN,NaN,NaN,NaN,NaN,NaN,NaN,NaN,NaN,NaN,NaN,NaN,NaN,NaN,NaN,NaN,NaN,NaN,NaN,NaN,NaN,NaN,NaN,NaN,NaN,NaN,NaN,NaN,NaN,NaN,NaN,NaN,NaN,NaN,NaN,NaN,NaN,NaN,NaN,NaN,NaN,NaN,NaN,NaN,NaN,-18.3158409484127,-18.0550397273375,NaN,-18.4662386469682,NaN,-18.2661067209827,NaN,NaN,-17.3864050026297,-17.4747598495014,-17.3572629659607,-17.3546298244319,-17.461131117602,NaN,NaN,NaN,NaN,NaN,NaN,NaN,NaN,NaN,NaN,NaN
-18.3867535139019,-18.5485496643479,-18.2474965431222,-18.0591924026222,-18.1823922254462,-18.3216737414826,-18.6238749523467,-18.8414135237498,-18.8223730055479,-18.7197810217622,-18.6091191985736,-18.5803448154947,-18.4925474981709,-18.5133874663797,-18.5127724463558,-18.537130219742,-18.5979395429913,-18.7036820349186,-18.7019863303954,-18.5584998321475,-18.6802029005173,-18.5320780975363,-18.415120038166,-18.3769406036693,-18.1010368430638,-17.8817363741412,-17.7545643240984,-17.7301195829023,-17.7304770602797,-17.5320844081677,-17.7485901824875,-17.8067380967694,-17.8712777157918,-17.9903868372694,-18.0687557224479,-18.2156726868532,-18.4016253437087,-18.4463324452262,-18.4631212420428,-18.5802847465797,-18.6477066125503,-18.7524161768212,-18.805970644563,-18.8552478582513,-18.8019054998612,-18.7887142878747,-18.8392549514036,-18.8976397753972,-18.936353880477,-18.9142465284948,-18.8818683820857,-18.8050015237845,-18.8027254234489,-18.8191987712162,-18.8426254603084,-18.8351030626787,-18.8533835454399,-18.9651932256424,-19.1012061746526,-19.1844164638901,-19.2406648728229,-19.3112294302676,-19.2737829281627,-19.3188890186041,-19.2707352306426,-19.3236008507177,-19.0484119193623,-18.7855914661458,-18.3574525614371,-17.8368978819283,-17.1581936807479,-16.602200373521,-15.944300487261,-15.929986371818,-15.7062894223376,-15.9396488535795,-16.0840307990388,-16.2555349364255,-16.158299774354,-16.1823889821073,-16.5975798321184,-17.2510501236038,-17.7142323915294,-19.474298306466,NaN,NaN,NaN,NaN,NaN,NaN,NaN,NaN,NaN,NaN,NaN,NaN,NaN,NaN,NaN,NaN,NaN,NaN,NaN,NaN,NaN,NaN,NaN,NaN,NaN,NaN,NaN,NaN,NaN,NaN,NaN,NaN,NaN,NaN,NaN,NaN,NaN,NaN,NaN,NaN,NaN,NaN,NaN,NaN,NaN,NaN,NaN,NaN,NaN,NaN,NaN,NaN,NaN,NaN,NaN,NaN,NaN,NaN,NaN,NaN,NaN,NaN,NaN,NaN,NaN,NaN,-18.3306658524172,-18.0288195201352,NaN,-18.4913757550531,NaN,NaN,NaN,NaN,-17.4647811702749,-17.592352075082,-17.3376583655883,-17.3330798337711,-17.4938237023966,NaN,NaN,NaN,NaN,NaN,NaN,NaN,NaN,NaN,NaN,NaN
-18.2734147978281,-18.5000959184054,-18.1474670892601,-17.9471082129249,-18.1349154842169,-18.3104051620501,-18.6617259835182,-18.8632781964545,-18.7884838705879,-18.7094935116345,-18.5473607240711,-18.5668900734743,-18.5240021848304,-18.4727887661233,-18.4567572993177,-18.4632023103172,-18.6224113585417,-18.6682422549283,-18.6885110002871,-18.5479481504248,-18.6438402402314,-18.5183048637247,-18.4116314890872,-18.3445736500793,-18.0346124877501,-17.7592575307366,-17.610679103382,-17.6442264353336,-17.7268236675542,-17.4737942984958,-17.7988099808762,-17.8926102839609,-17.8757235702112,-17.9771276046235,-18.0676289431341,-18.1413896654402,-18.3357810193999,-18.3782528691033,-18.4234560351773,-18.5843284681472,-18.6286294353155,-18.7480371277483,-18.887932605298,-18.9553296469825,-18.9780265279277,-18.9762180047895,-19.0087801225069,-18.9872375244016,-19.0239893780796,-18.9982705975319,-18.9919589368689,-18.9365576481009,-18.8474100400009,-18.8806379675933,-18.8460101377838,-18.8364446387914,-18.8503208671993,-18.9215262386033,-19.0850566875335,-19.1992197064649,-19.2592153335239,-19.3500664618089,-19.2824149683461,-19.268475046267,-19.2465237081271,-19.2811886091833,-18.9989062405795,-18.6659593006121,-18.179495762282,-17.5794582168368,-17.0237008199224,-16.5530404781812,-15.9505672848463,-15.8996132821948,-15.869882442167,-16.0321868087563,-16.2339941332339,-16.2145902338548,-16.3025212729815,-16.3458669160817,-16.5623744043545,-17.5016873355632,-18.7695107124292,NaN,NaN,NaN,NaN,NaN,NaN,NaN,NaN,NaN,NaN,NaN,NaN,NaN,NaN,NaN,NaN,NaN,NaN,NaN,NaN,NaN,NaN,NaN,NaN,NaN,NaN,NaN,NaN,NaN,NaN,NaN,NaN,NaN,NaN,NaN,NaN,NaN,NaN,NaN,NaN,NaN,NaN,NaN,NaN,NaN,NaN,NaN,NaN,NaN,NaN,NaN,NaN,NaN,NaN,NaN,NaN,NaN,NaN,NaN,NaN,NaN,NaN,NaN,NaN,NaN,NaN,NaN,-18.3479504857916,-18.0875460730101,NaN,-18.499724885962,NaN,NaN,NaN,NaN,NaN,NaN,-17.5031471039896,-17.3377275366512,-17.4309839473753,NaN,NaN,NaN,NaN,NaN,NaN,NaN,NaN,NaN,NaN,NaN
-18.1931317026005,-18.40877229648,-18.0306412613836,-17.8931868872699,-18.0774658653391,-18.330330771499,-18.6886659510387,-18.8584861410056,-18.8250626485078,-18.7665539319026,-18.5321927578199,-18.532801249273,-18.5438970556702,-18.4618906615354,-18.3968742098288,-18.4516873782012,-18.5796101230202,-18.6217628142754,-18.5852760681456,-18.5029524076431,-18.5432921764904,-18.4537859729051,-18.3797193864874,-18.2817165122545,-17.9993849620886,-17.6948818822481,-17.577122535846,-17.5377637297215,-17.6868802093222,-17.4622603639002,-17.791704680065,-17.9408144298881,-17.868551676631,-17.9887597149662,-18.0671571710295,-18.1154498564143,-18.3360120933488,-18.3536991819742,-18.4046943083306,-18.5597004981054,-18.6880655304312,-18.7764475429672,-18.955647841039,-19.0773791059787,-19.192253986796,-19.203657648875,-19.1795214072686,-19.1506848322873,-19.2217008089137,-19.1932142889416,-19.1610596891836,-19.129956525008,-18.9994666709272,-18.9282882513764,-18.8065307853955,-18.843791046352,-18.9013659805779,-18.9150283365587,-19.1384299970942,-19.2596745844318,-19.2766375553097,-19.3214037947681,-19.2167244422276,-19.1763379153884,-19.1724818303135,-19.2352115606104,-18.9302022056398,-18.5216518128234,-17.978091436606,-17.4272928140686,-16.8987982454812,-16.5158449020787,-16.0341098393875,-16.1522125778262,-16.0857779483788,-16.1872119344796,-16.1724293952768,-15.8911216959259,-16.3143162571802,-16.4006311648293,-17.3299374261831,-18.2941912236747,NaN,NaN,NaN,NaN,NaN,NaN,NaN,NaN,NaN,NaN,NaN,NaN,NaN,NaN,NaN,NaN,NaN,NaN,NaN,NaN,NaN,NaN,NaN,NaN,NaN,NaN,NaN,NaN,NaN,NaN,NaN,NaN,NaN,NaN,NaN,NaN,NaN,NaN,NaN,NaN,NaN,NaN,NaN,NaN,NaN,NaN,NaN,NaN,NaN,NaN,NaN,NaN,NaN,NaN,NaN,NaN,NaN,NaN,NaN,NaN,NaN,NaN,NaN,NaN,NaN,NaN,NaN,NaN,-18.4657784265285,-18.1282700082922,NaN,-18.5711172124673,-18.5210263790102,NaN,NaN,NaN,NaN,NaN,-17.6871633838942,-17.2680940914524,-17.4595869276664,NaN,NaN,NaN,NaN,NaN,NaN,NaN,NaN,NaN,NaN,NaN
-18.1787532610541,-18.3630162367077,-18.0218724962281,-17.8464430157469,-18.0770103015079,-18.2770568872518,-18.6080279949591,-18.8444908005193,-18.8734149969833,-18.7244278947038,-18.5218728630294,-18.5416204589848,-18.5742758424722,-18.4830230405764,-18.392845987196,-18.4302625661167,-18.5847888732877,-18.5435535552241,-18.4455212929703,-18.3859714537849,-18.4450716877516,-18.3671888288019,-18.2743217931118,-18.1884082234284,-17.9517365564494,-17.6597960245804,-17.546464541115,-17.5427487362509,-17.6849819887697,-17.5330085663863,-17.8497665450059,-17.9833875260829,-17.920209649016,-17.9630690184124,-18.0755629134745,-18.1292021770042,-18.3410117452813,-18.3548761931341,-18.4476589798837,-18.6351403030454,-18.8050731285318,-18.9381865168374,-19.0480382306882,-19.1698462617847,-19.3291854030022,-19.3055433109914,-19.2938947252809,-19.3055947705943,-19.3694599525704,-19.3358127040717,-19.2755568442104,-19.220126933244,-19.118336226657,-18.9988559028269,-18.841843339826,-18.8896332938215,-18.9958194402769,-19.0215784360631,-19.2276090930485,-19.2994193414193,-19.3364244064356,-19.3227536207194,-19.1888015731289,-19.1390083796285,-19.1610058433074,-19.1915768313158,-18.8490852817786,-18.3611467330155,-17.7699224323227,-17.2006345595864,-16.7118267842627,-16.4731701427032,-16.1265471029852,-16.2284856652765,-16.2728357055499,-16.2905536881532,-16.233234008784,-16.1743401068845,-16.6241166902009,-17.040396595663,-17.6516066439095,NaN,NaN,NaN,NaN,NaN,NaN,NaN,NaN,NaN,NaN,NaN,NaN,NaN,NaN,NaN,NaN,NaN,NaN,NaN,NaN,NaN,NaN,NaN,NaN,NaN,NaN,NaN,NaN,NaN,NaN,NaN,NaN,NaN,NaN,NaN,NaN,NaN,NaN,NaN,NaN,NaN,NaN,NaN,NaN,NaN,NaN,NaN,NaN,NaN,NaN,NaN,NaN,NaN,NaN,NaN,NaN,NaN,NaN,NaN,NaN,NaN,NaN,NaN,NaN,NaN,NaN,NaN,NaN,NaN,-18.3255332584836,-18.1564070625748,NaN,-18.5885595499648,-18.5586851015921,NaN,NaN,NaN,NaN,NaN,-17.8338005744067,-17.3135814908389,-17.4695701958585,NaN,NaN,NaN,NaN,NaN,NaN,NaN,NaN,NaN,NaN,NaN
-18.1406026328289,-18.2708988019378,-17.9598718706117,-17.8248358593333,-18.0413351989891,-18.2915094434408,-18.5085979364133,-18.7714291462466,-18.8051664242869,-18.6694338115356,-18.4903350230157,-18.4967134363961,-18.5523521972734,-18.5618884984364,-18.4908821727815,-18.4445528072888,-18.5262503851234,-18.4462679106454,-18.3132867549676,-18.2618424721969,-18.3475972143857,-18.2474724603147,-18.1905141760149,-18.1429599797202,-17.9868736012182,-17.6667401152375,-17.5872844081251,-17.6016439389368,-17.7623420978956,-17.6701673753332,-17.9128813188655,-17.9883314189163,-17.9213220117385,-17.9621206135951,-18.0654823405021,-18.1277202203233,-18.3171640761602,-18.4043765887947,-18.5536146439572,-18.7361765738854,-18.915871743928,-19.1123833685796,-19.1997032103126,-19.3124636388756,-19.4237244287825,-19.3789141652503,-19.4100612708223,-19.4124143892022,-19.4211150672243,-19.3727253691027,-19.3545907060474,-19.2936009779247,-19.1608777036898,-18.9590659068149,-18.8513440147976,-18.9715039932458,-19.0666613134353,-19.161075314227,-19.3005206854555,-19.3250402679503,-19.3827636896656,-19.2913009535881,-19.1684035684279,-19.1518633474701,-19.0759050786362,-19.0129189906831,-18.6645519561673,-18.149113768899,-17.4377027073816,-16.867143709129,-16.5215737384189,-16.3992261848512,-16.1866614295381,-16.3567159597311,-16.5453476743212,-16.5685761346514,-16.2223137966251,-16.1688859775755,-16.6490512907264,-17.1701598434872,-17.572540283487,NaN,NaN,NaN,NaN,NaN,NaN,NaN,NaN,NaN,NaN,NaN,NaN,NaN,NaN,NaN,NaN,NaN,NaN,NaN,NaN,NaN,NaN,NaN,NaN,NaN,NaN,NaN,NaN,NaN,NaN,NaN,NaN,NaN,NaN,NaN,NaN,NaN,NaN,NaN,NaN,NaN,NaN,NaN,NaN,NaN,NaN,NaN,NaN,NaN,NaN,NaN,NaN,NaN,NaN,NaN,NaN,NaN,NaN,NaN,NaN,NaN,NaN,NaN,NaN,NaN,NaN,NaN,NaN,NaN,-18.5050798814575,-18.313487764331,NaN,-18.6509595500116,-18.5445033829139,NaN,NaN,NaN,NaN,NaN,-17.8596344178268,-17.420708747881,-17.4668090225617,NaN,NaN,NaN,NaN,NaN,NaN,NaN,NaN,NaN,NaN,NaN
-18.1375308880592,-18.2345495933395,-17.9124842485535,-17.8187390878977,-18.031524020161,-18.2991596235294,-18.3663014479788,-18.6873925885264,-18.7582584293538,-18.5505208988029,-18.3686579619011,-18.4927074384379,-18.5515007068142,-18.5848574058749,-18.6498070955506,-18.4462595396143,-18.4408551635603,-18.2791794243175,-18.183804306714,-18.1401345703495,-18.235221418113,-18.1515075409389,-18.1410862491443,-18.1034808603321,-17.9859831981368,-17.6778353300443,-17.5637319934526,-17.6207149594593,-17.7669247105091,-17.7067475356221,-17.940849499241,-17.9380830762472,-17.9424684068431,-17.9905943849379,-18.0426555026448,-18.1344253552232,-18.2606039956678,-18.3671249184065,-18.6254319610495,-18.7194720696063,-19.0325273686074,-19.2207777044633,-19.2839189359694,-19.4037446725285,-19.4872180387819,-19.4730648926911,-19.4822877945458,-19.4474450662083,-19.4540714290506,-19.4075302835598,-19.3659059769756,-19.3302027186986,-19.1941465111757,-18.9215049677708,-18.951948751499,-19.106743086437,-19.2601055001918,-19.3411819807585,-19.4218456857881,-19.4107690650899,-19.3919872662751,-19.2231835750777,-19.1185166088343,-19.0806196407054,-18.9726489682114,-18.8768314983857,-18.4550191568459,-17.9122214513868,-17.2257637921832,-16.674307285904,-16.4539706621856,-16.2760550359089,-16.2951799890589,-16.4777511248102,-16.6804502226946,-16.6496472969822,-16.3602622738587,-16.5699832840583,-17.2120897415633,-18.1311448697479,-18.2635664322443,NaN,NaN,NaN,NaN,NaN,NaN,NaN,NaN,NaN,NaN,NaN,NaN,NaN,NaN,NaN,NaN,NaN,NaN,NaN,NaN,NaN,NaN,NaN,NaN,NaN,NaN,NaN,NaN,NaN,NaN,NaN,NaN,NaN,NaN,NaN,NaN,NaN,NaN,NaN,NaN,NaN,NaN,NaN,NaN,NaN,NaN,NaN,NaN,NaN,NaN,NaN,NaN,NaN,NaN,NaN,NaN,NaN,NaN,NaN,NaN,NaN,NaN,NaN,NaN,NaN,NaN,NaN,NaN,NaN,-18.6434723088122,-18.4695111463359,NaN,NaN,-18.5881719779192,-18.5437722313135,NaN,NaN,NaN,NaN,-17.7813660185595,-17.4281415395815,-17.4870112531805,NaN,NaN,NaN,NaN,NaN,NaN,NaN,NaN,NaN,NaN,NaN
-18.1267388051223,-18.1910362009195,-17.8662404646193,-17.8025174807104,-18.0144279717474,-18.3116996806509,-18.3492976984846,-18.6123925807564,-18.7131131462214,-18.5226918641869,-18.2942440978795,-18.4540145355416,-18.5002618634106,-18.599459227243,-18.6658897543206,-18.4581157868049,-18.3652704105289,-18.1510076316063,-18.0582891765783,-18.0607416984801,-18.1331099134753,-18.1006080560262,-18.104064658089,-18.0562098348776,-18.0007068618604,-17.75621916336,-17.6459167741082,-17.577935087187,-17.7100497032786,-17.6495891786913,-17.8725250887701,-17.8460707646198,-17.9780274192152,-18.0881724176693,-17.9998135892985,-18.1646246291657,-18.274877788116,-18.41397127717,-18.7053649835508,-18.8161464857664,-19.0575506192145,-19.2978453097988,-19.3246869680513,-19.4235494649738,-19.5370197335523,-19.5527209970335,-19.5666909922958,-19.5265185452638,-19.5285169096817,-19.48072925832,-19.4207789372303,-19.4365531215838,-19.2764375500395,-19.1003367825842,-19.1049141723709,-19.2478783975398,-19.4008820088131,-19.3862666468854,-19.4406335378556,-19.3766796233085,-19.3231980902548,-19.1285002201373,-19.0953138143642,-18.9699222447841,-18.8273106026494,-18.696744699095,-18.327575568413,-17.7445512917246,-17.0100455806553,-16.4676284213001,-16.2402743897395,-16.207829894042,-16.1798747371637,-16.76386655405,-16.8992720970566,-16.7012133331856,-16.5408251162998,-17.0519170757094,-18.015478664827,NaN,NaN,NaN,NaN,NaN,NaN,NaN,NaN,NaN,NaN,NaN,NaN,NaN,NaN,NaN,NaN,NaN,NaN,NaN,NaN,NaN,NaN,NaN,NaN,NaN,NaN,NaN,NaN,NaN,NaN,NaN,NaN,NaN,NaN,NaN,NaN,NaN,NaN,NaN,NaN,NaN,NaN,NaN,NaN,NaN,NaN,NaN,NaN,NaN,NaN,NaN,NaN,NaN,NaN,NaN,NaN,NaN,NaN,NaN,NaN,NaN,NaN,NaN,NaN,NaN,NaN,NaN,NaN,NaN,NaN,NaN,NaN,-18.3646560117485,NaN,NaN,NaN,-18.5800530899099,NaN,NaN,NaN,NaN,-17.6517565850524,-17.4997195961799,-17.4355290632631,NaN,NaN,NaN,NaN,NaN,NaN,NaN,NaN,NaN,NaN,NaN
-18.1292613018239,-18.1086883305668,-17.8395892050505,-17.8275583396809,-18.0232008571683,-18.3338409712057,-18.3164715178633,-18.5516888250664,-18.6646268919991,-18.4940104037894,-18.2799948209758,-18.4062149727334,-18.4721818233264,-18.5599804497898,-18.636294727234,-18.4080571351575,-18.3471355901967,-18.0823303922326,-17.9602388023566,-17.9872041170052,-18.0138973458417,-18.0030202275908,-18.0285695805571,-18.0380517123035,-18.006141882636,-17.8369907802152,-17.7139574710634,-17.5915628804757,-17.6792955756403,-17.5935992245708,-17.8479616255616,-17.82991843163,-17.9818889559768,-18.1146553006577,-17.9787915341034,-18.1554677666094,-18.2903257760348,-18.4950051006185,-18.801403905688,-18.8981200658139,-19.1229490988994,-19.3416667836933,-19.4053016587221,-19.4984674220036,-19.6042390963083,-19.5877708086521,-19.5585343291839,-19.5508315811041,-19.6140553386284,-19.5836636278747,-19.5754116870025,-19.5048727040401,-19.3705014730971,-19.2050613584067,-19.2273480245582,-19.3257007162649,-19.4049317197528,-19.339550815534,-19.3992186118585,-19.3445717892698,-19.258135129356,-19.0633113625302,-18.9809484431688,-18.8118593295837,-18.6686734753602,-18.5175524346385,-18.1114375069729,-17.4985100611543,-16.841287266077,-16.3790292966724,-16.1962251218365,-16.229112333391,-16.3400406588688,-16.981272326356,-16.942888744836,-16.4708469283243,-16.5345199386398,-17.291537550032,NaN,NaN,NaN,NaN,NaN,NaN,NaN,NaN,NaN,NaN,NaN,NaN,NaN,NaN,NaN,NaN,NaN,NaN,NaN,NaN,NaN,NaN,NaN,NaN,NaN,NaN,NaN,NaN,NaN,NaN,NaN,NaN,NaN,NaN,NaN,NaN,NaN,NaN,NaN,NaN,NaN,NaN,NaN,NaN,NaN,NaN,NaN,NaN,NaN,NaN,NaN,NaN,NaN,NaN,NaN,NaN,NaN,NaN,NaN,NaN,NaN,NaN,NaN,NaN,NaN,NaN,NaN,NaN,NaN,NaN,NaN,NaN,NaN,-18.5019827020897,NaN,NaN,NaN,-18.6030438782623,-18.591173060075,-18.7835840906781,NaN,NaN,-17.6788480565259,-17.4558456082194,-17.4134392918592,-17.4348799953675,NaN,NaN,NaN,NaN,NaN,NaN,NaN,NaN,NaN,NaN
-18.0887848719838,-18.0293088823606,-17.8004223160702,-17.818987024012,-17.9746895113745,-18.2849784793616,-18.2931365631806,-18.4958259907995,-18.6550732777631,-18.4821865897891,-18.2705046685704,-18.3687490857984,-18.3894010807612,-18.5255156994641,-18.6156367886355,-18.3509926118311,-18.2533185828381,-18.0015360388309,-17.885519555834,-17.9150498159441,-17.9758265173443,-17.9020311432816,-17.9546730131325,-18.0220731148322,-18.0524408980136,-17.9685900905485,-17.7903532574695,-17.5826850553455,-17.5565852829252,-17.5782982431889,-17.8000932856712,-17.8161107788726,-18.0190581578132,-18.1142203328156,-18.0140721746762,-18.1632838563148,-18.3741330298044,-18.5596815654411,-18.8376385596984,-18.9606167577871,-19.2337758662673,-19.4451714972171,-19.4891574678382,-19.5401963313486,-19.6460905906575,-19.5712934352188,-19.6219686201523,-19.7055118313397,-19.7536446219121,-19.6661464039467,-19.6333430088839,-19.5787793412373,-19.3947417625458,-19.2919983037468,-19.2764309495158,-19.3190273223427,-19.3818102081041,-19.3567189370888,-19.3653266285226,-19.2842225744762,-19.2205799929527,-19.0982524064798,-18.9234663143096,-18.7358971423614,-18.5609533286488,-18.3677745997939,-17.8344431857396,-17.2066055166647,-16.5658581857455,-16.0452743726711,-16.0046659675197,-16.2309048003058,-16.4947064203267,-17.0184697468609,-16.9870366301089,-16.7423502128311,-16.839048201297,-17.6507443524974,NaN,NaN,NaN,NaN,NaN,NaN,NaN,NaN,NaN,NaN,NaN,NaN,NaN,NaN,NaN,NaN,NaN,NaN,NaN,NaN,NaN,NaN,NaN,NaN,NaN,NaN,NaN,NaN,NaN,NaN,NaN,NaN,NaN,NaN,NaN,NaN,NaN,NaN,NaN,NaN,NaN,NaN,NaN,NaN,NaN,NaN,NaN,NaN,NaN,NaN,NaN,NaN,NaN,NaN,NaN,NaN,NaN,NaN,NaN,NaN,NaN,NaN,NaN,NaN,NaN,NaN,NaN,NaN,NaN,NaN,NaN,NaN,NaN,NaN,NaN,NaN,NaN,-18.6778618510659,-18.7270761517564,-18.6515864909564,NaN,NaN,-17.6185798964253,-17.4889390070898,-17.4919109405949,-17.5158160433358,NaN,NaN,NaN,NaN,NaN,NaN,NaN,NaN,NaN,NaN
-18.1245050732816,-18.0104610663382,-17.8331696802267,-17.7326913809553,-17.9410297564806,-18.1854158549125,-18.2501259347418,-18.429786106626,-18.5693990061118,-18.4577290143048,-18.2517583095831,-18.3034510832067,-18.3247044011641,-18.5049167760177,-18.6165604854336,-18.3736787868881,-18.1787759096173,-17.9323191204066,-17.8002583066178,-17.7467737131693,-17.8834741248347,-17.8559807263101,-17.8867108507179,-18.0212666479926,-18.1320490072995,-18.0362874840903,-17.8634636166267,-17.6068732441139,-17.4865063592349,-17.4819082684769,-17.6814391055134,-17.7240323127763,-17.9848798254743,-18.067284826824,-18.0551668958266,-18.1148263954569,-18.332499213144,-18.5331207946547,-18.9269153571996,-19.0509306890132,-19.3250142218847,-19.4674398363511,-19.4884244818732,-19.5313724377877,-19.6719097472824,-19.6059901379691,-19.7182165586736,-19.760425639229,-19.8470296985047,-19.7430409389169,-19.6779304907962,-19.5481426138322,-19.3233241747757,-19.3074609761982,-19.2600399999789,-19.2791405813956,-19.254158907988,-19.2054379674983,-19.2225354107488,-19.213130342582,-19.1220729734812,-19.0498113522414,-18.7999324886856,-18.5807746560674,-18.3456815818549,-18.0684844397956,-17.5527935244563,-16.9048870212681,-16.2560148393036,-15.7395980216936,-15.8877239898007,-16.4585959519121,-16.9057909592045,-17.1986734846677,-17.0142379781075,-17.5252294944773,-17.7055013560661,NaN,NaN,NaN,NaN,NaN,NaN,NaN,NaN,NaN,NaN,NaN,NaN,NaN,NaN,NaN,NaN,NaN,NaN,NaN,NaN,NaN,NaN,NaN,NaN,NaN,NaN,NaN,NaN,NaN,NaN,NaN,NaN,NaN,NaN,NaN,NaN,NaN,NaN,NaN,NaN,NaN,NaN,NaN,NaN,NaN,NaN,NaN,NaN,NaN,NaN,NaN,NaN,NaN,NaN,NaN,NaN,NaN,NaN,NaN,NaN,NaN,NaN,NaN,NaN,NaN,NaN,NaN,NaN,NaN,NaN,NaN,NaN,NaN,NaN,NaN,NaN,NaN,NaN,-18.8719265256665,-18.7491537592311,-18.6207561507797,NaN,-17.6506105450573,-17.5604921485757,-17.5697062042314,-17.5278328483735,-17.5110370969491,NaN,NaN,NaN,NaN,NaN,NaN,NaN,NaN,NaN,NaN
-18.0976451268737,-18.0522195320023,-17.9074154817006,-17.7100720130557,-17.8166283759723,-18.0741763324468,-18.1690736161852,-18.3143871874201,-18.4915434735376,-18.3963300064725,-18.240679056962,-18.3125141013908,-18.2971776804795,-18.5054857319406,-18.6390667924583,-18.3731532986328,-18.1643537096721,-17.8424484291196,-17.7092488917477,-17.6961486359532,-17.864189959994,-17.8573828679399,-17.9144643144747,-18.0380505202214,-18.2439345648535,-18.1514792814487,-17.8510236378934,-17.5331885967934,-17.4416852865779,-17.4172630806301,-17.6343403312418,-17.7339767949749,-17.9855081409953,-18.0408744453443,-18.0710459083714,-18.131381388029,-18.301590083983,-18.5528258428004,-18.926172052589,-19.0961197602814,-19.4138154159332,-19.5775366279448,-19.578952246259,-19.6558667958208,-19.7885618250717,-19.6779988762848,-19.7108747655598,-19.8098165878814,-19.884434313551,-19.8371116481854,-19.6861347582922,-19.57209372616,-19.3738405635651,-19.3021444809825,-19.2173220373826,-19.1561262426399,-19.1194339492019,-19.0483420906215,-19.1050994593571,-19.1630676300728,-19.0879555233386,-18.9635500751439,-18.7348031401326,-18.5091733348547,-18.164679251691,-17.8288779388157,-17.2916820240279,-16.7154060098705,-15.9707719213972,-15.4441872938706,-15.7418822379664,-16.4944167900377,-16.7197464203907,-17.115564022347,-17.3264499494911,NaN,NaN,NaN,NaN,NaN,NaN,NaN,NaN,NaN,NaN,NaN,NaN,NaN,NaN,NaN,NaN,NaN,NaN,NaN,NaN,NaN,NaN,NaN,NaN,NaN,NaN,NaN,NaN,NaN,NaN,NaN,NaN,NaN,NaN,NaN,NaN,NaN,NaN,NaN,NaN,NaN,NaN,NaN,NaN,NaN,NaN,NaN,NaN,NaN,NaN,NaN,NaN,NaN,NaN,NaN,NaN,NaN,NaN,NaN,NaN,NaN,NaN,NaN,NaN,NaN,NaN,NaN,NaN,NaN,NaN,NaN,NaN,NaN,NaN,NaN,NaN,NaN,NaN,NaN,NaN,NaN,NaN,-18.5930433077589,NaN,-17.7123254978945,-17.6295703390213,-17.5866678014436,-17.4995628865959,-17.5360056769227,NaN,NaN,NaN,NaN,NaN,NaN,NaN,NaN,NaN,NaN
-18.0908898497835,-18.1050558138413,-17.9333475728399,-17.729210006959,-17.7298703321919,-18.0006883315573,-18.1245410032806,-18.2515888721696,-18.3975683141964,-18.3367335444166,-18.2340285898429,-18.2893774937281,-18.2264829040395,-18.4058015627329,-18.6681355576862,-18.3666150782689,-18.1777413120695,-17.7807679547309,-17.6937049708046,-17.624380918472,-17.8069690536226,-17.7702966112319,-17.8974451573822,-18.0439788719672,-18.3431827894741,-18.1475504966629,-17.7899826381947,-17.4915065877845,-17.4484296822275,-17.4638221715019,-17.6257467185384,-17.7079899371105,-17.9747112104397,-17.9949577013025,-18.0889857741603,-18.1466819213608,-18.2683214171889,-18.5502935090429,-18.9957812267589,-19.1431659318539,-19.4456135620756,-19.6139357244519,-19.6674393599137,-19.7446958754577,-19.8484446603371,-19.7551347961323,-19.738859206211,-19.8643962476094,-19.9304610836602,-19.8496163464254,-19.7076785427477,-19.574829838238,-19.3861487891345,-19.357000674732,-19.2478796980085,-19.1299397555742,-19.0148589128884,-18.9840579605919,-19.0169492829854,-19.1190217404391,-19.0346466639866,-18.9278432397243,-18.7351132915253,-18.4297305252095,-18.0065085353306,-17.5816601516208,-17.0039390626056,-16.3354403937935,-15.5852044066938,-15.1386950806761,-15.7173007396802,-16.3954790644023,-16.6386546756078,-17.4650129290866,NaN,NaN,NaN,NaN,NaN,NaN,NaN,NaN,NaN,NaN,NaN,NaN,NaN,NaN,NaN,NaN,NaN,NaN,NaN,NaN,NaN,NaN,NaN,NaN,NaN,NaN,NaN,NaN,NaN,NaN,NaN,NaN,NaN,NaN,NaN,NaN,NaN,NaN,NaN,NaN,NaN,NaN,NaN,NaN,NaN,NaN,NaN,NaN,NaN,NaN,NaN,NaN,NaN,NaN,NaN,NaN,NaN,NaN,NaN,NaN,NaN,NaN,NaN,NaN,NaN,NaN,NaN,NaN,NaN,NaN,NaN,NaN,NaN,NaN,NaN,NaN,NaN,NaN,NaN,NaN,NaN,NaN,-19.0433872042281,-18.8476871861653,NaN,-17.7065250344974,-17.6496063305399,-17.5244601849529,-17.4232610757576,-17.4144792458519,NaN,NaN,NaN,NaN,NaN,NaN,NaN,NaN,NaN,NaN
-18.115074020278,-18.1198766820623,-17.9528640279653,-17.7423379672832,-17.7130295250992,-17.9356893409652,-18.0396690758856,-18.1709850243655,-18.3165200900911,-18.3160866089685,-18.1684633284762,-18.2290774936623,-18.1541208692597,-18.3091618187955,-18.6575304472291,-18.3873623709002,-18.125296273469,-17.7575989255553,-17.6767587314902,-17.5576887812205,-17.6658147874415,-17.6456632771458,-17.8580823354654,-18.136617620215,-18.3881298670383,-18.1156684665519,-17.7353431502315,-17.522158041352,-17.5395779985607,-17.5154264832007,-17.6788666829107,-17.7552329406581,-17.9924399543608,-17.9911777096124,-18.1219219330417,-18.1315555774723,-18.3043551598831,-18.5514188164267,-18.9287457839154,-19.1664098208203,-19.4531714365409,-19.689913508319,-19.7886071408493,-19.810287929861,-19.7833855310426,-19.8053582162312,-19.7585371982919,-19.8410387214634,-19.8746304298679,-19.8430562527881,-19.7459154404905,-19.5911753732985,-19.4493830519794,-19.437324990926,-19.2609234347049,-19.1559527552929,-19.012503165882,-18.9289780226073,-18.9576265938291,-19.0400836068096,-18.9299867967086,-18.8556148436605,-18.6965960210759,-18.3450228598808,-17.8695828735346,-17.3957150876216,-16.7671710436887,-16.0806561314585,-15.3957770980469,-15.286938475697,-15.9852612187271,-16.4125551826403,-16.714691773292,NaN,NaN,NaN,NaN,NaN,NaN,NaN,NaN,NaN,NaN,NaN,NaN,NaN,NaN,NaN,NaN,NaN,NaN,NaN,NaN,NaN,NaN,NaN,NaN,NaN,NaN,NaN,NaN,NaN,NaN,NaN,NaN,NaN,NaN,NaN,NaN,NaN,NaN,NaN,NaN,NaN,NaN,NaN,NaN,NaN,NaN,NaN,NaN,NaN,NaN,NaN,NaN,NaN,NaN,NaN,NaN,NaN,NaN,NaN,NaN,NaN,NaN,NaN,NaN,NaN,NaN,NaN,NaN,NaN,NaN,NaN,NaN,NaN,NaN,NaN,NaN,NaN,NaN,NaN,NaN,NaN,NaN,NaN,-18.8398803923829,-18.5280695227667,NaN,-17.7681073418848,-17.5733609171037,-17.4152613995035,-17.4273428065436,-17.3447237962182,-17.3677019993258,NaN,NaN,NaN,NaN,NaN,NaN,NaN,NaN,NaN
-18.094485496395,-18.0642460927544,-17.9209944146451,-17.7689049138157,-17.7780323246609,-17.9339180658266,-17.9920469815747,-18.1113636181315,-18.227808536418,-18.2309635015081,-18.0925723098696,-18.1802531800324,-18.0998997839259,-18.2807003999977,-18.6029202757056,-18.3920046853802,-18.0801118977136,-17.7550108946384,-17.7179063736223,-17.4658387282496,-17.5829805299794,-17.5849783392125,-17.8847423300496,-18.1603597064543,-18.3662586845389,-18.0650419999509,-17.6687214856839,-17.488971945722,-17.5131915980992,-17.5156448333423,-17.6752445687783,-17.7181850742393,-17.9374964276865,-17.9840789617108,-18.1299493823768,-18.1470381786372,-18.2923565852812,-18.593512977002,-19.004990818792,-19.1475163651414,-19.4014596801883,-19.6712693371784,-19.8501961737294,-19.7994937776298,-19.7566332714435,-19.7958131874736,-19.7973915129386,-19.8452415814488,-19.8475865675993,-19.7579018352103,-19.6776480714534,-19.5332356022687,-19.4588240879411,-19.4019946121264,-19.292876297451,-19.1248062715015,-18.920539743936,-18.8817149795701,-18.9481057563423,-18.9592204434418,-18.9026191424027,-18.8308172393553,-18.598785586233,-18.2036775356366,-17.7308869567042,-17.19041354684,-16.4805106654629,-15.6687214006014,-15.2343256237581,-15.1640511288331,-15.9613481040445,-16.4195684266266,-16.70858257584,NaN,NaN,NaN,NaN,NaN,NaN,NaN,NaN,NaN,NaN,NaN,NaN,NaN,NaN,NaN,NaN,NaN,NaN,NaN,NaN,NaN,NaN,NaN,NaN,NaN,NaN,NaN,NaN,NaN,NaN,NaN,NaN,NaN,NaN,NaN,NaN,NaN,NaN,NaN,NaN,NaN,NaN,NaN,NaN,NaN,NaN,NaN,NaN,NaN,NaN,NaN,NaN,NaN,NaN,NaN,NaN,NaN,NaN,NaN,NaN,NaN,NaN,NaN,NaN,NaN,NaN,NaN,NaN,NaN,NaN,NaN,NaN,NaN,NaN,NaN,NaN,NaN,NaN,NaN,NaN,NaN,NaN,NaN,-18.9930609449902,NaN,-18.5213782385159,-17.7366828922681,-17.5168025271073,-17.4796084080347,NaN,-17.3667163951098,-17.4825147065783,NaN,NaN,NaN,-17.1763116056297,NaN,NaN,NaN,NaN,NaN
-18.0603348060849,-18.0764266432462,-17.9658609640601,-17.7959197645615,-17.7597690698832,-17.9164485852303,-17.8797587735358,-18.0555703777777,-18.0996281737665,-18.1200528128336,-18.0232544860008,-18.1107307715197,-18.0172050845292,-18.245673306779,-18.4709414297625,-18.3235865676793,-18.0381786530567,-17.8545634139909,-17.7033271717295,-17.5083588387815,-17.4861511175881,-17.5498706362365,-17.9072407945811,-18.1010437691959,-18.3063672932348,-18.0371793073538,-17.7042292578512,-17.5006921109334,-17.5390651420828,-17.5249044557887,-17.6701734917991,-17.7172360639001,-17.8912997833238,-17.9171303886471,-18.0518263260163,-18.1045185294385,-18.3015117541361,-18.6327322431308,-19.0459915279733,-19.1700404633476,-19.4788799761577,-19.7095840861328,-19.9179383593168,-19.8183995431833,-19.7499455594212,-19.7503110322455,-19.6978383002631,-19.8063685715231,-19.7284212474902,-19.6664607867515,-19.6900048081118,-19.6060522906349,-19.5251214610336,-19.4388972075883,-19.2503266220036,-19.1008432116719,-18.846248414976,-18.827920946271,-18.8317100458919,-18.8235844494245,-18.8472236390205,-18.754494487404,-18.5118075074142,-18.0653986073101,-17.4326243094059,-16.9752432073101,-16.1850374654351,-15.4697590914315,-15.1497091157984,-15.1479876269212,-15.9843089084859,-16.6117641235772,-16.9015814760721,NaN,NaN,NaN,NaN,NaN,NaN,NaN,NaN,NaN,NaN,NaN,NaN,NaN,NaN,NaN,NaN,NaN,NaN,NaN,NaN,NaN,NaN,NaN,NaN,NaN,NaN,NaN,NaN,NaN,NaN,NaN,NaN,NaN,NaN,NaN,NaN,NaN,NaN,NaN,NaN,NaN,NaN,NaN,NaN,NaN,NaN,NaN,NaN,NaN,NaN,NaN,NaN,NaN,NaN,NaN,NaN,NaN,NaN,NaN,NaN,NaN,NaN,NaN,NaN,NaN,NaN,NaN,NaN,NaN,NaN,NaN,NaN,NaN,NaN,NaN,NaN,NaN,NaN,NaN,NaN,NaN,NaN,-18.4264742377399,-18.8611222656576,-19.2359229939033,-18.4213582203211,-17.6933651126963,-17.5821174564044,NaN,NaN,-17.5293998420316,-17.5218860569022,NaN,NaN,NaN,-17.2532818558947,NaN,NaN,NaN,NaN,NaN
-18.1048873661487,-18.0523142078338,-17.9365121231716,-17.7882422677267,-17.7350814573475,-17.9072973206208,-17.8578263618125,-17.9950642823592,-18.0864585858891,-18.0932140765519,-17.9619869250948,-18.0208849789992,-18.0052980516797,-18.2334986705964,-18.4492958468128,-18.354341153808,-18.1021134724736,-17.8082488707099,-17.6015693544177,-17.4849050694114,-17.4664959504461,-17.5491920072835,-17.9202336636702,-17.9879628392454,-18.1855500707627,-17.9471247153043,-17.703351121436,-17.4912084809489,-17.4885417591108,-17.5615694604609,-17.7151532431342,-17.7208243543262,-17.8005238682081,-17.9268887961001,-17.9696114413608,-18.1481545794186,-18.2955671717398,-18.6486188798148,-19.0507798678734,-19.1357234736393,-19.4581681434202,-19.6846374619825,-19.9124880517686,-19.8373581901914,-19.7860102626249,-19.7629937266319,-19.7266616101856,-19.7801582683695,-19.7360784884394,-19.6541486949826,-19.7124154321707,-19.6610170341151,-19.5945879084077,-19.4818842905639,-19.2711766615908,-19.0966965409111,-18.9433530516841,-18.8437371913,-18.8338568531969,-18.7705439359632,-18.847777065202,-18.7347001995382,-18.4570723628364,-17.9920722661731,-17.2740618221035,-16.7782982000883,-15.9610968200992,-15.2227788824887,-14.9681488754683,-15.0883222110768,-15.6680731443066,-16.3359353723987,NaN,NaN,NaN,NaN,NaN,NaN,NaN,NaN,NaN,NaN,NaN,NaN,NaN,NaN,NaN,NaN,NaN,NaN,NaN,NaN,NaN,NaN,NaN,NaN,NaN,NaN,NaN,NaN,NaN,NaN,NaN,NaN,NaN,NaN,NaN,NaN,NaN,NaN,NaN,NaN,NaN,NaN,NaN,NaN,NaN,NaN,NaN,NaN,NaN,NaN,NaN,NaN,NaN,NaN,NaN,NaN,NaN,NaN,NaN,NaN,NaN,NaN,NaN,NaN,NaN,NaN,NaN,NaN,NaN,NaN,NaN,NaN,NaN,NaN,NaN,NaN,NaN,NaN,NaN,NaN,NaN,NaN,NaN,-18.4019408575103,-18.5394192439218,-18.6286097102269,-17.8702159050157,-17.466511062323,-17.4826279873773,NaN,NaN,NaN,-17.5313462060869,NaN,NaN,-16.4011058665074,-16.0622324597073,NaN,NaN,NaN,NaN,NaN
-18.1155052201292,-18.0946503681837,-17.8834089114473,-17.7672883180066,-17.7307077496536,-17.9814172817087,-17.8800684101805,-17.9131632192003,-17.9967280291125,-18.0710279731505,-17.9518007578243,-17.9695078473665,-18.0343243067695,-18.2142498227954,-18.3541111060261,-18.3944005427313,-18.2293932501888,-17.8475152442055,-17.5451781584438,-17.5087441543126,-17.4558937539686,-17.5777078305294,-17.8440255016646,-17.9554206705435,-18.094503773483,-17.9499344605385,-17.7591593755512,-17.4728185615666,-17.4939448288388,-17.6374729124607,-17.7422069439439,-17.8372260509357,-17.844167384595,-17.9075015153622,-17.9030157299135,-18.1014862715226,-18.3742353218568,-18.7457309224885,-19.0628053280552,-19.2310522814041,-19.4750768266856,-19.6271357901384,-19.7683923070472,-19.8136661590044,-19.7939751218599,-19.8358580888512,-19.7693546470991,-19.815343418626,-19.7717084838396,-19.7047322418524,-19.7374889356546,-19.6920022131672,-19.6485122270559,-19.5490467944529,-19.344241912648,-19.1900905909126,-19.032217370703,-18.9253784859321,-18.8522904755005,-18.7781018018195,-18.8324733869332,-18.7762883486358,-18.4320173685426,-17.8662509222379,-17.1156465015364,-16.5542627206931,-15.790429676529,-15.0627034987156,-14.7973452885791,-15.1488409040659,-15.8996214032691,-16.6998615428097,NaN,NaN,NaN,NaN,NaN,NaN,NaN,NaN,NaN,NaN,NaN,NaN,NaN,NaN,NaN,NaN,NaN,NaN,NaN,NaN,NaN,NaN,NaN,NaN,NaN,NaN,NaN,NaN,NaN,NaN,NaN,NaN,NaN,NaN,NaN,NaN,NaN,NaN,NaN,NaN,NaN,NaN,NaN,NaN,NaN,NaN,NaN,NaN,NaN,NaN,NaN,NaN,NaN,NaN,NaN,NaN,NaN,NaN,NaN,NaN,NaN,NaN,NaN,NaN,NaN,NaN,NaN,NaN,NaN,NaN,NaN,NaN,NaN,NaN,NaN,NaN,NaN,NaN,NaN,NaN,NaN,NaN,NaN,-18.4047831085545,-18.5460827884513,-18.2595338489677,-17.6563657770768,-17.5162506742386,-17.4915985501331,NaN,NaN,NaN,-17.5853831108655,-17.7807085585515,NaN,-16.4901892451767,NaN,NaN,NaN,NaN,NaN,NaN
-18.1145419181329,-18.1245909866411,-17.9012806998384,-17.8197598550642,-17.7609046373895,-18.0004216711423,-17.9125482807718,-17.9043428906247,-17.9471931524916,-18.0191848273611,-17.909275119425,-17.9663798344738,-18.0511840609015,-18.2637720238859,-18.3436625729744,-18.4274167250131,-18.325635574223,-17.9113940361912,-17.5563323941967,-17.363860473919,-17.4358755486429,-17.5175964341015,-17.8039928931927,-17.9449943783433,-18.0753770589255,-17.9327918832697,-17.7742576004356,-17.4852194884946,-17.5260275686488,-17.5708346191889,-17.7385109647812,-17.8541362028166,-17.8206930915144,-17.9042074879194,-17.9529117516021,-18.1890771059529,-18.4657156253994,-18.8546009155347,-19.09781363495,-19.3256339588816,-19.5679181781142,-19.6319324677161,-19.7300538781553,-19.7805809783018,-19.8248095505602,-19.8384174897179,-19.8802293825149,-19.8842867010632,-19.8693950333033,-19.7435145401329,-19.8263760441442,-19.7685056702528,-19.7186349357195,-19.5748264048887,-19.4190928120123,-19.2393749153798,-19.0947681718026,-18.9419101944493,-18.8450100173173,-18.7496329145116,-18.8541478788857,-18.7662337747271,-18.3877604403821,-17.7909285368584,-16.9233034104553,-16.3129795049551,-15.5724229070549,-14.9030221818044,-14.8353543233136,-15.1817427807713,-15.5597789072175,-16.2143797418607,NaN,NaN,NaN,NaN,NaN,NaN,NaN,NaN,NaN,NaN,NaN,NaN,NaN,NaN,NaN,NaN,NaN,NaN,NaN,NaN,NaN,NaN,NaN,NaN,NaN,NaN,NaN,NaN,NaN,NaN,NaN,NaN,NaN,NaN,NaN,NaN,NaN,NaN,NaN,NaN,NaN,NaN,NaN,NaN,NaN,NaN,NaN,NaN,NaN,NaN,NaN,NaN,NaN,NaN,NaN,NaN,NaN,NaN,NaN,NaN,NaN,NaN,NaN,NaN,NaN,NaN,NaN,NaN,NaN,NaN,NaN,NaN,NaN,NaN,NaN,NaN,NaN,NaN,NaN,NaN,NaN,NaN,NaN,-18.4408647142893,-18.2221442045873,-17.7898173996215,-17.4382374735742,-17.704958573367,-17.6082452059634,NaN,NaN,NaN,-17.7451636106483,-17.732721518301,-17.4269036720005,-16.2927353441532,-16.6207233073719,NaN,NaN,NaN,NaN,NaN
-18.1469553917445,-18.0881673867245,-17.8789941007726,-17.8129019003163,-17.7452024157409,-18.0415101718036,-17.8778591550189,-17.9318520231525,-18.004372046548,-18.0458602082339,-17.9552616700057,-18.0033263513643,-18.0817908336998,-18.2694248534647,-18.350529215628,-18.3981026437516,-18.3317724315636,-17.9468660102863,-17.5405340703681,-17.2835754440779,-17.3836037956951,-17.5105902450087,-17.8761400416108,-17.9346478098577,-18.0927760619025,-17.8915022094372,-17.7655111171435,-17.5156531429844,-17.5924684694603,-17.6707755168946,-17.783499268299,-17.9214164245782,-17.8526476562077,-18.0009017183461,-18.1090881309319,-18.2746361094063,-18.6565826687034,-19.0349472893413,-19.2412081730332,-19.3915005695104,-19.5774661411215,-19.6072006939663,-19.7055206345891,-19.8073434459949,-19.8658275088118,-19.9564796280803,-19.9171080799325,-19.9619405698895,-19.9706511980409,-19.9197568163539,-19.8834854828035,-19.8604491177658,-19.7670513264909,-19.61489110553,-19.4303400446529,-19.2922026957511,-19.1354574041471,-19.0310789539922,-18.8643203410182,-18.782868221976,-18.9207856333259,-18.7890275125652,-18.4136859516185,-17.7401563910188,-16.8204522947499,-16.0866825270787,-15.3036901604329,-14.7448366259225,-14.8840012681084,-15.3826113160459,-15.6406218906205,-17.1795649346297,NaN,NaN,NaN,NaN,NaN,NaN,NaN,NaN,NaN,NaN,NaN,NaN,NaN,NaN,NaN,NaN,NaN,NaN,NaN,NaN,NaN,NaN,NaN,NaN,NaN,NaN,NaN,NaN,NaN,NaN,NaN,NaN,NaN,NaN,NaN,NaN,NaN,NaN,NaN,NaN,NaN,NaN,NaN,NaN,NaN,NaN,NaN,NaN,NaN,NaN,NaN,NaN,NaN,NaN,NaN,NaN,NaN,NaN,NaN,NaN,NaN,NaN,NaN,NaN,NaN,NaN,NaN,NaN,NaN,NaN,NaN,NaN,NaN,NaN,NaN,NaN,NaN,NaN,NaN,NaN,NaN,NaN,-18.5145545266293,-18.415450820117,-17.924737387676,-17.4391802902295,-17.4894358532424,NaN,-17.9928561176661,NaN,NaN,-17.3477773369145,-17.5665100610457,-17.2664587428155,-17.233918731863,NaN,-17.0379123679823,NaN,NaN,NaN,NaN,NaN
-18.09237195087,-18.0901680038819,-17.8680122299548,-17.8948344135351,-17.7174876659496,-18.0395758849444,-17.9091136416623,-17.9209633415966,-18.0130403334937,-18.0581150623621,-18.0456323891291,-18.079966463291,-18.1354765143712,-18.338622114806,-18.3581286597056,-18.3574511180282,-18.3170693037995,-17.96162831977,-17.5109074603591,-17.2388997658067,-17.3160508958467,-17.4635648948721,-17.8265607857372,-17.8657902120377,-18.0661408744961,-17.8699000177222,-17.7804438493365,-17.5513232942468,-17.5655738667654,-17.6300677497342,-17.7668622146369,-17.9275155454424,-17.8670878730907,-18.1021161936162,-18.1928731070412,-18.3917174922952,-18.7629551282029,-19.1530732191518,-19.2332089141896,-19.3489461273298,-19.5721231196857,-19.6254494116428,-19.7943666133514,-19.9203979106545,-19.9979638995275,-20.0466960393659,-20.0085600399446,-20.0654027256248,-20.113251237381,-20.0867637071692,-20.0277434647041,-19.9419100659838,-19.8857558610085,-19.6242077230397,-19.4482109440899,-19.280392853628,-19.1550282277887,-19.0635279058382,-18.9040947464374,-18.8038904265503,-18.956636726145,-18.797916161011,-18.3241233905817,-17.7008599893545,-16.8175595048285,-15.9994177998527,-15.2295498498245,-14.705749345906,-15.0006719490754,-15.1857502828389,-15.7301086412853,NaN,NaN,NaN,NaN,NaN,NaN,NaN,NaN,NaN,NaN,NaN,NaN,NaN,NaN,NaN,NaN,NaN,NaN,NaN,NaN,NaN,NaN,NaN,NaN,NaN,NaN,NaN,NaN,NaN,NaN,NaN,NaN,NaN,NaN,NaN,NaN,NaN,NaN,NaN,NaN,NaN,NaN,NaN,NaN,NaN,NaN,NaN,NaN,NaN,NaN,NaN,NaN,NaN,NaN,NaN,NaN,NaN,NaN,NaN,NaN,NaN,NaN,NaN,NaN,NaN,NaN,NaN,NaN,NaN,NaN,NaN,NaN,NaN,NaN,NaN,NaN,NaN,NaN,NaN,-18.4727010282944,NaN,NaN,NaN,-18.5664254042562,-18.2686589135259,-17.8781892720864,-17.3278851817238,NaN,NaN,NaN,NaN,NaN,-17.5641197699316,-17.4521448596187,-17.3349033131126,-17.0786628781797,NaN,-17.2848586588689,NaN,NaN,NaN,NaN,NaN
-18.0172421106031,-18.0915195788619,-17.8205642903649,-17.9266556169684,-17.7095904083381,-18.0505013409132,-17.9250265546964,-17.963591986743,-17.93590715209,-18.0104546619283,-18.0737609970678,-18.1428734557527,-18.179929259303,-18.3544284909262,-18.3971002806616,-18.4179312876977,-18.3537488232559,-18.0105012518612,-17.5879149817125,-17.1977271637051,-17.3099023097382,-17.4252419489514,-17.785685429876,-17.8615254546287,-18.0088004729949,-17.8229709715953,-17.6716558820801,-17.5101346205311,-17.5249491598438,-17.578663131671,-17.7293105953724,-17.9801172738921,-17.929571970001,-18.2345467447628,-18.3502755420494,-18.5515930311662,-18.9540012055829,-19.2715505168826,-19.4001834847267,-19.4340896293413,-19.7299981186573,-19.7852244628064,-19.9838934663165,-20.1318877480031,-20.1830262110323,-20.2764851444113,-20.2071774101441,-20.2276942142234,-20.2845650344861,-20.1992585777647,-20.1016724573772,-20.046030947721,-19.817578366921,-19.6261413054439,-19.4508745139876,-19.3154325344487,-19.2370037022387,-19.1330977617512,-18.937785568164,-18.8420580187771,-18.9612486276802,-18.8092462258492,-18.3126428970101,-17.7289214979216,-16.8359331515105,-15.8830542167472,-15.0367359431895,-14.4176388744277,-14.7976704062143,-15.3764105249712,-16.0716611958014,NaN,NaN,NaN,NaN,NaN,NaN,NaN,NaN,NaN,NaN,NaN,NaN,NaN,NaN,NaN,NaN,NaN,NaN,NaN,NaN,NaN,NaN,NaN,NaN,NaN,NaN,NaN,NaN,NaN,NaN,NaN,NaN,NaN,NaN,NaN,NaN,NaN,NaN,NaN,NaN,NaN,NaN,NaN,NaN,NaN,NaN,NaN,NaN,NaN,NaN,NaN,NaN,NaN,NaN,NaN,NaN,NaN,NaN,NaN,NaN,NaN,NaN,NaN,NaN,NaN,NaN,NaN,NaN,NaN,NaN,NaN,NaN,NaN,NaN,NaN,NaN,NaN,NaN,NaN,-18.3803491403339,NaN,NaN,-18.6621134553583,-18.5994484328045,-18.1109587191099,-17.7154197122186,-17.4375512277199,NaN,NaN,NaN,NaN,NaN,-17.569485220061,NaN,-17.6229397164655,-17.4365225409568,-17.3275177760625,-17.1174381623235,NaN,NaN,NaN,NaN,NaN
-18.0654147232952,-18.1104870291461,-17.7839830527228,-17.9342903484535,-17.6966008256312,-18.0154876595261,-17.9840746349126,-17.9790828773716,-17.9485787339874,-17.9722144343071,-18.104177013895,-18.2387378256919,-18.1840601454728,-18.4252340745435,-18.4627029443477,-18.4601180599448,-18.3247416654379,-17.9536056915841,-17.6288085159387,-17.2265319920061,-17.3338446242959,-17.4494172792454,-17.7195901506459,-17.8412097715901,-17.8654578942177,-17.6534774350878,-17.5666318219436,-17.4637842714065,-17.5341210107831,-17.6462548995411,-17.7581518861837,-17.973573490418,-18.0054437923927,-18.3741820239873,-18.4759416590749,-18.7385276876249,-19.0646248216914,-19.3816466065494,-19.5132929542663,-19.5560960157885,-19.91416820161,-20.004188730831,-20.1243129146225,-20.3201883389511,-20.3739013714388,-20.4428757793082,-20.4243628943672,-20.3936440595241,-20.4270746780639,-20.3397922628296,-20.2587567514593,-20.1189543732205,-19.9440100584992,-19.6263156482829,-19.4240526245803,-19.2999278852176,-19.2882067903317,-19.1971184820944,-18.98446324441,-18.8797813365869,-18.9859997788886,-18.7060769328864,-18.1680281305489,-17.7037465217934,-16.8056177606516,-15.7924912332765,-14.8515749295304,-14.3609408170892,-14.7468674978325,-15.2820356076232,-15.847921685046,NaN,NaN,NaN,NaN,NaN,NaN,NaN,NaN,NaN,NaN,NaN,NaN,NaN,NaN,NaN,NaN,NaN,NaN,NaN,NaN,NaN,NaN,NaN,NaN,NaN,NaN,NaN,NaN,NaN,NaN,NaN,NaN,NaN,NaN,NaN,NaN,NaN,NaN,NaN,NaN,NaN,NaN,NaN,NaN,NaN,NaN,NaN,NaN,NaN,NaN,NaN,NaN,NaN,NaN,NaN,NaN,NaN,NaN,NaN,NaN,NaN,NaN,NaN,NaN,NaN,NaN,NaN,NaN,NaN,NaN,NaN,NaN,NaN,NaN,NaN,-19.8660179271543,NaN,NaN,NaN,-18.1027570986038,NaN,NaN,-18.4414272878586,NaN,-18.0590362705488,-17.8394549802681,NaN,NaN,-17.9995577002464,NaN,NaN,NaN,-17.5415694654358,-17.2241201156293,-17.3105965450213,-16.8421524399392,-16.9265133129688,NaN,NaN,NaN,NaN,NaN,NaN
-18.2338971291274,-18.1083316932737,-17.7451436438477,-17.887180723464,-17.6932323842215,-18.0013113065655,-18.0362260025175,-17.9899209254558,-17.8634861245307,-17.8767655446882,-18.0470169656226,-18.2093934625491,-18.1347471805963,-18.4154904125928,-18.4795475854728,-18.4971979938996,-18.3112536354869,-17.9458484637623,-17.6063384648492,-17.2755173341432,-17.4121536890702,-17.5163987128665,-17.690939959254,-17.736193416946,-17.7258439085343,-17.5249925231319,-17.4440836011614,-17.3838248928913,-17.5165178920953,-17.6556629464077,-17.8058822039984,-18.0409633295899,-18.1843409084103,-18.5465048645806,-18.6896426613988,-18.9704458557492,-19.2858160037828,-19.4904186240436,-19.6453992891879,-19.7295988666526,-20.010093020921,-20.171903742714,-20.2915727416367,-20.4588249277786,-20.608344172725,-20.6646206650312,-20.6649475824573,-20.6520327807925,-20.6703446829149,-20.4826368221186,-20.2934951162681,-20.1573457043611,-19.9937528759478,-19.7536470829639,-19.4931248766336,-19.4012027213461,-19.4586830307064,-19.2931178276156,-19.1076421027837,-18.9572487088044,-19.0314022034008,-18.689947966805,-18.0637679534629,-17.6253580546299,-16.8012594451875,-15.7027957263613,-14.7653052059474,-14.2194467945637,-14.532189381409,-15.8326818357891,-16.0816926125102,NaN,NaN,NaN,NaN,NaN,NaN,NaN,NaN,NaN,NaN,NaN,NaN,NaN,NaN,NaN,NaN,NaN,NaN,NaN,NaN,NaN,NaN,NaN,NaN,NaN,NaN,NaN,NaN,NaN,NaN,NaN,NaN,NaN,NaN,NaN,NaN,NaN,NaN,NaN,NaN,NaN,NaN,NaN,NaN,NaN,NaN,NaN,NaN,NaN,NaN,NaN,NaN,NaN,NaN,NaN,NaN,NaN,NaN,NaN,NaN,NaN,NaN,NaN,NaN,NaN,NaN,NaN,NaN,NaN,NaN,NaN,NaN,NaN,NaN,-18.9332919335548,-19.535054081637,NaN,NaN,-17.5015837817432,-17.7852324780209,NaN,NaN,-18.3540799341816,-18.6007384807174,-18.0518170378356,-17.9803391779748,NaN,NaN,-18.0324991752332,NaN,NaN,-17.3484540143218,-17.5667704536822,-17.3589709365828,-17.1395924072,NaN,NaN,NaN,NaN,NaN,NaN,NaN,NaN
-18.2889205735777,-18.0902697162801,-17.6913793310541,-17.8658179024622,-17.7330103067879,-17.9532465582208,-18.0621571279784,-17.9773051128602,-17.8408686033234,-17.845842393471,-17.940093727395,-18.1680303685969,-18.0770481296757,-18.4174807704081,-18.3919724071866,-18.5262011915952,-18.2782774124026,-17.9095406510664,-17.5778445052052,-17.3047887172872,-17.479645443049,-17.5639368549873,-17.7055369039427,-17.6198360356947,-17.599139898779,-17.4988599121375,-17.3429746671729,-17.3200276311338,-17.5068034226563,-17.6540460592071,-17.815081524389,-18.1156971448589,-18.3596660565412,-18.677213607549,-18.9737442097471,-19.1696547995288,-19.4621440350067,-19.6115356530905,-19.8105714299086,-19.8976262178555,-20.1819985191042,-20.3396382687665,-20.5045449973713,-20.6806450815857,-20.793123275408,-20.9070746441063,-20.9189406252081,-20.8848777690857,-20.8474366668581,-20.6487952754334,-20.4352711515315,-20.2620484291388,-20.1834155670785,-19.8973665616774,-19.6654622058337,-19.5613513805386,-19.5775244558815,-19.4077629318785,-19.184886252062,-19.0603350503927,-19.0882617030304,-18.6260645888842,-18.0296388520836,-17.5478106222989,-16.7661844130816,-15.6129454056537,-14.6619707571634,-14.1351356155542,-14.5190070716568,-15.7825976910425,-16.0389349491711,NaN,NaN,NaN,NaN,NaN,NaN,NaN,NaN,NaN,NaN,NaN,NaN,NaN,NaN,NaN,NaN,NaN,NaN,NaN,NaN,NaN,NaN,NaN,NaN,NaN,NaN,NaN,NaN,NaN,NaN,NaN,NaN,NaN,NaN,NaN,NaN,NaN,NaN,NaN,NaN,NaN,NaN,NaN,NaN,NaN,NaN,NaN,NaN,NaN,NaN,NaN,NaN,NaN,NaN,NaN,NaN,NaN,NaN,NaN,NaN,NaN,NaN,NaN,NaN,NaN,NaN,NaN,NaN,NaN,NaN,NaN,NaN,NaN,NaN,-18.3595676760446,NaN,NaN,NaN,-17.603819576043,-18.0910387690367,NaN,-18.446931003125,-18.3301596842401,-18.2345535854626,-17.9971213429895,-18.1308296652471,NaN,NaN,-18.1056077481306,NaN,-17.5083612602019,-17.5342472496742,-17.609699804528,-17.3405753016116,NaN,NaN,NaN,NaN,NaN,NaN,NaN,NaN,NaN
-18.3373291266361,-18.1249892369826,-17.6916193808686,-17.8940001331665,-17.7776643963321,-17.9510578027551,-18.1178371499497,-17.9649759871386,-17.8040877291903,-17.8434047836898,-17.8914633212896,-18.1253631587647,-18.0300222352485,-18.3679895913799,-18.3474539018463,-18.5190854707527,-18.2630312309336,-17.921391197387,-17.5742849485865,-17.3186496102079,-17.4480343325113,-17.4635983228352,-17.617570633838,-17.4941100916703,-17.568041048374,-17.4757591499936,-17.3391595118287,-17.2491179745326,-17.5251663416414,-17.6391426096553,-17.873225672828,-18.2082774620576,-18.5755555573203,-18.8760830581222,-19.1615994949802,-19.4023965122102,-19.5929871536506,-19.6353797037334,-19.9045153914114,-20.0872757896427,-20.2884285107775,-20.3675885664358,-20.6283715396983,-20.8012672438654,-20.9220211855178,-21.0600755230265,-21.0547011765198,-21.0381541343387,-20.9273806834169,-20.7005837344004,-20.4557397489871,-20.277046226615,-20.2434374097226,-20.0323963471735,-19.7669487092186,-19.6523533062336,-19.6818486589374,-19.4763727102132,-19.2815675202567,-19.1770355244541,-19.1479961665345,-18.652581240221,-18.010183545425,-17.4797826690831,-16.6887154892001,-15.5462733934974,-14.4513096975797,-14.0327163307123,-14.4236037878328,-15.8084331741283,-16.2608383445325,NaN,NaN,NaN,NaN,NaN,NaN,NaN,NaN,NaN,NaN,NaN,NaN,NaN,NaN,NaN,NaN,NaN,NaN,NaN,NaN,NaN,NaN,NaN,NaN,NaN,NaN,NaN,NaN,NaN,NaN,NaN,NaN,NaN,NaN,NaN,NaN,NaN,NaN,NaN,NaN,NaN,NaN,NaN,NaN,NaN,NaN,NaN,NaN,NaN,NaN,NaN,NaN,NaN,NaN,NaN,NaN,NaN,NaN,NaN,NaN,NaN,NaN,NaN,NaN,NaN,NaN,NaN,NaN,NaN,NaN,NaN,NaN,NaN,NaN,-18.0796944073821,NaN,NaN,-17.9614041775216,-17.3940225287731,NaN,NaN,-18.6277390914476,-18.5362123384114,NaN,-17.9131779676915,-18.2058000939346,NaN,NaN,-18.0415174663315,NaN,-17.6003859048927,-17.506616871834,-17.5309830193968,-17.2320586305782,NaN,NaN,NaN,NaN,NaN,NaN,NaN,NaN,NaN
-18.3338853032544,-18.1527817895359,-17.6922441679475,-17.907755632057,-17.8014895025316,-17.9703078638477,-18.1811392422717,-17.9508040856813,-17.8177586679845,-17.8419745833494,-17.8160199735471,-18.0767474805392,-18.0015611665592,-18.3619986159783,-18.3257700229349,-18.4691983259245,-18.288741584774,-17.9196404902484,-17.6321818281502,-17.3482288484223,-17.4964519193829,-17.4181056379884,-17.5431668423872,-17.4621902317749,-17.5288731345923,-17.5011597550793,-17.3942702755053,-17.3635209228574,-17.5313561610753,-17.637223771695,-17.9292346375472,-18.2939912528984,-18.7144067299831,-18.9868968551372,-19.2398574277249,-19.5742322643858,-19.7415585732085,-19.7351970074575,-19.896712930458,-20.1224202649361,-20.2944988280996,-20.4954766913764,-20.7328488928515,-20.8251123622653,-20.9110728758242,-21.0667195878101,-21.0383126059642,-20.9896018294074,-20.8289602183721,-20.735850640331,-20.5625510793341,-20.4720691067255,-20.3353755481626,-20.1808340822254,-19.878137962835,-19.7384510155305,-19.7295537997546,-19.5255230988348,-19.3307867891008,-19.2085111549236,-19.1633563819865,-18.6312432016853,-17.9855343320481,-17.4368434422408,-16.6318832606982,-15.5000079542543,-14.3801422581811,-13.9968091571246,-14.491831679505,-15.9241241646303,-16.1949421212356,NaN,NaN,NaN,NaN,NaN,NaN,NaN,NaN,NaN,NaN,NaN,NaN,NaN,NaN,NaN,NaN,NaN,NaN,NaN,NaN,NaN,NaN,NaN,NaN,NaN,NaN,NaN,NaN,NaN,NaN,NaN,NaN,NaN,NaN,NaN,NaN,NaN,NaN,NaN,NaN,NaN,NaN,NaN,NaN,NaN,NaN,NaN,NaN,NaN,NaN,NaN,NaN,NaN,NaN,NaN,NaN,NaN,NaN,NaN,NaN,NaN,NaN,NaN,NaN,NaN,NaN,NaN,NaN,NaN,NaN,NaN,NaN,NaN,NaN,-18.0181836589933,NaN,NaN,NaN,-17.5380929180297,NaN,NaN,-18.695586011184,-18.5435960585164,NaN,-17.9715230497818,-18.2863026401155,NaN,-17.9523638847883,-18.0960272041456,-17.6807307824538,-17.6627892726667,NaN,-17.5981969544067,NaN,NaN,NaN,NaN,NaN,NaN,NaN,NaN,NaN,NaN
-18.3682035192626,-18.2507471712438,-17.7354171184583,-17.8767924758354,-17.8415074696304,-17.9817461379656,-18.1612999431593,-17.9460349324705,-17.8561602002598,-17.8876202624393,-17.8565027786615,-18.0229658536663,-18.0405116963695,-18.3818334896574,-18.2494575700322,-18.3761846861113,-18.3136271773731,-18.0016875185397,-17.7288541297437,-17.3957285302169,-17.5624736837116,-17.50846218731,-17.6353191827732,-17.4962608921582,-17.583857781896,-17.4995982821234,-17.4323288238313,-17.4412384435789,-17.6082035438825,-17.7003297023101,-18.0849225206613,-18.4750598834453,-18.8836704147787,-19.1239919532275,-19.2772095800483,-19.6233577071347,-19.7620979968381,-19.7842379791107,-19.9522991234971,-20.1933503762411,-20.3604255499836,-20.5187612925707,-20.6429765306746,-20.797595510043,-20.9234736190301,-21.1081721516894,-21.1352232860482,-21.0516250083436,-20.8915328050948,-20.766451593143,-20.624415330448,-20.5059012837267,-20.3190952150579,-20.1637861675276,-19.8627324864005,-19.7462858439702,-19.7419204814639,-19.5668228420141,-19.4073094603257,-19.2847134266728,-19.2161753275487,-18.7192998020923,-18.0643063850284,-17.4167221515021,-16.6317130436635,-15.490910955661,-14.2653290716626,-13.8650834150988,-14.4149627167227,-16.1377166863033,-16.1688324945376,NaN,NaN,NaN,NaN,NaN,NaN,NaN,NaN,NaN,NaN,NaN,NaN,NaN,NaN,NaN,NaN,NaN,NaN,NaN,NaN,NaN,NaN,NaN,NaN,NaN,NaN,NaN,NaN,NaN,NaN,NaN,NaN,NaN,NaN,NaN,NaN,NaN,NaN,NaN,NaN,NaN,NaN,NaN,NaN,NaN,NaN,NaN,NaN,NaN,NaN,NaN,NaN,NaN,NaN,NaN,NaN,NaN,NaN,NaN,NaN,NaN,NaN,NaN,NaN,NaN,NaN,NaN,NaN,NaN,NaN,NaN,NaN,NaN,NaN,-17.6851616578341,-17.9677038967632,-18.0855044681382,-17.6777693676424,-17.5603936513822,NaN,NaN,-19.3733399435449,-18.6329255842187,NaN,-17.9506916215186,-18.507814066182,NaN,-18.0592913807325,-18.040388654951,-17.7491038321243,-17.488303611383,NaN,-17.632319194011,NaN,NaN,NaN,NaN,NaN,NaN,NaN,NaN,NaN,NaN
-18.4273784538129,-18.2854052811259,-17.7357994328731,-17.8330242474849,-17.8371926315158,-17.985449760679,-18.1535439445709,-17.9232972892918,-17.8163698501862,-17.9156732670485,-17.898160709,-17.9812254352416,-18.0755404793274,-18.3533012076638,-18.2006375407137,-18.3134353832896,-18.2930589448172,-18.0605080272585,-17.839862236982,-17.5573668565182,-17.7311237703229,-17.6453910730956,-17.6315253748101,-17.5700571277765,-17.6180113722553,-17.5984351255063,-17.5219035053144,-17.509118139116,-17.6678079216985,-17.7217279903294,-18.1468206581732,-18.5304747093631,-18.9259125696512,-19.1827772273458,-19.4405562773194,-19.6989536953545,-19.7965489107665,-19.8539360409091,-20.0133533798221,-20.3117673723335,-20.4538158874844,-20.5474024593894,-20.67491734726,-20.7671254883933,-20.9214582644674,-21.115462679479,-21.175766632975,-21.1209492543446,-21.0013840312259,-20.8840052832784,-20.7064451236561,-20.5623915852799,-20.2461043060877,-20.2025876293469,-19.9776107511096,-19.7313726982342,-19.7263661781816,-19.5519441924594,-19.4471825830028,-19.3087355440653,-19.2047811927895,-18.7365091694638,-18.0890811122521,-17.5083270327154,-16.7786830610129,-15.5816404458328,-14.2766967746501,-13.8259046662413,-14.4533210229228,-15.7127252348918,-15.9740529992335,NaN,NaN,NaN,NaN,NaN,NaN,NaN,NaN,NaN,NaN,NaN,NaN,NaN,NaN,NaN,NaN,NaN,NaN,NaN,NaN,NaN,NaN,NaN,NaN,NaN,NaN,NaN,NaN,NaN,NaN,NaN,NaN,NaN,NaN,NaN,NaN,NaN,NaN,NaN,NaN,NaN,NaN,NaN,NaN,NaN,NaN,NaN,NaN,NaN,NaN,NaN,NaN,NaN,NaN,NaN,NaN,NaN,NaN,NaN,NaN,NaN,NaN,NaN,NaN,NaN,NaN,NaN,NaN,NaN,NaN,NaN,NaN,NaN,NaN,-18.0603454661863,-18.0440381264092,-17.8049286470086,-17.5893756139768,-17.6628543195012,NaN,NaN,NaN,-18.5216509640087,-18.4755795954371,-18.0466471347979,-18.5596243076012,NaN,-17.9100090662957,-17.9690895171258,-17.7643125952647,NaN,-17.6930064851263,-17.6670919504329,NaN,NaN,NaN,NaN,NaN,NaN,NaN,NaN,NaN,NaN
-18.4269038900008,-18.3680856398595,-17.8212515206704,-17.7816998633581,-17.8740622364286,-17.9990579905551,-18.1000412005516,-17.9261132398176,-17.8418534665411,-17.924205409401,-17.8819566451635,-17.9585207542102,-18.0995783421423,-18.3542607990016,-18.219344976524,-18.2734690869059,-18.3295928034697,-18.1624107530405,-18.0325098726961,-17.7825631334788,-17.9596062038931,-17.8518597922294,-17.6960364414491,-17.6011266746829,-17.6718511518369,-17.7303262364173,-17.6365074464441,-17.6230125723019,-17.7038322535975,-17.8559759112381,-18.2057883303914,-18.5807294318186,-18.9842445687571,-19.27105383931,-19.5246901101004,-19.7573807243739,-19.8561938785931,-19.9739855055784,-20.1763162229377,-20.4772046254362,-20.582332472488,-20.6800760795061,-20.6976805356526,-20.8376746689074,-20.9712336131752,-21.1447568901051,-21.1110105086037,-21.120472355383,-21.0046859504903,-20.8702861040225,-20.6772867661583,-20.537362190378,-20.3171289287845,-20.1851443434938,-20.0751267593096,-19.6963787211982,-19.7192127346123,-19.543653532875,-19.5095072335171,-19.3440132592251,-19.2692130474826,-18.7965103661064,-18.1658818211252,-17.5561161901807,-16.8851716482701,-15.7176770959514,-14.4644156592205,-13.6920657937443,-14.0189078993993,-15.7601812279588,NaN,NaN,NaN,NaN,NaN,NaN,NaN,NaN,NaN,NaN,NaN,NaN,NaN,NaN,NaN,NaN,NaN,NaN,NaN,NaN,NaN,NaN,NaN,NaN,NaN,NaN,NaN,NaN,NaN,NaN,NaN,NaN,NaN,NaN,NaN,NaN,NaN,NaN,NaN,NaN,NaN,NaN,NaN,NaN,NaN,NaN,NaN,NaN,NaN,NaN,NaN,NaN,NaN,NaN,NaN,NaN,NaN,NaN,NaN,NaN,NaN,-16.9398883957619,-17.3320656736853,-17.5381472063472,-17.7588906219681,-17.2594935739125,-17.6443953001555,-17.1954430283676,-17.4428604133866,NaN,NaN,NaN,NaN,NaN,-17.9172025625844,-18.209505873616,-18.4162493384539,-17.8892813212441,NaN,-17.8479943825008,-18.2847188359981,NaN,NaN,-18.4578864558804,-18.4896573622754,-18.1247430950268,-18.562024604782,NaN,-17.8584951013133,-17.7795874876056,-17.6406989719279,NaN,-17.7558965589606,NaN,NaN,NaN,NaN,NaN,NaN,NaN,NaN,NaN,NaN,NaN
-18.4678762847723,-18.4344251077234,-17.8755639332319,-17.8004938868722,-17.8944088371721,-17.9479019158955,-18.0050767264512,-17.8837627198534,-17.8334878984651,-17.9034973176132,-17.8644428480273,-17.9378625945016,-18.1308775304165,-18.3778095394065,-18.2356826280449,-18.339809636961,-18.3938530929395,-18.2933366324936,-18.2470044685695,-18.0144970066565,-18.1773724498842,-18.0491209516725,-17.7716611792469,-17.62960426085,-17.8058541362147,-17.8976625672302,-17.8931959931768,-17.7752241074378,-17.8387149481972,-17.9173736429478,-18.2902988408106,-18.680284988267,-19.0183522681719,-19.4044096203323,-19.6558872407986,-19.818995675958,-19.9773336665648,-20.1669688846429,-20.3865426370388,-20.7021117218644,-20.8128317026604,-20.8292668824065,-20.854497488966,-21.0247506211817,-21.0992233725259,-21.1819240902944,-21.073512608816,-21.084457335642,-20.9804999641908,-20.8386038396374,-20.6363855901067,-20.594367842685,-20.3722868656325,-20.3078700312122,-20.0577100494203,-19.7183283205,-19.675761574661,-19.4678788366853,-19.4823695572629,-19.2869208456933,-19.1723671855379,-18.6999451186797,-18.1272898357516,-17.6195130035788,-17.0253208498982,-15.8836520039561,-14.7317029378329,-13.8498168011955,-14.2229067943051,-16.7200224274207,NaN,NaN,NaN,NaN,NaN,NaN,NaN,NaN,NaN,NaN,NaN,NaN,NaN,NaN,NaN,NaN,NaN,NaN,NaN,NaN,NaN,NaN,NaN,NaN,NaN,NaN,NaN,NaN,NaN,NaN,NaN,NaN,NaN,NaN,NaN,NaN,NaN,NaN,NaN,NaN,NaN,NaN,NaN,NaN,NaN,NaN,NaN,NaN,NaN,NaN,NaN,NaN,NaN,NaN,-16.0851502686183,-16.1205222108456,NaN,NaN,-16.1089927704346,-16.3794007562439,-16.3879957263263,-16.9987198547308,-17.0621303094426,-17.2307774308198,-17.2206275295113,-17.0126561027417,-17.1572312577884,-16.9061593143062,-17.1060300276256,-17.1275555324583,NaN,NaN,NaN,-17.9031725492856,-17.8932277610322,-18.2807184187345,-18.4211738759379,-18.0470869261202,-18.1835719896567,-17.6728203454473,-18.1910851900496,-18.0156616131136,NaN,-18.5925432826072,-18.4578660248113,-18.0324541263336,-18.2189309250973,NaN,-17.8064844774171,NaN,NaN,-18.0257343019861,-17.8120956976422,NaN,NaN,NaN,NaN,NaN,NaN,NaN,NaN,NaN,NaN,NaN
-18.5338996730822,-18.4943573535807,-18.0086717702189,-17.8386592311496,-17.9458378955027,-17.9192639224113,-17.9332405653287,-17.841980224641,-17.8243868629954,-17.8526320512451,-17.8419466070436,-17.9148042047108,-18.139226369113,-18.4013733453596,-18.3557313889006,-18.4574975145056,-18.5051029081335,-18.4823117822692,-18.4679529428889,-18.2626986805678,-18.3390970627348,-18.2522332319102,-17.8861017121916,-17.7740359797503,-17.8908685289946,-18.0443498318158,-18.027005440655,-17.9425305039206,-17.9677237556547,-18.1315353861914,-18.456261753384,-18.853520582333,-19.174694714895,-19.4458179374333,-19.7367577526323,-19.9598751430159,-20.1998200652462,-20.4496519675545,-20.661579570944,-21.0139657277786,-21.0366727295705,-21.1372507423686,-21.1196375239439,-21.2442753212828,-21.1928907642442,-21.2145978075537,-21.0645646497661,-20.9980119559818,-20.8494699629778,-20.7245893817208,-20.5901790950046,-20.4852602800321,-20.2419201520156,-20.1585444472586,-20.0035849604909,-19.7231650164769,-19.660334276686,-19.4952294037718,-19.501867764489,-19.340880818049,-19.2009739084723,-18.7676863430983,-18.1566630010646,-17.6674404787095,-17.0707873921199,-16.011840100579,-14.9751108530039,-14.0788461166768,-14.0991514428779,NaN,NaN,NaN,NaN,NaN,NaN,NaN,NaN,NaN,NaN,NaN,NaN,NaN,NaN,NaN,NaN,NaN,NaN,NaN,NaN,NaN,NaN,NaN,NaN,NaN,NaN,NaN,NaN,NaN,NaN,NaN,NaN,NaN,NaN,NaN,NaN,NaN,NaN,NaN,NaN,NaN,NaN,NaN,NaN,NaN,NaN,NaN,NaN,NaN,NaN,NaN,NaN,NaN,NaN,-16.4244974542269,-16.1321525938896,-16.0148097000775,-16.0823433228319,-16.177590430249,-16.2488826158366,-16.6140369600759,-16.406712223791,-17.0175901167696,-16.997308555329,-17.0890734576047,-17.0648780752986,-16.9156114153912,-17.0903932232813,-17.0948390812259,-17.3418070870571,-17.2169353060214,-17.561764964659,NaN,-17.926343159479,-17.8662651607235,-18.1122743713718,-18.5445684034636,-18.3383389965119,-18.375385281431,-18.255190408334,-17.9405911704986,-18.4774536331092,-18.4512848601738,-18.1992335117587,-18.4061084551433,-18.1809158514203,-18.0745402252577,-18.3890065421415,NaN,-17.7839228353861,NaN,NaN,-18.0593854673758,-17.9017968843366,NaN,NaN,NaN,NaN,NaN,NaN,NaN,NaN,NaN,NaN,NaN
-18.5928411471843,-18.5482006543987,-18.0097310821364,-17.8862350501468,-18.0579953067041,-17.9529017571145,-17.8483859441837,-17.8707639773064,-17.8756463671728,-17.8508499328368,-17.837627298536,-17.9326262848705,-18.014516503822,-18.3496871260988,-18.4422848778289,-18.5688971077493,-18.6389654128781,-18.6240133673472,-18.6852485217851,-18.506259258981,-18.4641163911721,-18.3514156598312,-18.0408434448234,-17.8563082230836,-17.9382905553382,-18.1559720683714,-18.1717214667169,-18.1031639931267,-18.1312772227961,-18.2916558511588,-18.6668818026259,-18.9992839485054,-19.3264000420884,-19.5749284114445,-19.8674644384726,-20.0470199437651,-20.3480614060638,-20.7008758358734,-20.8775659792904,-21.1828087583672,-21.2678145499007,-21.3564170044205,-21.3944493942572,-21.4372516821272,-21.3602550666916,-21.2532556990292,-21.1373418236859,-20.9485259136257,-20.9149121278505,-20.7683356321174,-20.5538567331515,-20.4432357357721,-20.0674752163553,-20.0041240394768,-19.9298671840502,-19.6850133934834,-19.6241889457184,-19.5180508683093,-19.4499345628759,-19.2388269315923,-19.1034985383303,-18.6615537560344,-18.1629598715409,-17.7272326487803,-17.125226280311,-16.2344187919784,-15.0555975480038,-14.2734030713498,-14.2636955126855,NaN,NaN,NaN,NaN,NaN,NaN,NaN,NaN,NaN,NaN,NaN,NaN,NaN,NaN,NaN,NaN,NaN,NaN,NaN,NaN,NaN,NaN,NaN,NaN,NaN,NaN,NaN,NaN,NaN,NaN,NaN,NaN,NaN,NaN,NaN,NaN,NaN,-14.6079865030882,-14.8369403380215,-14.9283125864914,-15.0840545059097,-15.0574580553031,-15.324027411493,-15.4947210947572,-15.8406792031844,-15.9168162545428,-16.0143645503495,-16.0079228237405,-16.0139951824124,-15.9887621135809,-15.9872761991035,-16.1073450422255,-16.1773957603264,-16.1750514302587,-16.5492926942507,-16.6136439044072,-16.3468570921339,-16.2708749657696,-16.4326862359796,-16.6701595905708,-16.8814286070819,-17.0309645117484,-17.1026137198749,-16.8079890407454,-16.8438441152095,-16.9007145543471,-16.8331109686714,-17.0722219070889,-17.3581577198027,-17.4139340629823,-17.4092701406549,-17.5668553977335,NaN,-17.9987597505059,-18.05479123478,-18.6058981707952,-18.7253160925742,-18.5409162306235,-18.5103126936604,-18.4100813018891,-18.3177986610707,-18.6910054765208,-18.2943006600588,-18.1850621746926,-18.5573548929552,-18.2335977599417,NaN,NaN,NaN,-17.8351948158626,NaN,-18.0249220163028,-18.2173529425476,-17.9936163214481,NaN,NaN,NaN,NaN,NaN,NaN,NaN,NaN,NaN,NaN,NaN
-18.6598156224678,-18.6108581643565,-18.052763125215,-17.9241340907346,-18.1106883891242,-17.8902267856334,-17.8590639885329,-17.8493291743333,-17.9337932170487,-17.8447990868827,-17.7779940966442,-17.9502765710662,-17.931169279359,-18.2977955071816,-18.4658420659673,-18.6639480378901,-18.8045928188643,-18.7294507295413,-18.8919066754436,-18.7474966495752,-18.6445869880858,-18.5181130622086,-18.2095900365616,-18.0651541505559,-18.118549811643,-18.3389294877899,-18.2886595511611,-18.2968263558981,-18.3021000793276,-18.5285342845643,-18.912953291473,-19.2900677860598,-19.5752485673319,-19.7751278684054,-20.0778995521802,-20.2045199461513,-20.5366492492277,-20.9049407741718,-21.1609771814406,-21.459068339734,-21.580571066297,-21.5130097156141,-21.5168892815915,-21.5168922307433,-21.4696484882338,-21.318301980506,-21.2485468513377,-20.9386698057954,-20.9968493704567,-20.7563216281192,-20.5438756352585,-20.3552352695831,-20.0596484094775,-19.8748324351758,-19.7399179168792,-19.5748179306809,-19.5552024828251,-19.5105541922146,-19.3839077600158,-19.2674011466374,-19.1873890353874,-18.7182985590466,-18.2520858497357,-17.7744636261789,-17.1353452891522,-16.3367552029673,-15.2553948757711,-14.3980223300912,-14.2319851282575,-13.9456723982545,NaN,NaN,NaN,NaN,NaN,NaN,NaN,NaN,NaN,NaN,NaN,NaN,NaN,NaN,NaN,NaN,NaN,NaN,NaN,NaN,NaN,NaN,NaN,NaN,NaN,NaN,NaN,NaN,NaN,NaN,NaN,NaN,NaN,-14.5310392765138,-14.8392707658343,-15.0372576499121,-15.1616425696118,-15.292816379365,-15.2493262669332,-15.3603956621423,-15.6548622418432,-15.8714339651156,-16.1347448342515,-16.2895677459254,-16.451095871487,-16.5920770573176,-16.6504933678198,-16.779257668695,-16.8890619569293,-16.9734376951107,-16.9829410040945,-16.9974337311931,-16.9247991298308,-16.8383851029676,-17.0713856226113,-16.8394333073783,-16.8126315996569,-16.7442474433662,-16.9292744321263,-17.0911720144778,-17.2744748655025,-17.241971920343,-17.0040894405066,-16.9526116321019,-17.0458587257964,-17.093178156295,-17.2427666832866,-17.5258586430981,-17.466820947136,-17.5595986360757,-17.652147997149,-17.7702678088702,-17.8435906067572,-18.1940042810273,-18.6470398826593,-18.6390263298935,-18.5245026344555,-18.4754878745362,-18.451312194744,-18.3710385927025,-18.4050912020993,-18.1695112662358,-18.3220092946175,-18.3038047711395,-18.2610875538352,NaN,NaN,NaN,-17.8563376131673,NaN,-17.9522849062963,-18.0619739219977,-18.0253574780747,-18.0124066105896,NaN,NaN,NaN,NaN,NaN,NaN,NaN,NaN,NaN,NaN
-18.7433303979022,-18.7147988214529,-18.1359461073699,-18.0319973835093,-18.0515343226896,-17.8778208442151,-17.887932326014,-17.9046656684692,-17.996826436498,-17.8689604432524,-17.7580581994697,-17.8979359137068,-17.9604896561726,-18.2242249799075,-18.4905386099499,-18.7101438020389,-18.8987831081639,-18.8152812204201,-18.9914788309071,-18.9545227168861,-18.8079641503325,-18.626786976347,-18.2860798054757,-18.2176294338136,-18.2558482419859,-18.4939275288779,-18.4897709928462,-18.434723786746,-18.5610776874161,-18.7489985635826,-19.1628871366981,-19.4960727722717,-19.7879697183477,-19.9858087546316,-20.2892084590138,-20.4563000329355,-20.7152862133418,-21.1440272375019,-21.4028282715699,-21.7084216667262,-21.870866507872,-21.7225091602272,-21.7325076384566,-21.6024873475957,-21.5699827296406,-21.3774817912566,-21.2256801968221,-20.9169044025505,-20.9287590579536,-20.6324031558422,-20.472446721295,-20.2016444583647,-19.953978017713,-19.7816749371228,-19.6501450421688,-19.4665176449673,-19.4487799075729,-19.4619732925098,-19.2765491509621,-19.1456048316692,-19.0867849141034,-18.6480401754308,-18.2717009448255,-17.7958190254878,-17.2111609514828,-16.4991199792867,-15.4742674742831,-14.5766339265857,-14.0302060884494,-13.884500244588,-13.5440886092223,NaN,NaN,NaN,NaN,NaN,NaN,NaN,NaN,NaN,NaN,NaN,NaN,NaN,NaN,NaN,NaN,NaN,NaN,NaN,NaN,NaN,NaN,NaN,NaN,NaN,NaN,NaN,NaN,NaN,NaN,-14.6959446327362,-14.9564166706677,-15.1455373544527,-15.3372545975272,-15.3984147619732,-15.6179666912689,-15.7730755966698,-15.9371553060359,-16.2243556058438,-16.3581891466051,-16.5931834305037,-16.7842109772142,-16.9054895309381,-17.0455877700816,-17.1594215725044,-17.3014721590274,-17.3092974542374,-17.397507350154,-17.3652292229121,-17.4434099161289,-17.4152522427941,-17.410854169588,-17.4727551363197,-17.5140598989707,-17.310214439781,-17.3980611140273,-17.4225275218822,-17.4581636916419,-17.3831741710985,-17.4179838030159,-17.3445969528892,-17.0871761207101,-17.0237232881557,-17.0587187865522,-17.1051829409801,-17.2939212487064,-17.4403166716241,-17.5517156522461,-17.7084475831507,-17.8265885077439,-18.0683211360253,-18.1452995747665,-18.2841814797628,-18.657517421444,-18.7777990015583,-18.5427654362368,-18.4803340264879,-18.6730155888724,-18.7166759333755,-18.6682132356493,-18.3417211692536,-18.3643920994368,-18.6312192806972,NaN,NaN,NaN,-18.0648360654626,-17.8140644929866,NaN,NaN,-18.2065337918471,-18.1190474092654,-18.052918513302,NaN,NaN,NaN,NaN,NaN,NaN,NaN,NaN,NaN,NaN
-18.75677884357,-18.7486444635354,-18.1620822480367,-18.0464746457724,-18.067757622485,-17.9658499300539,-17.9563280052713,-17.9515522803007,-18.012296711056,-17.9025269832207,-17.7646920561435,-17.8282321982019,-17.9181733393854,-18.2399948427316,-18.5901800655292,-18.7839322049155,-18.9582924652171,-18.8945262036576,-19.1291432529547,-19.0532401240425,-18.7972776509749,-18.6843202196266,-18.4425518582274,-18.3804675530606,-18.4318179929477,-18.6158768777651,-18.6695705993954,-18.6623216636411,-18.8178423226487,-19.1074108686493,-19.4526973985838,-19.7012484047402,-19.9989047838905,-20.1611961745705,-20.5309443125414,-20.7350675314483,-20.9599082786978,-21.3333702301056,-21.5954935373738,-21.933356108818,-22.0330356474071,-21.851682849532,-21.819070006313,-21.6186176635069,-21.4523884834786,-21.4317465872221,-21.1334022609612,-20.8201543786793,-20.8206396962871,-20.6417877724377,-20.4645714883985,-20.0708244595099,-19.857747344936,-19.637104633312,-19.4762033776353,-19.3421403727836,-19.338877323468,-19.3254739994185,-19.2039146212675,-19.1572000914777,-19.0065296855166,-18.6227094769233,-18.3436600756667,-17.8426856889245,-17.2429976244944,-16.5767284816927,-15.7404965508042,-14.9244318114103,-14.3589951512464,-13.7573024848653,-13.1634678292368,NaN,NaN,NaN,NaN,NaN,NaN,NaN,NaN,NaN,NaN,NaN,NaN,NaN,NaN,NaN,NaN,NaN,NaN,NaN,NaN,NaN,NaN,NaN,NaN,NaN,NaN,NaN,NaN,NaN,-15.141701196131,-15.0703428912734,-15.2899894242897,-15.490811867227,-15.5994400706354,-15.5414535370958,-15.8806245815956,-16.1649584449449,-16.2969265663432,-16.5390360531717,-16.7033792713694,-16.8368761901611,-17.0067856129893,-17.1777948048575,-17.4452561894167,-17.607358227527,-17.6179814688383,-17.6511173215279,-17.7649327298417,-17.7468410131461,-17.7311040048527,-17.7866621809451,-17.8859450749037,-17.9149951526092,-17.8300636311242,-17.8183920398611,-17.7705528943492,-17.7520487315219,-17.7041864308501,-17.4729259003155,-17.4005433241149,-17.2868620654865,-17.1825260428812,-17.1705595451184,-17.1211361785057,-17.1387868574379,-17.2341439228071,-17.2892239514877,-17.3781831440045,-17.7716443405266,-17.921598705998,-18.1471974424683,-18.2806345048449,-18.2669435010866,-18.639783798781,-18.6988758936808,-18.472508141547,-18.4530949152009,-18.5305576866385,-18.5956899745419,-18.6320269859697,-18.3455999925828,-18.1813045815548,NaN,NaN,NaN,NaN,-17.9020492971734,-17.9023738337233,NaN,NaN,-18.3585617787112,-18.6343183725795,-19.3657110210426,-19.2990234306357,-19.5467647460625,NaN,NaN,NaN,NaN,NaN,NaN,NaN,NaN
-18.6720738688319,-18.7309331287539,-18.2057136530661,-18.0807989801407,-18.0923185860989,-18.0552651703377,-18.0843174752924,-18.0233579641845,-18.0202034383032,-17.9579733554159,-17.8409706997959,-17.8576192382715,-17.9840491800927,-18.2631441869665,-18.6139308665576,-18.7872511454913,-18.9864732522619,-18.9408840777276,-19.1219020845243,-19.103311135174,-18.7511050047672,-18.7026457070269,-18.5630624020512,-18.4763604514537,-18.579025989195,-18.7285398182117,-18.8128208142506,-18.8184257347921,-19.0322729153102,-19.3539224042811,-19.6772433704248,-19.9350445501727,-20.2467400520995,-20.4726282046177,-20.7924892130134,-21.0667109275403,-21.2266985266427,-21.5442366158782,-21.7319613636319,-22.0498384102671,-22.1510146859223,-21.9846873841321,-21.8775341131429,-21.6604506708039,-21.4026557278493,-21.244261105928,-21.0385772357881,-20.7420858066883,-20.7305029852839,-20.4808418398769,-20.3013664472111,-19.7495610857947,-19.4506125971349,-19.3459337814068,-19.1525132213368,-19.0074926832235,-19.0890681485015,-19.1017416052961,-19.0653230471894,-18.9967068127677,-18.8181768721785,-18.4465650284487,-18.2505376309141,-17.8228214645147,-17.2910158845268,-16.7172951453596,-15.8841874730645,-14.9756595736159,-14.2908206880326,-13.8525888160236,-13.5684593355543,NaN,NaN,NaN,NaN,NaN,NaN,NaN,NaN,NaN,NaN,NaN,NaN,NaN,NaN,NaN,NaN,NaN,NaN,NaN,NaN,NaN,NaN,NaN,NaN,NaN,NaN,NaN,NaN,-15.5549835376765,-15.553733627555,-15.6041543865024,-15.5869806542446,-15.6584181226222,-15.7364421334258,-15.774013930264,-16.1331996407921,-16.3834729947301,-16.5017161826988,-16.7428914896459,-16.852487557322,-16.9657935668706,-17.1872348431253,-17.4027789470529,-17.6391488934221,-17.7621563010863,-17.8692821617946,-17.9485274397665,-17.9960627980892,-18.0233836175746,-18.0531957362192,-18.1244425720824,-18.2115706192628,-18.2629160346195,-18.1977747806665,-18.0904011068555,-18.0965476041462,-17.9299524747009,-17.9325359638129,-17.8008922484603,-17.6821782000843,-17.50142182056,-17.4557070223559,-17.3696005198035,-17.2499397268832,-17.3079613128621,-17.2197289595781,-17.2878433880696,-17.3946940508986,-17.7608255804796,-18.0489299196652,-18.2008312478919,-18.2969576030687,-18.3551453885021,-18.6072184185863,-18.6092466082933,-18.4107455511963,-18.4636470799751,-18.6248509230813,-18.7208011086391,-18.7064316085456,-18.6201313256497,-18.2443948216518,NaN,-18.0125768585787,NaN,-17.784244668301,-17.9043409402651,-17.974325887748,NaN,NaN,-18.3246632605604,-18.2414831189561,NaN,NaN,NaN,NaN,NaN,NaN,NaN,NaN,NaN,NaN,NaN
-18.6224549365018,-18.6933801716312,-18.1452396925734,-18.0786090353935,-18.0997679575163,-18.0360806073506,-18.1091378105835,-18.1134731667145,-18.0121239934006,-17.9729145926819,-17.8932311710394,-17.8661758319506,-18.0536237948327,-18.2651726851746,-18.5651850313678,-18.7977914551338,-19.0688936399321,-18.9606671712241,-19.1605029136578,-19.072751239761,-18.7965958113786,-18.7554354154107,-18.6460691218005,-18.5992291442815,-18.5856754782219,-18.8213220477249,-19.0333919807506,-19.0737816068297,-19.1624549385275,-19.5796894279267,-19.9887593430025,-20.2556432990386,-20.5231521019173,-20.7714553470643,-21.083828982472,-21.2660914314962,-21.4928574120417,-21.6879519780273,-21.9230554164172,-22.1215601109988,-22.1665111892369,-21.977154113387,-21.6756617101676,-21.5606281149285,-21.2485288504755,-21.1100687476635,-20.8699501674342,-20.5781499546482,-20.6124655187459,-20.2885686967174,-20.0317085446026,-19.726032497801,-19.2413169427092,-19.1316215520509,-19.0283684931235,-18.7971124296213,-18.8562652000323,-18.9443710415219,-18.9778520756563,-18.8970220091844,-18.7890216553652,-18.4206509552623,-18.2958417174936,-17.8764130288878,-17.4531764061636,-16.864519280038,-16.1259759933176,-15.2078293314879,-14.5660165393703,-14.1783928319663,NaN,NaN,NaN,NaN,NaN,NaN,NaN,NaN,NaN,NaN,NaN,NaN,NaN,NaN,NaN,NaN,NaN,NaN,NaN,NaN,NaN,NaN,NaN,NaN,NaN,NaN,NaN,-14.9547626577882,-15.374661606721,-15.58552821426,-15.7485710240165,-15.6948907117782,-15.6851168244384,-15.9008994937644,-16.0117106676548,-16.1060360911307,-16.3192572669118,-16.4802514708542,-16.6743091411116,-16.8203723322657,-16.9281101547526,-17.0936603293929,-17.3377810951523,-17.5424977112881,-17.7868167358507,-17.8528331977839,-18.029272421574,-18.1481832838115,-18.2454416921295,-18.2719820848725,-18.2752201418164,-18.3519379607103,-18.398895498759,-18.3591601161995,-18.36068213636,-18.3360783768813,-18.3011830131455,-18.2128428558378,-18.1538922555862,-18.0166067416197,-17.8701143943232,-17.8203155881891,-17.7378685106824,-17.6232713707579,-17.5181599487035,-17.5818342335189,-17.4216411569408,-17.5244077257641,-17.5756335262471,-17.8042573079937,-18.107809214572,-18.1544397253542,-18.2424845616761,-18.2838836468741,-18.4864838480746,-18.4286207582406,-18.3037817966646,-18.4524845735924,-18.551215926916,-18.6986237874479,-18.7030058123666,-18.6322895634324,-18.2757886768376,NaN,-17.9866784731247,-17.8673005069256,-17.9225664402962,-17.8876311884635,-18.0434326337096,NaN,NaN,NaN,-18.4115835494102,NaN,NaN,NaN,NaN,NaN,NaN,NaN,NaN,NaN,NaN,NaN
-18.528670915267,-18.6764867035574,-18.1328586355624,-18.0981586579263,-18.1120603475263,-17.9769515927298,-18.1576175875059,-18.2225110860892,-18.0694921078337,-18.0954183569464,-17.9802995618928,-17.9583490373071,-18.0968013890626,-18.2549145320617,-18.4710521415822,-18.7721430560077,-19.046741655383,-18.9213817183515,-19.1169826375772,-19.0721885579717,-18.8126703357013,-18.8446509550976,-18.8092496087821,-18.7025354406651,-18.7053451096209,-18.940823276057,-19.2022356722784,-19.2152173645287,-19.3523461441452,-19.7459472137467,-20.3080499519209,-20.5601322505267,-20.7844478065477,-21.0303937694724,-21.2901649979768,-21.410508761539,-21.5992138110406,-21.7852126736729,-21.9452242436803,-22.0931762752707,-22.0167887421706,-21.834438552907,-21.480845185763,-21.4067884015536,-21.1564982691753,-20.88222804717,-20.6215555415243,-20.3469491527449,-20.3147998818397,-19.9876047249897,-19.741183973304,-19.4510479338536,-19.0516471757102,-18.9048836319873,-18.7672122438991,-18.5847224341584,-18.6067170138207,-18.6900660106011,-18.7092529811887,-18.6062798751031,-18.5277978017742,-18.2405779211442,-18.1123060288681,-17.808752152236,-17.5098942213325,-16.9595838516935,-16.1889074104739,-15.2568648463386,-14.522040994737,-14.4050437507395,NaN,NaN,NaN,NaN,NaN,NaN,NaN,NaN,NaN,NaN,NaN,NaN,NaN,NaN,NaN,NaN,NaN,NaN,NaN,NaN,NaN,NaN,NaN,NaN,NaN,-15.6328995004229,-15.7282997588459,-15.7778624377245,-15.91932342644,-15.8745396137646,-16.0303961628808,-15.9800669125851,-16.0685073368442,-16.2814844843675,-16.3626474706397,-16.4525235698839,-16.5350822368499,-16.6997992360271,-16.853077698841,-16.9517260977116,-17.0983358018568,-17.2638892850639,-17.4703730485384,-17.6999646367944,-17.8743850448839,-17.9626900118714,-18.2802509284507,-18.4104178552942,-18.4040046370067,-18.4157310116176,-18.4863289868082,-18.4417196585389,-18.4487652260332,-18.4873499336108,-18.4998257114564,-18.5140709919665,-18.4785873660074,-18.5061305436505,-18.3409665823338,-18.1692917440959,-18.017463892939,-18.0522577093998,-17.9430364144399,-17.7234891094988,-17.6168688811818,-17.6396515684822,-17.5998516395619,-17.566904421066,-17.7536485278667,-17.7828974025007,-18.1377453245345,-18.2440888460642,-18.2310503048125,-18.2660297011198,-18.480181985337,-18.4128966271719,-18.2978037737068,-18.4122843389792,-18.5186683062217,-18.6432115618387,-18.5233922321357,-18.4836089085991,-18.5382887052902,NaN,NaN,NaN,-17.8040677600524,-17.8563849478135,-18.0683311082825,NaN,NaN,NaN,-18.2509634844504,NaN,NaN,NaN,NaN,NaN,NaN,NaN,NaN,NaN,NaN,NaN
-18.5391617512452,-18.6608804560491,-18.1026792480904,-18.081106813081,-18.1389010283974,-17.9762874467177,-18.2107714525055,-18.3192471933689,-18.1154365332962,-18.1661764135231,-18.0352297555856,-18.0738119448498,-18.173691415707,-18.19680845485,-18.4596642983296,-18.7928467102034,-18.9809700076499,-18.8646729967939,-19.0337624415949,-19.1321191025096,-18.8642184564089,-18.8902634213159,-18.9036943817539,-18.8872171806187,-18.8051354524382,-18.9938763688452,-19.2390628350243,-19.3416280766775,-19.5499557998486,-19.9436528855102,-20.555458298697,-20.8826837832242,-21.0601563183934,-21.3153125837462,-21.4960878800526,-21.4827987590514,-21.731320345662,-21.8498144288572,-21.8814673785808,-21.9975418732204,-21.8107105108658,-21.6791212513361,-21.2404677071416,-21.0733289171349,-20.865117627284,-20.599909876644,-20.2696296529624,-20.1186576632738,-20.0312374190621,-19.717259685608,-19.4507193364109,-19.3715639143574,-19.0361643765731,-18.7955201869082,-18.6130339228538,-18.467265213098,-18.536620054271,-18.5541040790478,-18.6569325123239,-18.5488381728363,-18.4707087174319,-18.2271414143739,-18.1582439985535,-17.9028804471591,-17.5443877983431,-17.0154554343306,-16.20157105762,-15.2876130015949,-14.5343410810732,-14.1797948928801,-13.8059079325685,NaN,NaN,NaN,NaN,NaN,NaN,NaN,NaN,NaN,NaN,NaN,NaN,NaN,NaN,NaN,NaN,NaN,NaN,NaN,-16.7249499543848,-15.931519292444,-16.0622382421628,-16.1810629207644,-15.9172567864038,-15.8847231167944,-15.9144467390155,-15.7469713397115,-15.9524864441161,-15.9689426828724,-16.1112397996284,-16.1363739527231,-16.3037976542767,-16.5144160100626,-16.6067769892373,-16.6283186531859,-16.7044624226272,-16.8303679418882,-16.9458550029911,-17.0321128220013,-17.249573240271,-17.404662575269,-17.5999419480167,-17.8583505089584,-18.119300635948,-18.3073956414314,-18.4841071313307,-18.4352899231904,-18.4388930751396,-18.4570339947505,-18.5323129424116,-18.4418228539759,-18.5056247400545,-18.5394278348147,-18.5558517105536,-18.6081510931256,-18.5826196448095,-18.6600183356845,-18.5079895877993,-18.4728289461445,-18.3485802730919,-18.4370051152149,-18.2735219319714,-18.0125664088357,-17.93306436653,-17.8652332605022,-17.855894236646,-17.7084147219614,-17.7715142243559,-17.8732805208894,-18.0488173278171,-18.1243825422917,-18.1188395108726,-18.2163082188834,-18.4623447249719,-18.2398494436994,-18.2664918893068,-18.375642733611,-18.3573557469197,-18.4531900145008,-18.4034900280635,-18.5825210759784,-18.7584584808169,NaN,NaN,NaN,-17.802296024286,-17.839013651664,-17.9366116752199,-17.8919760187374,-18.2468761203754,-17.8162879175081,-18.192614911763,NaN,NaN,NaN,NaN,NaN,NaN,NaN,NaN,NaN,NaN,NaN
-18.583221240935,-18.648759633722,-18.0002235240572,-18.0342556502224,-18.1380216111058,-17.9424343490909,-18.2820313588865,-18.4073147915752,-18.1800597419435,-18.2798493501863,-18.1609985696354,-18.1643474787213,-18.2317045809165,-18.1033599116857,-18.3996915929553,-18.7770980955176,-18.9376520678832,-18.8261163971278,-19.0647102132003,-19.1626904269119,-18.9299251343074,-18.9491687346273,-18.9560829111613,-19.020632655563,-18.9086579922741,-19.101838639159,-19.3386053685072,-19.4574302474267,-19.7523042741411,-20.1796648867726,-20.7104116186198,-21.1328228933004,-21.2845680583911,-21.4877803043963,-21.6401222807878,-21.5712934148398,-21.7686351652118,-21.8371386841927,-21.7991000860048,-21.7576358059738,-21.5316500821476,-21.3683920628081,-20.862757206264,-20.7162001164774,-20.5487138306962,-20.2993359164803,-19.9853200969657,-19.9058618025254,-19.7466252327658,-19.5663132868255,-19.1278364535296,-18.9526978467999,-18.6850679217181,-18.5589516569484,-18.3974736273838,-18.2618934340416,-18.3703697492226,-18.3844388208998,-18.4513912755143,-18.3359171038149,-18.254144907307,-18.0883812791905,-17.995295954198,-17.7914383071346,-17.4177984983403,-16.8970782529417,-16.1212081149941,-15.1637618902574,-14.4529281675017,-14.0694751583825,-13.3255121541172,NaN,NaN,NaN,NaN,NaN,NaN,NaN,NaN,NaN,NaN,NaN,NaN,NaN,NaN,NaN,NaN,NaN,-17.5037901061486,-16.0091776744403,-16.0029628352111,-15.6359762849798,-15.634123836797,-15.7058046063843,-15.7725593867171,-15.7318051442828,-15.8717712698567,-16.0090144171719,-16.2621911217603,-16.2103681026272,-16.3486466001943,-16.4168286182925,-16.6711191130069,-16.7636838887974,-16.7222852321936,-16.7543169687556,-16.8606385312146,-16.9229929099483,-17.0232099729187,-17.1550412498081,-17.3907134679987,-17.6311584469062,-17.9234932214374,-18.1536527895066,-18.3222995366392,-18.4563048219679,-18.5013733167279,-18.3919962153622,-18.3849202135273,-18.3198537160571,-18.4181601752637,-18.3199641530747,-18.4474625841653,-18.5220332503434,-18.5279941759869,-18.6713960751673,-18.6752724144258,-18.7652763260994,-18.4715308257701,-18.4706475251377,-18.4547189077003,-18.4983966185556,-18.4643609312516,-18.2674583995088,-18.1508656802471,-18.1013776230291,-18.0822456084065,-17.9597838795699,-17.9797094651605,-18.0185621102054,-18.0156979455335,-17.944411277768,-17.9961348480261,-18.1896202088881,-18.3088155155515,-18.1181796556359,-18.1961584001455,-18.2594883656438,-18.4197877131542,-18.4089486619732,-18.5082534922167,-18.6049007633186,-18.7845645564319,NaN,NaN,NaN,-17.5768464092075,-17.4390809825403,-17.6600020169101,-17.6592361805631,-17.7286103498124,-17.4770360664498,-17.9995427317673,NaN,NaN,NaN,NaN,NaN,NaN,NaN,NaN,NaN,NaN,NaN
-18.6670016276503,-18.714109759241,-18.0646980687837,-18.1560283351155,-18.155739314023,-18.0135006084855,-18.308338822745,-18.4210847868474,-18.2422525525027,-18.4236106545291,-18.2315340740789,-18.2144812017593,-18.2737267288281,-18.1438769771608,-18.3675614408698,-18.7218057542621,-18.9160897083867,-18.8289344808597,-19.1265952432683,-19.2025443543122,-19.0432396784283,-19.1006514107742,-19.0191485245536,-19.0573700973512,-18.9940786664583,-19.2276534203115,-19.4175225069875,-19.6255111644159,-19.967199286786,-20.4299580989398,-20.8900032916807,-21.3333771827265,-21.4390754332578,-21.4549730082768,-21.647218322449,-21.5639890582804,-21.7477931563735,-21.7980676559964,-21.624658282928,-21.436641238776,-21.1894198227022,-20.9970049110075,-20.5021000070253,-20.3876859154844,-20.1521257322651,-19.9850221323713,-19.7878290442064,-19.6685727368866,-19.4958919568835,-19.2883615850606,-18.985579712627,-18.6437299590829,-18.5123915491093,-18.3869188197875,-18.3029059780842,-18.2320570313284,-18.2168046343986,-18.2414965304234,-18.2558464033964,-18.1869239759456,-18.1689564914889,-18.0684033511308,-17.9567316164493,-17.7072844629765,-17.3158319613874,-16.7121620967125,-15.9369166405079,-14.9917561021094,-14.22982866186,-13.8289521612055,-13.5153863383538,NaN,NaN,NaN,NaN,NaN,NaN,NaN,NaN,NaN,NaN,NaN,NaN,NaN,NaN,-16.85619199954,-16.0945430862275,-16.1720096378755,-16.1997650468724,-15.3431843674723,-15.5427450982017,-15.4418986818725,-15.628830713989,-15.8365603010264,-15.9559214769155,-16.1590997389228,-16.2981387460907,-16.2948384001762,-16.3517645775316,-16.365175591778,-16.5078924159298,-16.6133879902932,-16.7512909901357,-16.7872520665853,-16.8040880183958,-16.8461948103633,-16.9331213877441,-17.0007839375414,-17.1375789882284,-17.3272773114423,-17.6227242548042,-17.8986138440175,-18.1205553119074,-18.2996192253577,-18.3229808175324,-18.2903086041243,-18.3270755740779,-18.2464451983083,-18.2466205539926,-18.2753673639442,-18.3736785874741,-18.3907809554195,-18.5051559117096,-18.6861171213949,-18.6001768289841,-18.7508837455606,-18.6914977394599,-18.7760810351209,-18.5755820256013,-18.5560492203036,-18.5815556260609,-18.7406244007908,-18.6139725056412,-18.4001282877186,-18.2831879954522,-18.3155724022538,-18.2495515957092,-18.0879507364105,-18.1229006034897,-18.1617695573951,-17.9487035190018,-17.812438471807,-17.9054797902185,-18.1596087365232,-18.1993830466649,-18.005183360284,-18.1002869320575,-18.2665151793163,-18.4170045091074,-18.4442712315515,-18.5987288061522,-18.6450053792813,-18.7187761955088,-18.7336799694368,NaN,NaN,NaN,-17.4583022413196,NaN,-17.9077986851298,-17.4157856684411,-17.1538683141357,-17.6600690502208,NaN,NaN,NaN,NaN,NaN,NaN,NaN,NaN,NaN,NaN,NaN
-18.7233157837757,-18.7809035548212,-18.1180630457775,-18.1479809832961,-18.1612963894775,-18.0808738092701,-18.3699126517643,-18.5380674576089,-18.2494274466346,-18.4831134743678,-18.3105856535858,-18.3417480540031,-18.2680091913221,-18.1024062897727,-18.3054109624004,-18.6317862462054,-18.8839173375321,-18.8121751463096,-19.3154835452293,-19.3361852949403,-19.2576564522374,-19.1590166936676,-19.0308470484122,-19.1009063504301,-19.1203171777635,-19.4076836895572,-19.5015241223795,-19.6544635894961,-20.112292831053,-20.7243861852429,-21.2389683785992,-21.5807345547978,-21.5501618565402,-21.4967062388276,-21.7246572669377,-21.5573808338143,-21.7217970490947,-21.6599757333926,-21.3914112166136,-21.1366708703881,-20.80530043426,-20.6003387967561,-20.1822764428915,-20.1516626210911,-19.9193582970646,-19.7654358078287,-19.651562048258,-19.4630601279622,-19.2102387154627,-18.9630772297928,-18.7600715500817,-18.4350979394013,-18.3165329390202,-18.1991221096062,-18.1595287063174,-18.1148919301434,-18.0601133926831,-18.1584613605028,-18.1604204900794,-18.0782810864778,-18.0409013791566,-17.9672811031865,-17.7598715516872,-17.5043306035204,-17.1237785881073,-16.6005335577812,-15.8259478059255,-14.9423316188894,-14.1878665703799,-13.9147869265918,-13.5902370880797,-13.7740664926664,NaN,NaN,NaN,NaN,NaN,NaN,NaN,NaN,NaN,NaN,NaN,NaN,-16.2136036244483,-15.9514085327097,-15.4240073136965,-15.535654705177,-15.5306719365989,-15.444581439003,-15.6928781954923,-15.8226373367286,-16.0336940279523,-16.1746845250084,-16.3058959160115,-16.4812511784933,-16.3795920719279,-16.3541945034166,-16.3949455340543,-16.523173361863,-16.6279838668412,-16.6807873867073,-16.7251304964173,-16.7752191948333,-16.8698434208275,-17.0049911857201,-17.16874447819,-17.326570045363,-17.5295415238905,-17.7750382954325,-17.9765001854203,-18.1450751685998,-18.2469945234487,-18.3051138530971,-18.2714581153097,-18.2476509714506,-18.2795153734834,-18.2034162438503,-18.2854599047247,-18.2845864871044,-18.2220639518462,-18.1788178395641,-18.2359777815421,-18.5888617856052,-18.4382010917759,-18.9087007719675,-18.7265070912348,-18.7890372112419,-18.5727111315617,-18.5477073082626,-18.5993068638993,-18.8237651588584,-18.6268242652419,-18.5409312505883,-18.4181935353041,-18.3640825535105,-18.2839574517077,-18.1795935892055,-18.1746274309045,-18.3776045187142,-18.0992045537296,-17.7999072690945,-17.8149224142019,-18.0708253868383,-18.085787404818,-17.9432319195042,-18.099480493632,-18.2172280300879,-18.3639877667573,-18.3945811835677,-18.7439199046119,-18.8384173838499,-18.7141976637078,-18.6177762876848,NaN,NaN,NaN,NaN,NaN,-18.7075471238563,-17.6280308870091,-16.3278254457542,-16.6082216411446,-15.9182905937858,NaN,NaN,NaN,NaN,NaN,NaN,NaN,NaN,NaN,NaN
-18.6649609627652,-18.8023989938495,-18.2272975034192,-18.2899349492882,-18.2269474130697,-18.1417989853737,-18.4238230937795,-18.6088367743498,-18.4005870250397,-18.6160737655056,-18.4538636381931,-18.4018207321467,-18.2161359703044,-18.1062604341494,-18.3382567922854,-18.4888653988685,-18.8352748091824,-18.8706981189446,-19.3289511487445,-19.41778535642,-19.3118698652384,-19.2245954031102,-19.1677780679766,-19.2035949883836,-19.2797276739827,-19.4793427378272,-19.5169016367291,-19.7252047853119,-20.2567158456966,-20.9555716297222,-21.4933802837478,-21.7468601233904,-21.749804515048,-21.5946855217036,-21.6470360125354,-21.5314401883596,-21.6589264162765,-21.4115982910324,-21.0822910285741,-20.8034212362862,-20.4157950784558,-20.239807799427,-19.8020916655017,-19.7671304383485,-19.6582182466855,-19.5342051765615,-19.4328518100211,-19.2268323820116,-19.0001224391629,-18.7755593019116,-18.6951856938726,-18.3044721256374,-18.1124241949025,-18.0499362729207,-17.9926900444871,-18.0315602601502,-17.99946585936,-18.1052007010545,-18.0446825325336,-18.0033716678849,-18.0093764551341,-17.920848370965,-17.6594723810327,-17.3159391736081,-16.8397359066589,-16.3621373192817,-15.5729274945066,-14.6075495640742,-13.7337323098659,-13.340997344723,-13.3934636499158,-13.6773160981509,NaN,NaN,NaN,NaN,NaN,NaN,NaN,NaN,NaN,NaN,NaN,-15.7036740726559,-15.3868256592783,-14.9835142274509,-15.0041247845369,-15.188867059673,-15.4178818874107,-15.5873505790515,-15.8509633457703,-16.0864444745648,-16.3107290822896,-16.4286353217627,-16.4496703082868,-16.3937570033307,-16.3558159287485,-16.4220365703846,-16.489713323758,-16.5751775536062,-16.6184861743571,-16.7061970095882,-16.8759178366979,-17.037629685962,-17.2372399156731,-17.3538367505647,-17.5780118174047,-17.7038803861469,-17.8016395782568,-17.9603695696102,-18.0613069078815,-18.1355120893387,-18.15676263811,-18.1665358393571,-18.1476080706808,-18.2092524662998,-18.263455600654,-18.2267531161357,-18.2658657789516,-18.0731567670036,-17.9618295791503,-17.9385172406146,NaN,-18.3540266767259,-18.1562213911652,NaN,NaN,-18.8416742740193,-18.8007991750954,-18.8107420536852,-18.7989041957168,-18.8361133417634,-18.7484036365186,-18.7229735567167,-18.542950170983,-18.5174916521952,-18.4688311408837,-18.3632069009577,-18.2101285556524,-18.2970871918239,-18.1799302405157,-17.7998839393185,-17.7485958396873,-17.9504352669654,-17.9628634819422,-17.8983278448226,-18.0885167693585,-18.1424323872345,-18.3029067952223,-18.3218376748377,-18.5736975958582,-18.8891957686125,-18.7629611450982,-18.3926630424822,NaN,NaN,NaN,NaN,NaN,-18.9736329550803,-17.6742989084643,-17.0880342761202,-17.3374483333507,-15.7082116413965,NaN,NaN,NaN,NaN,NaN,NaN,NaN,NaN,NaN,NaN
-18.6902070673169,-18.806727859545,-18.3319088691609,-18.4192226140037,-18.2417765594793,-18.1947346447884,-18.4600635675263,-18.6561921270639,-18.5652714282322,-18.7385380158167,-18.6079573513797,-18.3931869066674,-18.2585803904097,-18.2036263357743,-18.3300166250639,-18.4529281505325,-18.8102591496431,-18.8996277521226,-19.4765970217255,-19.5319786142795,-19.3878093103815,-19.2703793022632,-19.2754819232792,-19.3249400086483,-19.4077293706446,-19.5286981125274,-19.6564218924423,-19.8282932791946,-20.4713444385022,-21.2051303250939,-21.7039227339606,-21.8335186457266,-21.8713934812857,-21.6451797060199,-21.5982109437678,-21.5314490811898,-21.4546749466404,-21.098295793069,-20.7385519769011,-20.5052161096128,-20.0383870714605,-19.8862904044072,-19.4737068430561,-19.4505874788106,-19.3562388742893,-19.3178117003911,-19.1699789882461,-18.9905870610372,-18.7495624473709,-18.5754905996391,-18.4175124554496,-18.1401917382144,-17.9427715444022,-17.8356096146198,-17.9058892288396,-17.9469065983283,-17.9946385780996,-18.0069311383122,-17.9287041347228,-17.9438846570169,-17.9704983640664,-17.820179287309,-17.5364723066946,-17.1804823503357,-16.7300153193593,-16.1279934771528,-15.4624303715848,-14.5013896919599,-13.5813593315175,-13.2479865490205,-13.6397563760764,-13.9629596180462,NaN,NaN,NaN,NaN,NaN,NaN,NaN,NaN,NaN,-14.9798124859236,-14.9189692637285,-14.9673411498263,-14.6104092260475,-14.6539280947796,-14.9734001865772,-15.3114686957732,-15.7772722635573,-15.9278180502045,-16.2250079639229,-16.4089840044174,-16.5552584774053,-16.5598400866201,-16.4893886884174,-16.4421239787634,-16.4736216638788,-16.5851691647653,-16.6473058686653,-16.7201798708725,-16.8464290498088,-17.0575616763393,-17.2094722681852,-17.2944338065189,-17.4268762673614,-17.5038557913473,-17.5549766969794,-17.6538205644034,-17.6991949521613,-17.8842427527111,-17.95401061908,-18.0231128435976,-18.0136437854996,-18.0110114090749,-18.0519761013328,-18.0648086097058,-18.1746639662326,-18.0920086533683,-18.1147639886275,-17.6630008541285,-17.7195540138201,NaN,NaN,-18.4917572348065,-18.1903042657001,NaN,NaN,-18.9329667470016,-18.9203219843134,-18.9705332603562,-18.8848878047581,-18.9508670855612,-18.9259518362492,-18.8336631315111,-18.7453078709252,-18.6847215172227,-18.5706277315313,-18.5760781947886,-18.4047455491259,-18.3377621107563,-18.2697879434845,-17.8655297761787,-17.759943573609,-17.8706662643436,-17.8237587172575,-17.8537236532781,-18.0500838038122,-18.0849328581461,-18.2160290832541,-18.333587056099,-18.5605653680297,-18.9375961584008,-18.9774970248469,-18.3377999508493,-18.1732174124646,NaN,NaN,NaN,NaN,-18.8127486525153,-17.9563106374169,-17.8342436940341,NaN,-15.4371824963518,NaN,NaN,NaN,NaN,NaN,NaN,NaN,NaN,NaN,NaN
-18.7118958508419,-18.8033108305561,-18.4175371997517,-18.5699443686737,-18.3159608570429,-18.2677387095746,-18.5080894927617,-18.689089919055,-18.6544028842077,-18.8121541020089,-18.7309236588412,-18.5210604784342,-18.3717052551816,-18.3206268659152,-18.3333188353054,-18.4024754678372,-18.8650431217869,-18.9468129446968,-19.5296811870497,-19.5267128086999,-19.4281214176011,-19.188588770193,-19.3827110823598,-19.3913237194827,-19.4513255606869,-19.5932031667028,-19.7808122054254,-19.9874920570927,-20.7257905326858,-21.4537861494611,-21.8344884911253,-21.9777643351975,-21.9562524513206,-21.7024679416239,-21.6085872804517,-21.4041660568828,-21.2193661835536,-20.7828991164618,-20.4081420681443,-20.2279189321077,-19.7139296896405,-19.5406710167081,-19.1575368494672,-19.1333458834081,-19.0648432648352,-18.9167080651978,-18.7669503476751,-18.7361973720151,-18.5808618492973,-18.3921436573007,-18.1442606145347,-17.9694537538906,-17.7909291765162,-17.7293529165581,-17.7715226630944,-17.8800105569273,-17.9736055676303,-17.9839576462079,-17.8146016273426,-17.7028004777685,-17.7548998513333,-17.5701292225941,-17.2634603284292,-16.9144395738499,-16.3522137314088,-15.7238725310384,-15.1633079236438,-14.2795464291791,-13.4595232147116,-13.281804791595,-13.662039905738,NaN,NaN,NaN,NaN,NaN,NaN,NaN,NaN,NaN,-14.554115947112,-14.5549628610456,-14.3967255535485,-14.4874995134251,-14.4031157426845,-14.9191389607746,-15.3916208438757,-15.8317065129619,-16.216998424543,-16.4290469229521,-16.5484214610473,-16.6105651061648,-16.6696816430596,-16.596818547142,-16.5188989757618,-16.5729631783428,-16.5931203704831,-16.6671517122875,-16.7332405284351,-16.8496632524528,-16.9351871850065,-17.1366486799687,-17.321529400774,-17.4148188800203,-17.4604996073161,-17.5180284196016,-17.5581468725146,-17.6786388370489,-17.7631069210584,-17.9269106637377,-17.8787981032865,-17.9409673106798,-17.8989024935855,-17.99062367644,-18.0118411018788,-17.9823157971267,-18.0453156934731,-17.9163696208065,-17.8067183950783,-17.1088287229358,NaN,NaN,NaN,NaN,NaN,NaN,NaN,-18.8122641256402,-18.9870745336801,-19.0167843126721,-19.1649277134658,-19.235389767438,-19.1748400694341,-18.9623040850363,-18.8878459362322,-18.6592409467366,-18.5922311099388,-18.6320475593527,-18.5005946704041,-18.5481495743198,-18.3113779590112,-17.9439985653185,-17.7638330153185,-17.8448242773981,-17.7299864967524,-17.8469157284751,-17.981530177924,-17.9716757662805,-18.1004990951602,-18.3041115593588,-18.5193593635572,-18.9449723228942,-18.951560165087,-18.2507139143459,-18.154417587989,NaN,NaN,NaN,-20.0372422349062,-19.3755524490514,-17.7237993827211,NaN,NaN,-15.098288510843,NaN,NaN,NaN,NaN,NaN,NaN,NaN,NaN,NaN,NaN
-18.758798107856,-18.8053859523237,-18.4587145654967,-18.5880347767953,-18.3190705988371,-18.3625204603208,-18.5243114194695,-18.6898885141075,-18.7443548170898,-18.9031360827239,-18.8337199967897,-18.6500222757193,-18.572402120105,-18.543828603614,-18.2970524054243,-18.3142961820387,-18.9210306465519,-19.0148368059099,-19.5580244437874,-19.5712958441879,-19.5159612209926,-19.2101529081749,-19.436581781508,-19.4747686453264,-19.4716340315403,-19.6515231471035,-19.8954854712076,-20.1638880980706,-21.0077507251349,-21.645906178884,-21.9348274286132,-22.0211970742005,-21.9228392804164,-21.6680855467038,-21.5615289321104,-21.1463363525675,-20.8728894352495,-20.3866683576333,-20.1326972730965,-19.7303327069521,-19.2861748781765,-19.1868118203864,-18.9866410029469,-18.914705400555,-18.8001567913306,-18.6976585701231,-18.4943962576906,-18.5626347944379,-18.4556908411125,-18.0689330530129,-17.7895244884779,-17.5439086357428,-17.4987231976132,-17.5984305074599,-17.7778366873505,-17.8726874840055,-17.8508507765341,-17.8327085605839,-17.7523057872133,-17.6362106266083,-17.5096469572436,-17.2658222546359,-16.9761891063421,-16.5321912808768,-15.9835914153189,-15.3350355688428,-14.9257815587943,-14.0568239560012,-13.5355043783085,-12.9777013200398,NaN,NaN,NaN,NaN,NaN,NaN,NaN,-14.7811467024288,-14.3061606387301,-14.3359923367522,-14.189850344454,-13.9224908731503,-14.0101178360966,-14.3436752205266,-14.6446348181697,-15.3261231282809,-15.7720317872794,-16.2297193391143,-16.5101208974828,-16.6760981199893,-16.7303986638399,-16.8066014429312,-16.7774064952492,-16.7320585210337,-16.6628947933939,-16.7106786609813,-16.6934902489831,-16.7271320649151,-16.8925631146021,-16.9533840762678,-17.0653883690548,-17.2365759881606,-17.383152074612,-17.4328316391327,-17.4970608535211,-17.6655292588766,-17.6770251037965,-17.7383998917055,-17.7135366411894,-17.8516729943025,-17.7961516897101,-17.8710771041902,-17.8809318228428,-18.0240774341357,-18.0974992314729,-17.8955696719899,-17.937585093943,-17.7449374439774,NaN,-15.8499871606296,NaN,NaN,NaN,NaN,NaN,NaN,NaN,-18.9733512274619,-19.0183536341123,-19.0882700076207,-19.1496019635179,-19.3215841308212,-19.2388994064291,-19.0613056578421,-18.9645880147266,-18.7907962425276,-18.7929254356099,-18.8147168113444,-18.6715815792533,-18.6400409229741,-18.435182693346,-17.951348013939,-17.7310014484524,-17.7212459211316,-17.6781340490714,-17.7734594936654,-17.9238579741649,-17.9049579038462,-18.0295581121481,-18.3180558917942,-18.5627416204528,-18.9795437063884,-19.0747887191982,-18.3610290523525,-18.0572799519628,NaN,NaN,-20.0596819181011,-19.7504864080088,-18.5574368440501,-17.5035016737015,-17.406305587061,NaN,-14.772990498374,NaN,NaN,NaN,NaN,NaN,NaN,NaN,NaN,NaN,NaN
-18.8402869618425,-18.8309246386902,-18.5038787292431,-18.6958410578089,-18.4390011401222,-18.4900139151239,-18.5259171135942,-18.6845496915062,-18.804663058326,-18.9584931709707,-18.9129627678174,-18.7545848260568,-18.7110576501741,-18.6941509231689,-18.3691983145818,-18.36892708986,-18.934347044909,-18.9489852563599,-19.4362405551685,-19.5718335573026,-19.6098508465457,-19.2691071780107,-19.5174123089928,-19.5528661141553,-19.5425069286129,-19.7100030280794,-19.9955981336626,-20.4133580288498,-21.226714253178,-21.8026498099578,-22.0044469542324,-22.0238428050241,-21.9789726193101,-21.7290821088603,-21.3567549034577,-20.8145213865761,-20.4714303376534,-20.030998467948,-19.7773659980845,-19.2640848361273,-18.9350354499139,-18.8159445118964,-18.6921087001143,-18.5962487683862,-18.4971576529207,-18.4760437333493,-18.2588651858856,-18.3512204290487,-18.1790556471648,-17.758116930998,-17.5035301614237,-17.3426918159046,-17.4182484132698,-17.4917453287314,-17.6019298080646,-17.6707904463878,-17.7029031725732,-17.6365661666155,-17.5952363149141,-17.3678068297887,-17.1172527059412,-16.7546101968613,-16.5096539368228,-16.0211680405606,-15.447227664391,-14.7294503286416,-14.0355619501296,-13.347593387012,-13.3321614025548,NaN,NaN,NaN,NaN,NaN,-16.047738415172,-14.780186981836,-14.5518202748706,-14.3077324417723,-13.8685527317595,-13.9068815944419,-13.624707352574,-13.701114847725,-14.3933392240271,-14.8899629010949,-15.4495149815338,-16.00317294619,-16.3169882788562,-16.6792873433561,-16.7682884622545,-16.778991155426,-16.7753296174265,-16.8418278223535,-16.7650331892958,-16.7326619392607,-16.6529166989624,-16.7112103804341,-16.7643778270829,-16.825821099473,-16.9923076469397,-17.1130628408156,-17.1512150394424,-17.2197895325034,-17.3371183254973,-17.3830254857496,-17.5447274697464,-17.6228758866113,-17.6848424164934,-17.7124463103144,-17.6203840841539,-17.7832259658135,-17.7236987551054,-17.8387257531004,-17.7624061167253,NaN,NaN,NaN,NaN,NaN,NaN,-15.9942479608811,-15.9373268415506,-16.8472806393817,-17.0826394807597,NaN,NaN,NaN,NaN,NaN,-19.1042687033622,-19.1660583240838,-19.1363239996623,-19.3236615027241,-19.3456910232758,-19.1924556128784,-19.2019809121658,-19.1631773665897,-19.0225094886906,-19.0613668624639,-18.9328265033894,-18.7992780969494,-18.8288607696743,-18.161457496474,-17.8463930844387,-17.5993473408911,-17.7155762432768,-17.8116119686032,-17.9714141787424,-17.8489956042035,-17.9511885469419,-18.2404261248483,-18.4402003155895,-18.8252245533513,-19.0270136537737,-18.4009602878171,-18.0342273803801,NaN,NaN,-19.4573827743732,-19.3059854929404,-18.7016604801184,NaN,-16.5278855042852,-15.6699680590771,-14.3507235362786,NaN,NaN,NaN,NaN,NaN,NaN,NaN,NaN,NaN,NaN
-18.870493239878,-18.8337853952042,-18.5096661431475,-18.7111244869199,-18.5543395875259,-18.5298935001485,-18.5140190971756,-18.7326617913455,-18.8289739502396,-18.9844332691091,-18.9852647142108,-18.8184530653074,-18.806655225305,-18.856969050454,-18.4780482585262,-18.4620987707751,-18.9173423854293,-18.9394118240967,-19.3759371767653,-19.533229503877,-19.6279102286063,-19.2856968670087,-19.5748634434773,-19.6673051766984,-19.6551379408339,-19.8379294654754,-20.1551027027743,-20.5651982588364,-21.3899698783682,-21.8192391141953,-22.046854152042,-22.1738642129948,-22.0225411850817,-21.5398456383535,-21.144955847632,-20.4589054900113,-20.0693410521311,-19.6076871863008,-19.3211994002172,-18.7661484202666,-18.5669851479869,-18.4878603054738,-18.3795160227556,-18.2745741576363,-18.2493927908205,-18.2381743652643,-18.1364781929784,-18.157284896432,-17.975108017664,-17.6273311968295,-17.4746415972842,-17.2374404654904,-17.2410784492079,-17.2870643821581,-17.3391387942492,-17.3955954908265,-17.3325186480349,-17.4113392596735,-17.3908441688182,-17.1923270296987,-16.924958303712,-16.663425381214,-16.2154147153702,-15.6087229946743,-15.1349026429641,-13.9857780919025,-13.5149369308262,-13.2726273580519,-13.0679124871488,NaN,NaN,NaN,NaN,-15.3499858505313,-14.9965336255781,-14.4608589198828,-14.0451741917843,-13.7370637580939,-13.4662739543601,-13.5501080471785,-13.6512193950339,-14.2281097735188,-14.82411079945,-15.4109830692588,-15.9348120439574,-16.2616961550032,-16.5371890648704,-16.7337008104541,-16.7039563338213,-16.7302856904022,-16.700163392634,-16.7044514730867,-16.7290241714841,-16.8184187248185,-16.8365375364018,-16.889228748233,-16.9441712411196,-17.0496189368193,-17.1692154987483,-17.2340132198368,-17.2240459573936,-17.2950416009529,-17.4103894579066,-17.5256019268926,-17.5582047534645,-17.6984984449434,-17.7207238827418,-17.6770640260263,-17.6232982395292,NaN,NaN,NaN,NaN,NaN,NaN,NaN,NaN,NaN,NaN,NaN,NaN,-17.5849901136215,-17.3085584802101,NaN,NaN,NaN,NaN,NaN,NaN,-19.4578063578242,-19.4126494517483,-19.3856777392721,-19.3736496856744,-19.425469669025,-19.5129080025601,-19.524300502493,-19.3795152454254,-19.3683812289673,-19.2043305971914,-18.9205437175509,-18.8019470941422,-18.3864386021977,-17.8947561469974,-17.6330887274863,-17.7726230573767,-17.8280401147358,-18.021238545473,-17.9019069957255,-18.0299971879061,-18.1719611583093,-18.3768467640216,-18.7380899433801,-19.0199870858979,-18.7904295484022,-18.2946427080622,-18.3584621701137,NaN,-19.2122434452278,-19.2525445548621,-18.5494340949372,NaN,NaN,-16.2074409647337,-13.9012202050794,NaN,NaN,NaN,NaN,NaN,NaN,NaN,NaN,NaN,NaN
-18.8721099666449,-18.8846564212002,-18.5271920182015,-18.8030231099834,-18.748497797035,-18.5910465477312,-18.5476790648172,-18.7527163588753,-18.8875916882699,-19.0260297095818,-18.9956093046544,-18.9563949811247,-18.9583000528299,-19.0085947083713,-18.7618266211983,-18.5714935549099,-18.9114206994408,-18.9385982401958,-19.3975363632536,-19.5107667559675,-19.591371060642,-19.2920877850449,-19.7240975410938,-19.8238111751176,-19.8303145348706,-19.9716874121786,-20.2321631573567,-20.7352337653901,-21.4855944102829,-21.8512327300705,-22.0583912854524,-22.2322105570194,-21.892032134034,-21.3517096938128,-20.8014018259727,-20.1224665850499,-19.7271830216351,-19.311312852997,-18.7655930123877,-18.3423875623233,-18.1161405390773,-18.1305747088938,-18.1016957540738,-18.0792191291765,-18.0560234027828,-18.0502122696478,-17.950370882349,-17.9464085503374,-17.752340520056,-17.4237804873276,-17.2385153859316,-16.9638868698478,-16.9987078968529,-16.9781209218577,-17.0163274076955,-17.0780932619044,-17.0723664805436,-17.1201983591507,-17.0633497032303,-16.8438247942194,-16.527436531325,-16.166428454873,-15.4802690279838,-14.9608995036842,-14.2013723832141,-13.0346993382,-12.87106557769,-12.8734102232387,-12.8893437807246,-13.0337875704119,-14.3287895276368,-14.7636369195604,-14.9702784477699,-15.0887963809431,-14.3533296761468,-13.941882092516,-13.5692376549481,-13.4702779282946,-13.3638052720392,-13.7238330498278,-14.1707082940495,-14.8495514616524,-15.3777737060034,-15.9036963177487,-16.2816565278379,-16.4469247677071,-16.5861120471153,-16.6785434643629,-16.6698992382904,-16.6987058078142,-16.6935320355606,-16.7266252438906,-16.8271346524099,-16.9410996491436,-16.9561093134203,-16.9918692711778,-17.0107214897096,-17.0844588656603,-17.0594231445154,-17.1763406134852,-17.1311603975885,-17.2685494747168,-17.4529366326242,-17.5289828673795,-17.7410075377023,-17.9063113817538,NaN,NaN,NaN,NaN,NaN,NaN,NaN,NaN,NaN,NaN,NaN,NaN,NaN,NaN,NaN,NaN,NaN,NaN,NaN,NaN,NaN,NaN,NaN,NaN,-19.5331159489949,-19.6955666318644,-19.4313756169586,-19.67447868464,-19.7173638698257,-19.8270349743488,-19.9008199002923,-19.6618634894014,-19.5507874698092,-19.1761226437114,-18.9605408719286,-18.6026260095885,-18.1099054948971,-17.7341022510272,-17.8264564939257,-17.9772028384139,-18.0924235498348,-18.0575212040233,-18.1125497976666,-18.2120740900865,-18.3337377537116,-18.5809699452442,-19.0210403662817,-18.7423262618216,-18.3066265263751,-18.2742195744946,NaN,-19.1346923410844,-18.89267271471,-18.5418649426182,NaN,NaN,NaN,-13.6187141081985,NaN,NaN,NaN,NaN,NaN,NaN,NaN,NaN,NaN,NaN
-18.9076386380876,-18.9857880395359,-18.5829632557068,-18.8005317425059,-18.7774674129046,-18.6394563323678,-18.5315773817209,-18.8374718148951,-18.9021025085047,-19.0718356093684,-19.1015145381537,-19.0618791117615,-19.1226377909812,-19.1547317379456,-18.9516990612171,-18.7063645362624,-18.9285999577065,-18.9105584953573,-19.2958771530572,-19.4750435824357,-19.49230562725,-19.3158764418085,-19.714035657713,-19.9118355261617,-19.942976467259,-20.0066775240699,-20.3139801725956,-20.8753237947724,-21.5738715451132,-21.9177564566087,-22.0789416914051,-22.2328344087706,-21.6714802093172,-21.133939057371,-20.4728897739892,-19.7703371673001,-19.2820357304011,-18.7372756398059,-18.0923940448901,-17.8346169108208,-17.7657152573528,-17.8218545185596,-17.9250970101089,-17.9127357292718,-17.8902878707465,-17.8807318392387,-17.7781415787082,-17.8218886056274,-17.520488455913,-17.2154620893959,-16.9364571153878,-16.8490788950842,-16.6422160952379,-16.6093405731081,-16.7168197581864,-16.7367196621686,-16.6995634476175,-16.6711105974084,-16.5412739612277,-16.3331405713888,-15.9418670158315,-15.3933767669061,-14.8544340585345,-14.324563794459,-13.6241462325825,-12.8836459410712,-12.7048032529386,-12.6934650820792,-13.2224946576796,-13.4069272770779,-14.1551509106715,-14.2271412072627,-14.3782618097246,-14.1586095303261,-13.7931324931374,-13.6528041758513,-13.5150102231174,-13.6823307563239,-13.9272929718314,-14.4203921110785,-14.8125697303909,-15.3582478647082,-15.8316728535069,-16.2196048963543,-16.428737064847,-16.4931454284924,-16.5953805948867,-16.6573164688049,-16.6207629165352,-16.6695803037558,-16.6520584793486,-16.7627355676149,-16.8876172755518,-17.0120380628725,-17.0275065309987,-17.1285896281342,-17.1736981260391,-17.2128757016673,-17.1592975127634,-17.2800524357912,-17.3587808627817,-17.6202904573274,-17.757018469873,-17.9124017330981,-18.0525659697055,NaN,NaN,NaN,NaN,NaN,NaN,NaN,NaN,NaN,NaN,NaN,NaN,NaN,NaN,NaN,NaN,NaN,NaN,NaN,NaN,NaN,NaN,NaN,NaN,NaN,-19.606901604195,-19.4487304630592,-19.3841709896581,-20.092347159847,NaN,NaN,NaN,-19.7637166609549,-19.6103100111557,-19.2428253306247,-19.1009585335623,-18.7069573376622,-18.2514054220428,-17.9135367331174,-17.9090710323882,-18.0425801162147,-18.1110991042054,-18.088201699613,-18.0349169823201,-18.0451969474784,-18.1766560962672,-18.4054418148854,-18.9161644007017,-18.9940698568327,-18.5132125366949,-18.4421728429334,-18.8782064589238,-18.7618026590447,-18.7064201797495,-18.9465755445547,NaN,NaN,NaN,-13.0583283227662,NaN,NaN,NaN,NaN,NaN,NaN,NaN,NaN,NaN,NaN
-18.9839677167652,-19.1110880937074,-18.6418573966449,-18.8046248204522,-18.7473169331741,-18.7167126513191,-18.5780914051772,-18.8091017250787,-18.882314450817,-19.0960236436505,-19.2070643305801,-19.2462605680516,-19.2702000097875,-19.3105372305926,-19.0905876107274,-18.8606603678198,-18.9698782030704,-18.8205290827844,-19.1712985762131,-19.3854013484801,-19.4604945428483,-19.2995675379549,-19.7497456260338,-19.9775484173271,-20.0716741795575,-20.1825520954519,-20.4796871386559,-20.9457578737882,-21.701979405236,-21.8863506618091,-22.0518048466935,-22.0827619174304,-21.4339439931388,-20.836008964619,-20.0542320028675,-19.3802047361434,-18.7372256685561,-18.2924932930808,-17.8216658815941,-17.7071736221195,-17.6144667994709,-17.6667298723954,-17.7321239611422,-17.7433185098549,-17.7566195241857,-17.7228981264363,-17.6736863506525,-17.5601723172259,-17.1698834126261,-16.8966762812698,-16.6341039647486,-16.5371057852111,-16.4571706925589,-16.4646850479564,-16.586021273522,-16.5526880093266,-16.4274896514456,-16.2084938329821,-15.9580441871626,-15.5901391792954,-15.1816533347362,-14.712719334342,-14.1829821940198,-13.6068724451019,-13.1509614962336,-12.6631292099671,-12.4617671678303,-12.4052735902484,-12.9984519889044,-13.1294640285004,-13.8266204513787,-13.9595762306468,-14.1253521274811,-14.0726729125814,-13.8684871971158,-13.7650307146654,-13.8210786174703,-14.2137243382626,-14.6685255745181,-15.1288869029581,-15.3433049232484,-15.7501094928517,-16.0957283156786,-16.3277084033595,-16.4602073895732,-16.529128800789,-16.593491208575,-16.6135678044085,-16.6245651246025,-16.7162141354129,-16.7227797989009,-16.7743767978098,-16.7860633758669,-16.9142728764095,-16.8555811068647,-16.9730288221703,-16.8657208711353,-16.9391317233315,-16.9573628386466,-17.1201333810516,-17.3083158738595,NaN,NaN,NaN,NaN,NaN,NaN,NaN,NaN,NaN,NaN,NaN,NaN,NaN,NaN,NaN,NaN,NaN,NaN,NaN,NaN,NaN,NaN,NaN,NaN,NaN,NaN,NaN,NaN,NaN,-19.5207118742296,-19.4991454275288,NaN,NaN,NaN,NaN,NaN,-19.7025805688058,-19.7289691692604,-19.3429456630787,-19.070936005176,-18.8027331514729,-18.3479203679939,-18.0261323907783,-18.0179655496727,-18.1017906359568,-18.1542920809634,-18.2265173478514,-18.1238636307436,-18.1388464238526,-18.2400755185616,NaN,-18.9685795368267,-19.0239929208209,-18.7191946396814,NaN,NaN,-18.8124953768989,NaN,-19.0297361527125,NaN,NaN,NaN,-12.6217778803466,NaN,NaN,NaN,NaN,NaN,NaN,NaN,NaN,NaN,NaN
-19.0306272449765,-19.2149455700129,-18.6479969215958,-18.6517075941003,-18.7223236872635,-18.7385616523044,-18.5945096225169,-18.7885186487836,-18.7947461893588,-19.1198681232677,-19.2535773630376,-19.3849450660267,-19.4370334423563,-19.5385682092369,-19.292994498281,-18.9612038259485,-19.0154344490592,-18.8163075962628,-19.1198383173161,-19.3192734459413,-19.4271359025916,-19.4008884982559,-19.7276995446828,-19.9803676262451,-20.1631702004742,-20.2359522007379,-20.5202950546333,-21.0991959052003,-21.7653130652935,-21.906358755221,-22.1089067018127,-21.9917908658809,-21.2289720684831,-20.4101244468006,-19.5318972463761,-18.8240253156894,-18.3409216132358,-17.9639842268648,-17.6604744351623,-17.4913136325558,-17.4555776091079,-17.5393864465118,-17.6927571859838,-17.7027158592358,-17.7482752762514,-17.7160364761696,-17.5743195507689,-17.3188994393585,-16.8850430822915,-16.717066698423,-16.3896072825834,-16.384545225444,-16.3038747509472,-16.1749125173573,-16.1945763784409,-16.1119522407581,-15.8925084477168,-15.6479509487881,-15.2751432587304,-15.0078807073971,-14.597313069055,-14.1698858822035,-13.7471440131667,-13.1919354715668,-12.801428290315,-12.3837242279211,-12.2878961031737,-12.3064381173388,-12.6358355029841,-12.9649935183021,-13.6208316051902,-13.6661883124907,-13.8561859810541,-13.8554892383364,-13.8555168798305,-13.9991944665248,-14.2605772933105,-14.6946397523261,-15.1646257340034,-15.4863046866883,-15.6537829731219,-15.9941252490031,-16.2078394474955,-16.3800902504396,-16.4458422212419,-16.4728734522786,-16.5305431085987,-16.5696686412957,-16.6583349008318,-16.7665872621963,-16.6721115376226,-16.7364381116557,-16.665554190508,-16.8394366903922,-16.8965568588476,-17.1657543590056,-17.0675666679146,-16.9673940439322,-17.0010397243246,NaN,NaN,NaN,NaN,NaN,NaN,NaN,NaN,NaN,NaN,NaN,NaN,NaN,NaN,NaN,NaN,NaN,NaN,NaN,NaN,NaN,NaN,NaN,NaN,NaN,NaN,NaN,NaN,NaN,NaN,NaN,NaN,-18.8027581550072,NaN,NaN,NaN,NaN,NaN,-19.8728034452748,-19.6559637308579,-19.3674106974331,-19.14727118007,-18.8287622654735,-18.5954727891615,-18.2382299247114,-18.1445230777441,-18.0466336906566,-18.0871678531518,-18.176567002816,-18.0009890371675,-18.1927516509536,NaN,NaN,-19.1868616298281,-19.2256143093,-18.7849150090542,NaN,NaN,-18.644233060342,NaN,-19.2500883696138,NaN,NaN,NaN,-12.0101966828404,-11.5610794858634,NaN,NaN,NaN,NaN,NaN,NaN,NaN,NaN,NaN
-19.108508733977,-19.250882024805,-18.6665771521166,-18.5897445073019,-18.6889134683314,-18.8003502927122,-18.6322620924269,-18.7925552261021,-18.8322257436482,-19.1448863228228,-19.29932579531,-19.5183052924749,-19.606535334924,-19.6804163237163,-19.4634773581603,-19.0529972103815,-19.0788579724359,-18.8044735670945,-19.0301552213543,-19.1723762303411,-19.2606362063464,-19.4476629797546,-19.7989025192754,-19.9885581183153,-20.2417937977244,-20.3980268359331,-20.6688387936257,-21.2093549360172,-21.8647625330343,-21.9703039732427,-22.0544553514924,-21.7909364024694,-20.779323550177,-19.7416946640999,-19.0762018020171,-18.407033654761,-18.0373164889167,-17.5627888472624,-17.1582187626694,-17.0428300158147,-17.2523813563275,-17.4956421347403,-17.6825715469136,-17.7409374796839,-17.804975867007,-17.6374134327814,-17.4723265170955,-17.1057715146038,-16.6118514368973,-16.4244197098731,-16.2593022134881,-16.1559495645382,-16.0558784807676,-15.9156774695017,-15.8587095077519,-15.7212895727189,-15.4728675831145,-15.1718828338352,-14.815765944367,-14.4496656269175,-14.0426303668763,-13.596240891533,-13.2696459660385,-12.8413750154961,-12.512327275385,-12.2926850891674,-12.504285028532,-12.5994305974465,-12.921595991388,-13.1050814035013,-13.420586629658,-13.5331085912575,-13.9485747964637,-14.0332462695825,-14.3173769093945,-14.6061805754679,-14.9849140084043,-15.3161688637055,-15.5493220634069,-15.6956913680991,-15.8454281292458,-16.0827546654853,-16.2320378512666,-16.376748712104,-16.3858501648567,-16.4417135842632,-16.5257522447874,-16.6665997850254,-16.7591787277817,-16.6761324622884,-16.5048934278645,-16.6704241893328,-16.6368890724962,-16.8432857483559,-16.6956841050447,NaN,NaN,NaN,NaN,NaN,NaN,NaN,NaN,NaN,NaN,NaN,NaN,NaN,NaN,NaN,NaN,NaN,NaN,NaN,NaN,NaN,NaN,NaN,NaN,NaN,NaN,NaN,NaN,NaN,NaN,NaN,NaN,NaN,NaN,NaN,NaN,NaN,NaN,NaN,NaN,NaN,NaN,NaN,-19.6659744271313,-19.447662118834,-19.171659071321,-19.0947028771342,-18.6644935751481,-18.1952415188894,-17.8922961108582,-18.0640182143354,NaN,-18.2410140534663,-17.9111056092689,NaN,NaN,-20.0878866996389,-19.1966111205325,-19.1821890465899,-18.8815009917235,-17.9905471242321,NaN,NaN,NaN,-19.586232337081,NaN,NaN,NaN,NaN,-11.2845042476909,NaN,NaN,NaN,NaN,NaN,NaN,NaN,NaN,NaN
-19.1667937551295,-19.3074626010656,-18.6995846740058,-18.6096046768437,-18.7061673866412,-18.8464065612861,-18.6694474390328,-18.8441107153326,-18.8722595636128,-19.1921910467279,-19.3878163995894,-19.6125785743857,-19.7551439270749,-19.833394888772,-19.5893329455831,-19.1566118131394,-19.2018690294389,-18.9984493866961,-19.0317516751595,-19.1447085428487,-19.1228314407046,-19.3549483682913,-19.730197862526,-19.976830939944,-20.3498980264654,-20.4821926446427,-20.7004356940187,-21.2827223937026,-21.8460793517773,-21.9238266662944,-21.8672630608784,-21.3364102810118,-20.1759035001627,-19.1595391654125,-18.6505685407811,-18.1445049574619,-17.6982864113511,-17.0562955514317,-16.7360906561219,-16.7020581235417,-17.0161240577567,-17.3216999239285,-17.5644852780167,-17.6117905564781,-17.6744479652194,-17.4631376757115,-17.3017756210889,-16.8638241649554,-16.3907300908795,-16.283469525154,-16.2523264922318,-16.1272075572089,-15.9675081069115,-15.8126279155746,-15.6749622216467,-15.4680218144975,-15.1734970252542,-14.8039065227546,-14.3312748548485,-13.9084699038661,-13.493653836979,-13.130079637048,-12.9341963500266,-12.6478480996918,-12.4102496335188,-12.3859465535485,-12.5993602622409,-12.8492515267935,-13.0354897378998,-13.2247661027574,-13.4992862212248,-13.9056227752627,-14.2510222135323,-14.4359103396367,-14.8780904218302,-15.2141008767518,-15.4908994755423,-15.6540543244391,-15.7616449680225,-15.8571714610083,-16.0165300712681,-16.0916055715079,-16.2286311372627,-16.3526893302064,-16.47894789764,-16.4200258197966,-16.6296674118233,-16.630136302457,-16.6225739077121,-16.5559147482679,-16.4510113253162,-16.8123985106646,-16.6106688047118,NaN,NaN,NaN,NaN,NaN,NaN,NaN,NaN,NaN,NaN,NaN,NaN,NaN,NaN,NaN,NaN,NaN,NaN,NaN,NaN,NaN,NaN,NaN,NaN,NaN,NaN,NaN,NaN,NaN,NaN,NaN,NaN,NaN,NaN,NaN,NaN,NaN,NaN,NaN,NaN,NaN,NaN,NaN,NaN,-19.9277944918508,-19.5925588296989,-19.4837187742673,-19.2141835629629,-19.0249764857726,-18.5456840789496,-17.9706095624406,-17.8104461543051,NaN,-18.748862791687,-18.2600830862147,NaN,NaN,-20.2291339485538,-20.0105126986844,-19.0460973465513,-19.3933512021567,-18.8424223863865,-18.1693368160371,NaN,NaN,NaN,-19.7183497343812,NaN,NaN,NaN,NaN,-10.6971862681158,-10.7193897563471,NaN,NaN,NaN,NaN,NaN,NaN,NaN,NaN
-19.2279854501348,-19.2986617882888,-18.8329967824894,-18.6461108930029,-18.7006729705277,-18.8366449869079,-18.7532619096735,-18.8788461372067,-18.9471273686906,-19.2752636504283,-19.5104462976126,-19.7291148386743,-19.89986676303,-19.9311689921529,-19.6724277072838,-19.2806171582799,-19.3221157250841,-19.2338566267194,-19.1378901030722,-19.2117933582479,-19.0434856056179,-19.2757094136476,-19.7625984071666,-19.9794610217045,-20.5001717838177,-20.639134607633,-20.9456763092884,-21.3978050713743,-21.8747973802155,-21.8667204121921,-21.5440225413349,-20.7500621154602,-19.5585415850138,-18.7365128492449,-18.2981816512169,-17.6884705227001,-17.2126745729951,-16.6577447820713,-16.4812364426534,-16.6361128649113,-16.9638582575145,-17.236621372732,-17.3943248362438,-17.4836903110491,-17.5073467334005,-17.2447957278502,-17.0391041585642,-16.5884119797527,-16.1783522256796,-16.1635477622202,-16.1904211952899,-16.1132437414335,-15.7957574896129,-15.4870329267249,-15.3850327059882,-15.1399830034236,-14.7998483131813,-14.2770684904397,-13.7985649735167,-13.3324976041345,-13.0537264360006,-12.7815240443754,-12.7080503007668,-12.5982944637993,-12.5838225582483,-12.6839260077146,-12.8772034795559,-13.1210491298158,-13.4093434570365,-13.6740784390852,-14.0369860150753,-14.3385572247057,-14.716616874773,-15.0209074563573,-15.4060840910569,-15.5550025111562,-15.7205686874987,-15.789617300358,-15.8285925436001,-15.9649099714342,-16.0043474512661,-16.1162662901634,-16.2019788862124,-16.3380270143847,-16.4335974536941,-16.3538071965684,-16.5765005342677,-16.5633701160659,-16.5591387303621,-16.4596297170608,-16.5141234681665,NaN,NaN,NaN,NaN,NaN,NaN,NaN,NaN,NaN,NaN,NaN,NaN,NaN,NaN,NaN,NaN,NaN,NaN,NaN,NaN,NaN,NaN,NaN,NaN,NaN,NaN,NaN,NaN,NaN,NaN,NaN,NaN,NaN,NaN,NaN,NaN,NaN,NaN,NaN,NaN,NaN,NaN,NaN,NaN,NaN,NaN,-19.9452891191603,-19.5894213717688,-19.5140507452021,-19.239372485348,-18.9716088995962,-18.2487855228923,-17.8999524685936,NaN,NaN,-18.4504602030157,-18.1802859928782,NaN,NaN,-19.928352595512,-19.4794491133382,-19.1524628197623,-19.3378115003119,-19.018201724371,NaN,NaN,-19.1950284382542,NaN,-20.0278088963275,NaN,NaN,NaN,NaN,NaN,-10.6227271047804,NaN,NaN,NaN,NaN,NaN,NaN,NaN,NaN
-19.2895884312454,-19.3323396359369,-18.9595365239618,-18.6639509683534,-18.7140801775522,-18.8210617019569,-18.7130620750121,-18.8636520964197,-18.9017414898481,-19.2947897521836,-19.5941197770865,-19.8817663323621,-19.9916735685358,-20.077464660567,-19.8450746408807,-19.4669688883128,-19.5144697046784,-19.4625868306998,-19.2616903713697,-19.2227081897016,-19.0655211367889,-19.3392742670058,-19.7682904164157,-19.9993966288581,-20.5547510286324,-20.673948529603,-20.9910631546176,-21.4463512624196,-21.7070520438472,-21.6600967169011,-21.1221343412312,-20.1771272120234,-19.0807614643366,-18.2864319531711,-17.8702147831421,-17.2311875908035,-16.8659416465813,-16.4129648134137,-16.3437884841336,-16.4785828317668,-16.7907283781581,-17.1048041615726,-17.219562108131,-17.1333434353401,-17.2904424762786,-17.0550802406545,-16.7582909757258,-16.3506159683289,-16.1406331635977,-16.1383966045085,-16.0819366982385,-15.8244763190862,-15.5463392489564,-15.2207497654229,-15.004683390232,-14.675238683397,-14.3497931652296,-13.8720496569239,-13.3943972474123,-12.9092991702802,-12.6518476927831,-12.5132473228229,-12.5305055848448,-12.6381414684713,-12.8049147469279,-13.0430046689236,-13.2724196947968,-13.5554759013297,-13.8496479308052,-14.2118781117234,-14.5690714858486,-14.8880012733485,-15.2196192238245,-15.4171255892527,-15.6358728406424,-15.6894785749297,-15.7558625177772,-15.7408575877016,-15.7837475141839,-15.8746053949724,-16.0076343498883,-16.0381342934439,-15.9850445212352,-16.196153667263,-16.3623312145998,-16.3750111258602,-16.7434224255019,-16.8091948275469,-16.8508574008786,-16.9624640774305,NaN,NaN,NaN,NaN,NaN,NaN,NaN,NaN,NaN,NaN,NaN,NaN,NaN,NaN,NaN,NaN,NaN,NaN,NaN,NaN,NaN,NaN,NaN,NaN,NaN,NaN,NaN,NaN,NaN,NaN,NaN,NaN,NaN,NaN,NaN,NaN,NaN,NaN,NaN,NaN,NaN,NaN,NaN,NaN,NaN,-19.8088915483347,-20.0496569153006,-19.9054058625695,-19.5850887072222,-19.5846708496528,-19.2514332783659,-18.8201536414436,-18.2240123431535,NaN,NaN,NaN,-18.4540390449707,-18.1963339524465,NaN,NaN,-19.8490076783702,NaN,-19.3036484854989,-19.493740947367,-18.8861406013288,NaN,NaN,-19.5201517296595,-20.0144234379032,-19.8048666129013,NaN,NaN,NaN,NaN,NaN,NaN,NaN,NaN,NaN,NaN,NaN,NaN,NaN,NaN
-19.2654535440291,-19.3386855526539,-19.0285059555763,-18.6939737349211,-18.7543762166257,-18.7695004821061,-18.7444482338994,-18.8691573105198,-18.9317486586238,-19.3464227814194,-19.6746615446463,-19.9593967900655,-20.0839372637037,-20.1578845188967,-20.005881908442,-19.6601476812644,-19.6513286738723,-19.6171829606819,-19.3303440409292,-19.1690868044828,-19.0213248897319,-19.4483423918877,-19.8752395936193,-20.0988903840805,-20.6351923305571,-20.8236182701429,-21.119238772099,-21.4070172877047,-21.529487419031,-21.3325847278392,-20.6348753174748,-19.5497644526176,-18.5779541436509,-17.7885511421599,-17.4629843983143,-16.8742237592991,-16.538222555726,-16.2002542163778,-16.230310538098,-16.4286312087574,-16.5995181170901,-16.9874676393359,-16.9826972787803,-16.9140247005642,-16.8988131033078,-16.731517175288,-16.4518155140307,-16.2207695536417,-16.04366477196,-15.9444388052166,-15.6631705827189,-15.4985336138475,-15.1664619768107,-14.8076276189848,-14.4876048056761,-14.2932363206438,-13.9270748649351,-13.5344284237337,-13.142676837997,-12.727139279096,-12.5718313972686,-12.5288498492739,-12.6923502315533,-12.9081145618857,-13.1804418757031,-13.4290494154225,-13.7097403457348,-13.9293469641191,-14.2181281701887,-14.5050937001614,-14.8012847087234,-15.0792711085666,-15.310678212128,-15.4786284130341,-15.7076043992485,-15.713412726512,-15.7499576861035,-15.619340037491,-15.760983535972,-15.8938170722011,-16.0280071906386,-15.9794374204873,-16.0554553790199,-16.411419663199,-16.6332518799989,-16.6489793824927,NaN,NaN,NaN,NaN,NaN,NaN,NaN,NaN,NaN,NaN,NaN,NaN,NaN,NaN,NaN,NaN,NaN,NaN,NaN,NaN,NaN,NaN,NaN,NaN,NaN,NaN,NaN,NaN,NaN,NaN,NaN,NaN,NaN,NaN,NaN,NaN,NaN,NaN,NaN,NaN,NaN,NaN,NaN,NaN,NaN,NaN,NaN,NaN,-19.6988202314594,-19.9725682464262,-20.0320651386725,-19.5895583990858,-19.5246553881165,-19.4992777818931,-19.2388467829987,-18.9758791570201,NaN,NaN,NaN,NaN,-18.4244544592839,-18.1263255733562,NaN,NaN,-19.7725677756133,-19.9460421744413,-19.2995382682387,-19.5272994264129,-19.1922047940554,-19.3703042260564,NaN,-19.8870065187235,-19.7946038402707,-19.9019307672559,NaN,NaN,NaN,NaN,NaN,NaN,NaN,NaN,NaN,NaN,NaN,NaN,NaN,NaN
-19.2400197957319,-19.3440551683215,-19.0361607641707,-18.6128097608876,-18.8000403196348,-18.7380884019285,-18.6888084667835,-18.9330827074365,-18.8764659951207,-19.3471959510512,-19.6870657517622,-20.0398975958914,-20.165514205159,-20.2212397326767,-20.0808768700583,-19.8223785371736,-19.7439846438124,-19.7640008933574,-19.3987491936895,-19.1690488723948,-19.1079930596974,-19.5421967269252,-19.8331713595127,-20.1352306993287,-20.6330914570751,-20.8837798344753,-21.130192751122,-21.2940066878614,-21.2728957501488,-20.9681269723129,-20.1766708729186,-19.0607743472246,-18.1515793376135,-17.3656694979059,-17.1028944371723,-16.7504782745677,-16.3314477260719,-16.0397368106182,-16.1171366902337,-16.2395467790514,-16.4644924320887,-16.7133466238656,-16.6856056915678,-16.6448302874044,-16.6228870813586,-16.4398533727721,-16.1885528273675,-15.8917370224506,-15.7700087762245,-15.5448972740352,-15.3272704054738,-15.1779576895243,-14.7983601945406,-14.3880450714111,-14.0540579225113,-13.9087160706842,-13.5709165976888,-13.2805019310206,-12.9266214387542,-12.6454181696419,-12.6418708885355,-12.7661022005395,-13.0156989621619,-13.3223342398194,-13.5074419879304,-13.662074974363,-13.8779732012945,-14.0437039504254,-14.217517397914,-14.4281469719564,-14.7193164469678,-14.8486495645317,-15.0987690616631,-15.2656623645452,-15.504572592387,-15.5584233906312,-15.696397435599,-15.5334338194263,-15.8935746164738,-15.8785880034612,-16.0331908018016,-15.9655302497123,-16.0196534627533,NaN,NaN,NaN,NaN,NaN,NaN,NaN,NaN,NaN,NaN,NaN,NaN,NaN,NaN,NaN,NaN,NaN,NaN,NaN,NaN,NaN,NaN,NaN,NaN,NaN,NaN,NaN,NaN,NaN,NaN,NaN,NaN,NaN,NaN,NaN,NaN,NaN,NaN,NaN,NaN,NaN,NaN,NaN,NaN,-19.2821445138015,NaN,NaN,NaN,NaN,NaN,NaN,-20.1328292475495,-20.0957711385286,-19.8449064908457,-19.4611959158544,-19.664997788028,-19.6105907125734,-19.4033681950323,-19.0920309759244,NaN,NaN,NaN,NaN,NaN,-18.0960726545983,-18.0781218120705,NaN,-19.8158610701979,-19.6658684611041,-19.4240926462495,-19.5985150184147,-19.0142958118591,-19.2020161193309,-19.3363826774802,-19.473682732789,-19.9560983015659,-19.13931879552,NaN,-19.2216214825401,-19.1931745736782,NaN,NaN,NaN,NaN,NaN,NaN,NaN,NaN,NaN,NaN,NaN
-19.3469391265302,-19.3770038802126,-18.9917161258031,-18.6733832157116,-18.857957275499,-18.7251396483002,-18.6450588564621,-18.8901012573926,-18.9316251645806,-19.4857064017868,-19.8079958437453,-20.059719298449,-20.2418844570182,-20.2565783829543,-20.2038163796663,-19.9130907537967,-19.7719567797135,-19.7887489417842,-19.3683266792992,-19.1863732632029,-19.182919214789,-19.5211366948636,-19.8181304885657,-20.1524434277982,-20.6378858527424,-20.9289366966991,-21.1905903191927,-21.1374088920259,-21.0283146466115,-20.5593070821591,-19.6942552333194,-18.5911228369946,-17.7933513674996,-17.0806117649931,-16.9554065752331,-16.4555486785265,-16.1482430633199,-15.9869660066656,-15.9165786286796,-16.0521689678581,-16.2908931734282,-16.4977929058634,-16.517159821924,-16.507180454102,-16.3192334386317,-16.1611346103332,-15.8221182924906,-15.4893845746869,-15.3931062080839,-15.2996940122028,-15.037970040393,-14.8393892899379,-14.3830056343517,-13.9539105559883,-13.7288490480017,-13.3704840448847,-13.1011216133688,-12.8298767049868,-12.5282894468022,-12.4679540809177,-12.6632275905577,-12.8681777017824,-13.3206649824393,-13.5774922090594,-13.7008499512178,-13.7405019140954,-13.9690733937019,-14.0868742886371,-14.3022258339823,-14.4537385821655,-14.6873582404476,-14.8047494068226,-15.132369914693,-15.1728129624587,-15.3355574586681,-15.5265697721348,-15.7635277101741,-15.5984404494802,-16.0102009990734,-15.8607339131268,-16.1624348318691,-15.5041679644585,-15.9354826133148,NaN,NaN,NaN,NaN,NaN,NaN,NaN,NaN,NaN,NaN,NaN,NaN,NaN,NaN,NaN,NaN,NaN,NaN,NaN,NaN,NaN,NaN,NaN,NaN,NaN,NaN,NaN,NaN,NaN,NaN,NaN,NaN,NaN,NaN,NaN,NaN,NaN,NaN,NaN,NaN,NaN,NaN,NaN,-19.5031236283854,-19.3763047165611,NaN,NaN,NaN,NaN,NaN,NaN,-20.0826285987547,-20.0880669548738,-19.8395429939401,-19.5543208579307,-19.761458014233,-19.5615804232893,-19.2160141347479,-19.0377621067953,NaN,NaN,NaN,NaN,-18.1684332417364,-18.1090667248742,-18.1890061600487,NaN,-19.6827574368177,-19.2472469316175,-19.5282019249476,-19.5106090518716,NaN,-19.27725580238,NaN,NaN,-20.547323371081,-19.5240233040929,-18.9210605538204,-18.4230559810641,NaN,NaN,NaN,NaN,NaN,NaN,NaN,NaN,NaN,NaN,NaN,NaN
-19.4105416603547,-19.3996994991135,-18.9286609452548,-18.6571887608739,-18.8287907445749,-18.642773340151,-18.5689663350594,-18.8438406909866,-18.8962769023711,-19.5168685255214,-19.8754555710133,-20.1987787454198,-20.2856107843205,-20.3179126809326,-20.2321056385758,-20.0194903425362,-19.7568582270837,-19.8060065701231,-19.4053835236576,-19.2848391585123,-19.2847415448738,-19.5065207759711,-19.785054809702,-20.1691830622779,-20.6340466722192,-20.8583935177253,-21.0790353239504,-20.8984186728911,-20.7009941132669,-20.1617320884943,-19.3248246787219,-18.2026004344659,-17.4232789891189,-16.8900363285068,-16.5876438692457,-16.253659681674,-16.0106568298257,-15.8348628172326,-15.76706939596,-15.8022688537142,-16.1989899571829,-16.3378475249926,-16.4266148874013,-16.2506269397765,-16.0904403292222,-15.8765146632868,-15.4072118063703,-15.1689691162517,-15.0592330752246,-14.8878091542082,-14.6670402457353,-14.3273973774812,-13.8805375590437,-13.573898414311,-13.362311153216,-13.003380091303,-12.8024009907226,-12.4789072262076,-12.3364233805248,-12.4908311913185,-12.812407700173,-13.0823014822543,-13.4242546906215,-13.5089502189637,-13.5856327784308,-13.7189797010458,-13.9656347479627,-14.1479611760572,-14.4394387250454,-14.522039801018,-14.7281181346929,-14.8051122687105,-15.0623267631801,-15.037270462702,-15.331727484832,-15.4535300693585,-15.5669565967872,-15.2387823065637,NaN,NaN,NaN,-14.6675647253234,-14.41385605878,-13.4579791296097,-13.7759779035106,NaN,NaN,NaN,NaN,NaN,NaN,NaN,NaN,NaN,NaN,NaN,NaN,NaN,NaN,NaN,NaN,NaN,NaN,NaN,NaN,NaN,NaN,NaN,NaN,NaN,NaN,NaN,NaN,NaN,NaN,NaN,NaN,NaN,NaN,NaN,NaN,NaN,NaN,NaN,NaN,NaN,NaN,-19.5268189623042,-19.3362783913117,NaN,NaN,NaN,NaN,NaN,-20.0835919084274,-20.061973368691,-19.918218761262,-19.644193901285,-19.8311545376666,-19.6086517108566,-19.3124429252227,NaN,NaN,NaN,NaN,NaN,-18.1561298724109,NaN,-17.5428053144018,NaN,-19.8689086460355,NaN,NaN,-19.6300276065438,NaN,-19.3020272482394,NaN,-19.729809314454,-20.4016117601746,-19.7926462142597,-19.4876972853418,-19.1957516933293,NaN,NaN,NaN,NaN,NaN,NaN,NaN,NaN,NaN,NaN,NaN,NaN
-19.3960820841164,-19.3749068369391,-18.9486572991323,-18.7028678544416,-18.8138688872288,-18.593409632422,-18.5748095388635,-18.8581090003913,-18.941003864212,-19.5030327003286,-19.8482874501673,-20.2009866221301,-20.2994508442083,-20.4125226088637,-20.3759148532059,-20.0665408045429,-19.7381053028737,-19.7340147948013,-19.4029968392454,-19.2743147671743,-19.2668518080044,-19.5020988011319,-19.7806610984664,-20.0667436826039,-20.6502714836504,-20.7890458214829,-20.9630979256962,-20.565494831861,-20.3472069892122,-19.798124713477,-19.0322007784809,-17.8721118128292,-17.2182230258678,-16.7717985141832,-16.4514914747968,-16.0014831635314,-15.7573535029375,-15.6143727184527,-15.56547386625,-15.7386538411463,-16.0559249564438,-16.2164057338454,-16.2279761606952,-16.0170386708737,-15.7955502748667,-15.466487748076,-15.1505419091017,-15.0083303794789,-14.7771022848041,-14.4877789575506,-14.0969170603135,-13.8735749791616,-13.4009953453304,-13.1381613564021,-12.9637734365315,-12.4281535712876,-12.2379504172707,-12.2456670517676,-12.2891654483106,-12.5555646520728,-12.8596781846634,-13.0922953286527,-13.3715194764317,-13.3664353586955,-13.4525316086879,-13.7410098015804,-14.102484982025,-14.3025816537589,-14.5665784168283,-14.6882526496217,-14.8232756734852,-15.1155905987721,-15.063398853895,-14.9485368487013,NaN,NaN,NaN,NaN,NaN,NaN,NaN,NaN,NaN,-13.9838308807718,-13.4367701817148,NaN,NaN,NaN,NaN,NaN,NaN,NaN,NaN,NaN,NaN,NaN,NaN,NaN,NaN,NaN,NaN,NaN,NaN,NaN,NaN,NaN,NaN,NaN,NaN,NaN,NaN,NaN,NaN,NaN,NaN,NaN,NaN,NaN,NaN,NaN,NaN,NaN,NaN,NaN,NaN,NaN,NaN,NaN,-19.4175435789057,NaN,NaN,NaN,NaN,NaN,-20.172460724449,-20.0459268849401,-19.9874711105685,-19.5827655819078,-19.7348377808976,-19.5290188479832,-19.3748359337457,NaN,NaN,NaN,NaN,-18.2527149537627,-18.1920222734984,NaN,NaN,-19.1972238360734,-19.7090098820958,NaN,NaN,-19.6529331177425,NaN,-19.1951219829851,NaN,-19.5466435943739,-20.3011632893424,NaN,-19.6409521353469,NaN,NaN,NaN,NaN,NaN,NaN,NaN,NaN,NaN,NaN,NaN,NaN,NaN
-19.3695019222671,-19.4744079421817,-18.9985805632559,-18.6832573794512,-18.7686951808319,-18.6146607278028,-18.6212611106055,-18.9022075349092,-18.9644839052958,-19.4665897538951,-19.8809634970661,-20.2324963048753,-20.3106317677838,-20.4158883144058,-20.3729178323605,-20.036046907276,-19.7693243190433,-19.675685853552,-19.4179941420791,-19.3813846547097,-19.2648395618922,-19.5178057845516,-19.7505359944139,-20.0179548165116,-20.5719358827444,-20.6786324079354,-20.6674063523126,-20.2287488822123,-20.073258781946,-19.6097020819531,-18.9778336133631,-17.6959941095037,-17.1119141090705,-16.6944619702289,-16.3228296603285,-15.9016336216201,-15.6425867878394,-15.5099572712879,-15.4725581207223,-15.5920281238695,-15.9209144213929,-16.1062961037254,-15.9094317287419,-15.6227598810561,-15.4674272719681,-15.1619086886316,-14.8193398443306,-14.5357573774055,-14.2739807488325,-13.9615474336409,-13.6245723159877,-13.3048792262781,-12.9198529319186,-12.6684649477617,-12.3772760082866,-12.0513918516705,-12.170128464846,-12.1860005497573,-12.4570980742429,-12.7930714303477,-13.0247408795537,-13.2342120939167,-13.4372245192228,-13.430659704301,-13.6730515847979,-14.0010349867179,-14.2657890023719,-14.3176572909056,-14.7261267353201,-14.7879689974043,-15.0259061478321,NaN,NaN,NaN,NaN,NaN,NaN,NaN,NaN,NaN,NaN,NaN,NaN,NaN,NaN,NaN,NaN,NaN,NaN,NaN,NaN,NaN,NaN,NaN,NaN,NaN,NaN,NaN,NaN,NaN,NaN,NaN,NaN,NaN,NaN,NaN,NaN,NaN,NaN,NaN,NaN,NaN,NaN,NaN,NaN,NaN,NaN,NaN,NaN,NaN,NaN,NaN,NaN,NaN,NaN,NaN,NaN,NaN,-19.5883340707688,-19.5868229093885,-19.3508711460676,NaN,NaN,NaN,-20.025752991526,-19.8794527664451,-19.9207932508215,-19.9644974999536,-19.7878828024972,-19.4551656707437,-19.2896890179364,NaN,NaN,NaN,-18.7655806414166,-18.284632940338,NaN,NaN,NaN,-19.5439606625665,-19.7098929540839,NaN,-19.8594469137481,-19.6496866831441,NaN,-19.2325334723884,-19.2648447495872,-19.3155006926229,-19.5438136503123,-19.2818923595239,-19.3031241374927,-19.0032483565383,NaN,NaN,NaN,NaN,NaN,NaN,NaN,NaN,NaN,NaN,NaN,NaN
-19.440660265203,-19.5106352708592,-19.0354506238395,-18.724677379516,-18.7373718867806,-18.6670728135215,-18.6837470089625,-19.02118304425,-18.9840073440809,-19.5607526886869,-19.9590516973059,-20.303198464204,-20.3588268339729,-20.4333470922466,-20.3104779986165,-20.0355723506341,-19.7030187045266,-19.6272973300221,-19.4147990858519,-19.4189334669828,-19.251366278085,-19.5682738564125,-19.6712392401861,-19.8530278308251,-20.4105217869925,-20.580659473113,-20.3248310439865,-19.9099076892389,-19.8337610147478,-19.3710255157012,-18.7621383814829,-17.4801062261602,-16.9497361624927,-16.6556108920069,-16.1673644672221,-15.7800112331213,-15.6250076108558,-15.3924972516356,-15.3457328837461,-15.5354105280357,-15.8756672813744,-15.8833470424621,-15.5912096842435,-15.2681640135798,-15.0314792626646,-14.6028999639725,-14.3235127658059,-14.0592830275458,-13.7793626479185,-13.4069749758946,-13.0729933783985,-12.8229000275984,-12.429072431037,-12.1684107868288,-12.0899399935828,-12.0264578172626,-12.1967091534785,-12.2439791969996,-12.5990993977904,-12.9743526854895,-13.1699817429027,-13.3257789985374,-13.5744265848651,-13.6738730373485,-13.9247420471915,-14.2748818113001,-14.636689848168,-14.9112117079521,-15.5794323571458,NaN,NaN,NaN,NaN,NaN,NaN,NaN,NaN,NaN,NaN,NaN,NaN,NaN,NaN,NaN,NaN,NaN,NaN,NaN,NaN,NaN,NaN,NaN,NaN,NaN,NaN,NaN,NaN,NaN,NaN,NaN,NaN,NaN,NaN,NaN,NaN,NaN,NaN,NaN,NaN,NaN,NaN,NaN,NaN,NaN,NaN,NaN,NaN,NaN,NaN,NaN,NaN,NaN,NaN,NaN,NaN,NaN,NaN,NaN,-19.7004664896795,-19.8056553627582,NaN,NaN,NaN,-20.1372439242018,-20.1512594046986,-20.2859405828777,-20.4564233509528,NaN,-19.7186165027512,-19.3919856459647,NaN,NaN,NaN,NaN,-18.7390960341598,-18.3418378929177,-17.9343054862034,-18.0242001194941,NaN,NaN,-19.5664096213808,-19.718535760085,-19.5936027286265,-19.4552942334964,NaN,-19.0478071650941,-18.9533343428629,-19.4057128790838,-19.3516830859032,-19.1104735425399,-19.3832835969737,-19.4060000345179,NaN,NaN,NaN,NaN,NaN,NaN,NaN,NaN,NaN,NaN,NaN,NaN
-19.5603617181081,-19.5285699789504,-19.0547857354008,-18.8110855390941,-18.7408740699765,-18.652702131752,-18.6203920122425,-19.0285184661284,-18.9721771664783,-19.5582953296847,-20.0461672757136,-20.3855228314717,-20.3613653262445,-20.3827472799516,-20.2269789536765,-20.0466766421599,-19.7456400208798,-19.6248699410196,-19.4707849727047,-19.4965836180084,-19.3414973821349,-19.7240291341006,-19.6644669139866,-19.7723547309349,-20.1484648144823,-20.3159730064777,-19.939872108083,-19.6794958314048,-19.6931789936867,-19.1568754689056,-18.4413100558259,-17.2703437077943,-16.8032560908331,-16.6840150933025,-16.2455349230004,-15.8138021912437,-15.6227388546459,-15.3993798281615,-15.3047301420229,-15.5885589225291,-15.7816469755094,-15.6989446708128,-15.255117620709,-14.7465837894268,-14.4019000023247,-13.9672400762994,-13.8158108005427,-13.6208711842206,-13.3506779486038,-12.9008380995533,-12.6799309285225,-12.4507892487038,-12.1333638566501,-11.9871212259714,-11.9592927353719,-12.107515389183,-12.2173302314628,-12.5566594241644,-12.9539942249694,-13.278594642031,-13.4003218178462,-13.6113382303241,-13.9081796388103,-14.0785165871902,-14.4910206309373,-14.9576314621366,-15.419936382356,-15.9990798932474,NaN,NaN,NaN,NaN,NaN,NaN,NaN,NaN,NaN,NaN,NaN,NaN,NaN,NaN,NaN,NaN,NaN,NaN,NaN,NaN,NaN,NaN,NaN,NaN,NaN,NaN,NaN,NaN,NaN,NaN,NaN,NaN,NaN,NaN,NaN,NaN,NaN,NaN,NaN,NaN,NaN,NaN,NaN,NaN,NaN,NaN,NaN,NaN,NaN,NaN,NaN,NaN,NaN,NaN,NaN,NaN,NaN,NaN,NaN,NaN,-19.8213843405799,-19.8244591871378,NaN,NaN,NaN,-19.9294826253763,NaN,-20.276615766106,NaN,-19.8098323626936,-19.8556252549583,-19.3788378260739,-19.1438845760371,NaN,NaN,-19.2516103232701,-18.8677015314216,-18.4201414188099,-18.2596656749452,-18.1982617517311,NaN,NaN,-19.8874513947456,NaN,-19.490664185432,-19.5164051093456,-19.9902724389361,-18.9886303018532,-18.7511529749822,-18.8898767975427,-19.1229313059449,-19.2343850763641,-19.3553544270981,NaN,NaN,NaN,NaN,NaN,NaN,NaN,NaN,NaN,NaN,NaN,NaN,NaN
-19.6377038964883,-19.4925739338999,-19.0830067965372,-18.8273319286868,-18.7668921677993,-18.7280019096347,-18.6643153450264,-19.0233495698776,-19.0434100403278,-19.6525098209324,-20.1374040746268,-20.3503241771306,-20.2499448596074,-20.4267344358718,-20.2376207983382,-20.1055447197701,-19.7294987319291,-19.7288404437872,-19.4898805949222,-19.5684021851522,-19.4609568462065,-19.7819707438616,-19.6560933814781,-19.5596730239689,-19.8666994378385,-20.0084429958755,-19.6765780220031,-19.5196792459628,-19.5049374866803,-19.0588520041935,-18.2272661229188,-17.2313981226021,-16.6733638348614,-16.6650080922221,-16.1720225899787,-15.8207457497313,-15.6819873585339,-15.5166332430716,-15.3406280347759,-15.6439892298542,-15.5860572854986,-15.2371258523347,-14.7600103834149,-14.2798516261638,-13.8597876239004,-13.5607190281643,-13.3678668681581,-13.1760623716347,-12.8388424052076,-12.5031905877208,-12.2825143531614,-12.1369080579942,-12.0207449856503,-12.079843080887,-12.1770832254394,-12.2627606555308,-12.5286030557997,-12.9675425308249,-13.2679854277059,-13.4647677319273,-13.4627970856046,-13.711771400174,-13.8883426487229,-14.1911588671563,-14.7435796770692,-15.5763643941386,-16.0316951112138,NaN,NaN,NaN,NaN,NaN,NaN,NaN,NaN,NaN,NaN,NaN,NaN,NaN,NaN,NaN,NaN,NaN,NaN,NaN,NaN,NaN,NaN,NaN,NaN,NaN,NaN,NaN,NaN,NaN,NaN,NaN,NaN,NaN,NaN,NaN,NaN,NaN,NaN,NaN,NaN,NaN,NaN,NaN,NaN,NaN,NaN,NaN,NaN,NaN,NaN,NaN,NaN,NaN,NaN,NaN,NaN,NaN,NaN,NaN,NaN,NaN,-19.8211001898727,-19.8444797921686,NaN,NaN,NaN,-20.0040278631282,-20.1419646880072,-20.1443365886387,NaN,-20.0529960432448,-19.8721795427393,-19.5510071592369,-19.2487632855307,-19.1910734846642,-19.1591305472581,-19.0392862560826,-18.9928352036285,-18.6197068530185,NaN,-18.3143001023719,NaN,-19.9992900935341,-19.7994689542448,NaN,-19.9418524614632,-19.314744260668,-19.291269460633,-19.0846946807048,-18.8871621011448,-18.9333127147437,-19.0837957947864,-19.2177419700353,-19.1481126011857,NaN,NaN,NaN,NaN,NaN,NaN,NaN,NaN,NaN,NaN,NaN,NaN,NaN
-19.6497367745671,-19.4662380439045,-19.0946035491031,-18.8275199883349,-18.7360940730341,-18.7340289030598,-18.6409745975044,-18.9585161841653,-19.0654770019262,-19.6750864701073,-20.1369954455863,-20.3333699844509,-20.1495113050602,-20.3809534223685,-20.1660736952235,-20.0050824149337,-19.7673882836928,-19.7788583544465,-19.5569734967305,-19.7135183220474,-19.6083357605937,-19.9639016873492,-19.6844538645438,-19.3998105140529,-19.64770721376,-19.78294908496,-19.3941296115775,-19.3795616674403,-19.3053562615642,-18.6856468874177,-17.8512271395764,-17.1232932459891,-16.7761776911671,-16.9017869732935,-16.3587394351089,-15.9320839220577,-15.8469880155726,-15.5463198095728,-15.4210138721759,-15.507538076398,-15.2537215385682,-14.8376807859861,-14.3398852914907,-13.8416573369534,-13.49172908818,-13.2799285203685,-13.0911368780793,-12.6963530995965,-12.4797083139613,-12.1827809079639,-12.1025145561445,-12.0327054000888,-12.15158246177,-12.3902615756881,-12.5561453587649,-12.6018568221566,-12.942877417437,-13.2809478585975,-13.4138759938909,-13.7314850142076,-13.7078862418137,-13.9156564344777,-14.0834732253218,-14.5432360804197,-15.3589265423736,-16.4306320319224,NaN,NaN,NaN,NaN,NaN,NaN,NaN,NaN,NaN,NaN,NaN,NaN,NaN,NaN,NaN,NaN,NaN,NaN,NaN,NaN,NaN,NaN,NaN,NaN,NaN,NaN,NaN,NaN,NaN,NaN,NaN,NaN,NaN,NaN,NaN,NaN,NaN,NaN,NaN,NaN,NaN,NaN,NaN,NaN,NaN,NaN,NaN,NaN,NaN,NaN,NaN,NaN,NaN,NaN,NaN,NaN,NaN,NaN,NaN,NaN,NaN,-20.0861157583795,-19.8547461188114,-19.8847836536518,NaN,NaN,NaN,-19.8438368459204,-20.1110274054228,-20.1729786224346,-20.2656121891713,-19.8947613835857,-19.669729108479,-19.4081200106577,-19.2033393417835,-19.2884562055667,NaN,-19.0489465451528,-18.8445236608456,-18.4902224807088,NaN,NaN,NaN,-20.6035533678201,NaN,NaN,NaN,-19.3672838083538,-19.1503123311959,-19.1784622044597,-19.0773033633775,-18.7979815113263,-18.9448677270238,-19.233424585082,NaN,NaN,NaN,NaN,NaN,NaN,NaN,NaN,NaN,NaN,NaN,NaN,NaN,NaN
-19.6569436358331,-19.4444040755947,-19.1495494224349,-18.8194795367255,-18.7104075557311,-18.7009547361728,-18.6793091903488,-19.0117115105473,-19.1509800912492,-19.7375801871332,-20.129485058412,-20.2588882952367,-20.0495966382216,-20.3116004852889,-20.1491652720263,-20.0829444613171,-19.8112412846493,-19.7397845521626,-19.6310205949327,-19.7143446385513,-19.7200453628391,-20.0928394567536,-19.6680434495051,-19.2941906747055,-19.4939799557174,-19.5013553343703,-19.1310633408046,-19.1295309986222,-18.999984178231,-18.4455030984485,-17.735116119033,-17.1330384062553,-16.7754292532896,-16.873163908998,-16.4596398233541,-16.0343237071368,-15.8035986352804,-15.7346317009646,-15.4529267778692,-15.4270859158833,-15.1137114506006,-14.5214235257729,-13.8994165901262,-13.4144593721336,-13.1927962865401,-13.0099634772977,-12.8656392218593,-12.5252507014102,-12.3695611890431,-12.3661728399923,-12.3280477469814,-12.3196507371758,-12.4420349466718,-12.6913112021398,-12.8771527470766,-12.9078191838898,-13.1737817836187,-13.5612302903161,-13.7996389898879,-14.3487308420869,-14.1664069911312,-14.8841550399557,-15.2051025401942,-15.2634265308211,-16.122378380491,NaN,NaN,NaN,NaN,NaN,NaN,NaN,NaN,NaN,NaN,NaN,NaN,NaN,NaN,NaN,NaN,NaN,NaN,NaN,NaN,NaN,NaN,NaN,NaN,NaN,NaN,NaN,NaN,NaN,NaN,NaN,NaN,NaN,NaN,NaN,NaN,NaN,NaN,NaN,NaN,NaN,NaN,NaN,NaN,NaN,NaN,NaN,NaN,NaN,NaN,NaN,NaN,NaN,NaN,NaN,NaN,NaN,NaN,NaN,NaN,NaN,NaN,-19.8830509083902,-19.87744832743,-19.7905740938616,-19.7524500280792,NaN,NaN,-20.0204610879566,-20.2064626573331,-20.1453373326523,-20.0672989429432,-19.8057485660832,-19.6056876008283,-19.4404935768105,-19.6067271424312,-19.467883474333,-19.3549403718772,-19.1918104391156,-18.9148587719191,-18.722692708309,NaN,NaN,NaN,-20.994081682719,NaN,NaN,NaN,-19.3392089415126,-18.9616069447076,-18.9769893520677,NaN,-18.9043640120714,-18.9738269066114,-19.211304363023,NaN,NaN,NaN,NaN,NaN,NaN,NaN,NaN,NaN,NaN,NaN,NaN,NaN,NaN
-19.6384702945007,-19.463592586563,-19.1779357862964,-18.8760403148088,-18.7672606884408,-18.7191232533428,-18.7519769315667,-19.0733285893942,-19.2305741193343,-19.7588145531785,-20.123294757018,-20.2693567425455,-19.9754306106444,-20.1205725938476,-20.1047090331556,-20.0836322473178,-19.8838806431644,-19.7947397535887,-19.6627533885187,-19.7603681668209,-19.8446057701649,-20.2229155848421,-19.7163486989053,-19.2501258780935,-19.4198741147457,-19.3889287536613,-18.885728659625,-18.7923232934842,-18.7994055478343,-18.1095098309454,-17.4684293992693,-17.0283281915814,-16.8853184863884,-16.946402205924,-16.4731965884026,-16.0141677957262,-15.7441124553063,-15.56049508775,-15.4975876946295,-15.3061524527856,-14.8451911238756,-14.2997901297734,-13.6218234142281,-13.3058559572614,-13.0128247470466,-12.8264783942451,-12.7097943384083,-12.4997100563324,-12.732839053074,-12.6348747046623,-12.62051569294,-12.7235796603057,-12.6204652894683,-12.9741671111846,-13.0496034244417,-13.4034941297997,-13.6259959333417,-14.0074084434603,-14.1238839475296,-14.750598397079,-14.70438688555,-15.5334866160082,NaN,NaN,NaN,NaN,NaN,NaN,NaN,NaN,NaN,NaN,NaN,NaN,NaN,NaN,NaN,NaN,NaN,NaN,NaN,NaN,NaN,NaN,NaN,NaN,NaN,NaN,NaN,NaN,NaN,NaN,NaN,NaN,NaN,NaN,NaN,NaN,NaN,NaN,NaN,NaN,NaN,NaN,NaN,NaN,NaN,NaN,NaN,NaN,NaN,NaN,NaN,NaN,NaN,NaN,NaN,NaN,NaN,NaN,NaN,NaN,NaN,NaN,NaN,NaN,NaN,-20.0021209653715,-19.982208934544,-19.9415880591183,NaN,NaN,NaN,-20.0302047204459,-20.0925766849774,-20.0856302942665,-20.0189530222821,-19.7109752127119,-19.6895055449899,-19.5575698525536,NaN,NaN,-19.3774446643062,-19.2922889424451,-19.0425981036882,-18.9283674355547,-18.9627436208785,NaN,NaN,-21.2523385296587,NaN,NaN,NaN,-19.2748859507203,-18.8054520545699,-18.8805873380213,NaN,-18.8528897674362,-18.9652535120224,-19.2086209553572,NaN,NaN,NaN,NaN,NaN,NaN,NaN,NaN,NaN,NaN,NaN,NaN,NaN,NaN
-19.6488384889525,-19.446096852457,-19.1889836107277,-18.9650075050577,-18.8650972760897,-18.7410221439735,-18.7523016149513,-19.1526216498651,-19.3032022805248,-19.8625312420445,-20.1955201242674,-20.2551728889962,-20.008638607005,-20.0892174620375,-20.1043125238491,-20.0867720910717,-19.8959464709719,-19.8015480796611,-19.5883472904979,-19.7649281754219,-20.0303060172626,-20.375105310569,-19.8013031561701,-19.2317554336778,-19.3772378176439,-19.096045351679,-18.5988861952953,-18.5031887393223,-18.4793967281691,-17.8839515797168,-17.3818891581786,-17.0146426307582,-16.9649761484055,-16.8772399098071,-16.2977203576644,-15.8564182822442,-15.5565531158704,-15.3774987112313,-15.3920430315706,-15.0877879265068,-14.6769693072453,-14.1720325563846,-13.631660285854,-13.2929084682274,-12.9623329942445,-12.4848013761414,-12.3746282524894,-12.5686760218863,-12.7932188293223,-12.7291730997979,-13.14374392391,-13.2867840451808,-13.4717835545892,-13.7334310157136,-13.718214584998,-14.1452228039108,-14.3171709711127,-14.5991483576944,-14.5711429437138,-15.32153754729,NaN,NaN,NaN,NaN,NaN,NaN,NaN,NaN,NaN,NaN,NaN,NaN,NaN,NaN,NaN,NaN,NaN,NaN,NaN,NaN,NaN,NaN,NaN,NaN,NaN,NaN,NaN,NaN,NaN,NaN,NaN,NaN,NaN,NaN,NaN,NaN,NaN,NaN,NaN,NaN,NaN,NaN,NaN,NaN,NaN,NaN,NaN,NaN,NaN,NaN,NaN,NaN,NaN,NaN,NaN,NaN,NaN,NaN,NaN,NaN,NaN,NaN,NaN,NaN,NaN,NaN,NaN,-19.8729304357788,-19.9271131330145,-19.9072813113943,NaN,NaN,-19.6166701395796,-20.1103885311807,-20.1879000494505,-20.1742735930455,-19.9210942169219,-19.7570502432528,-19.6787902167914,NaN,-19.5404385184216,-19.2795454847469,-19.3224022035515,-19.3399815376846,-19.1383104454188,NaN,-19.0020559013142,-19.169092299718,NaN,-21.4112090234995,NaN,NaN,-19.2495763757273,-19.3612903454875,-18.9186990343057,NaN,-18.8687085566217,-18.850251704434,-18.868859095633,-19.1233958961465,NaN,NaN,NaN,NaN,NaN,NaN,NaN,NaN,NaN,NaN,NaN,NaN,NaN,NaN
-19.6123951182449,-19.4978232756542,-19.21077127581,-19.0288916778774,-18.9204543199903,-18.9195663811875,-18.8365202124882,-19.1821119498465,-19.302378952511,-19.7880783375402,-20.1525012387971,-20.2838812680197,-19.962736812619,-20.1355130758388,-20.1056533754287,-20.0181273054166,-19.8434242612761,-19.7032020900724,-19.6164475667067,-19.9225187655211,-20.1785197364226,-20.4031178749154,-19.8246680138105,-19.1484201689875,-19.2367176944123,-18.8601004496691,-18.3680595341394,-18.2811979621988,-18.3247801548524,-17.6801948360823,-17.2026270297727,-17.0135572253835,-16.8102517140344,-16.6378346090984,-16.2938856444265,-15.7239395523578,-15.3847037212993,-15.1279877140236,-15.1147454807297,-14.9386132409694,-14.4226590750389,-14.2177573503968,-13.4719446111234,-13.190138997992,-12.7455018654896,-12.2988584320428,-12.3587290617443,-12.6079209382797,-12.7666934894996,-13.1232940848479,-13.5216589370689,-13.8507316268774,-13.9690258017714,-13.7723220985582,-13.8849744247958,-14.1891625933411,NaN,NaN,NaN,NaN,NaN,NaN,NaN,NaN,NaN,NaN,NaN,NaN,NaN,NaN,NaN,NaN,NaN,NaN,NaN,NaN,NaN,NaN,NaN,NaN,NaN,NaN,NaN,NaN,NaN,NaN,NaN,NaN,NaN,NaN,NaN,NaN,NaN,NaN,NaN,NaN,NaN,NaN,NaN,NaN,NaN,NaN,NaN,NaN,NaN,NaN,NaN,NaN,NaN,NaN,NaN,NaN,NaN,NaN,NaN,NaN,NaN,NaN,NaN,NaN,NaN,NaN,NaN,NaN,NaN,NaN,NaN,-19.8710401590574,-19.8897268667732,-19.9284931672562,-20.0028212279237,-19.8680549640988,-19.9837721769152,-20.2759250768513,-20.1247574278776,-20.065583167666,NaN,-19.8288515190629,-19.7037040872798,-19.5841060088338,-19.4385258708502,-19.3900867986981,-19.3606588536463,-19.2930936753176,-19.1359252664928,NaN,-19.0956084622026,-19.2612285945091,NaN,NaN,NaN,-19.3341802289925,-19.4364414214847,-19.3587706889853,-19.1217351949125,NaN,-18.8009991954253,-18.8245337793163,-18.8519661599394,-19.2753308128746,NaN,NaN,NaN,NaN,NaN,NaN,NaN,NaN,NaN,NaN,NaN,NaN,NaN,NaN
-19.6895771838791,-19.5803026305346,-19.3707320898194,-19.1770822261005,-18.9549529012327,-19.0991294260813,-18.8374384983049,-19.2062187285167,-19.3147878695928,-19.8590916761629,-20.1938583264491,-20.3343113531747,-20.0279408239167,-20.2045780987314,-20.2217452525376,-20.0139328677434,-19.6988024977049,-19.6046522681797,-19.6086451523456,-19.9585031180655,-20.404637673196,-20.5370050824857,-19.8387410649621,-19.1012511864042,-19.008662425099,-18.5349641029885,-18.1248534213861,-18.0455559036394,-17.9192834397774,-17.3782888690142,-17.0120476100896,-16.7702318931404,-16.4961748723588,-16.1841874333438,-16.0099859770369,-15.4792066474983,-15.1498761384418,-14.9198091881398,-14.8472564445275,-14.7517818157474,-14.4159690914215,-13.9830118985237,-13.5947974674942,-13.0945721065578,-12.6242722395582,-12.3828579422319,-12.5690476241876,-12.7670265396607,-13.0158001639905,-13.5313081664793,-14.0539703497744,-14.5234674340775,NaN,NaN,NaN,NaN,NaN,NaN,NaN,NaN,NaN,NaN,NaN,NaN,NaN,NaN,NaN,NaN,NaN,NaN,NaN,NaN,NaN,NaN,NaN,NaN,NaN,NaN,NaN,NaN,NaN,NaN,NaN,NaN,NaN,NaN,NaN,NaN,NaN,NaN,NaN,NaN,NaN,NaN,NaN,NaN,NaN,NaN,NaN,NaN,NaN,NaN,NaN,NaN,NaN,NaN,NaN,NaN,NaN,NaN,NaN,NaN,NaN,NaN,NaN,NaN,NaN,NaN,NaN,NaN,NaN,NaN,NaN,NaN,NaN,NaN,-19.9064678425722,-19.903218870684,-19.8670226274564,NaN,-20.1548797912432,-20.1007608954321,-20.3599421899975,-20.076085317003,-20.0454285794654,-20.1161663391603,NaN,-19.7980472694185,-19.7294511082205,-19.7611957666321,-19.5440375872382,-19.5226733583594,-19.4881361174721,-19.3345815986845,-19.1977577785644,NaN,-19.1903852023534,-19.3188447396298,-19.4917819101954,-19.4448759674505,-19.4385442743898,-19.300665898643,-19.3752300063929,-19.319355148544,NaN,-19.1932893840154,-18.6891373905241,-18.5810419266879,-18.7459631009859,-19.1847045203443,NaN,NaN,NaN,NaN,NaN,NaN,NaN,NaN,NaN,NaN,NaN,NaN,NaN,NaN
-19.8371416830959,-19.6833268259169,-19.5247333044767,-19.3470970372549,-19.0882771232737,-19.1432822552718,-18.9893420858221,-19.260093340636,-19.2879099208135,-19.9076196394776,-20.2130370024579,-20.3928558019048,-20.1680632809257,-20.3277929556727,-20.294475388857,-20.0072456413454,-19.6107507436836,-19.4929720926689,-19.5684908799794,-20.0258831830316,-20.6056004192314,-20.6313769809871,-19.810019757809,-19.1289481475358,-18.8648030975332,-18.3781764913265,-17.8987568683375,-17.794524671929,-17.485762630144,-16.9851937145592,-16.643923980553,-16.3339975175128,-16.0577596076046,-15.8882253152487,-15.7737166820967,-15.373464234401,-14.9471548598023,-14.7261127307249,-14.6661842128091,-14.349743379712,-14.0817286470531,-13.8446711782656,-13.6102143227299,-13.1805480559072,-12.7993829481794,-12.5998748572716,-12.7327444154302,-12.9192508904983,-13.260238478883,-13.7118234925234,-14.2567479992216,NaN,NaN,NaN,NaN,NaN,NaN,NaN,NaN,NaN,NaN,NaN,NaN,NaN,NaN,NaN,NaN,NaN,NaN,NaN,NaN,NaN,NaN,NaN,NaN,NaN,NaN,NaN,NaN,NaN,NaN,NaN,NaN,NaN,NaN,NaN,NaN,NaN,NaN,NaN,NaN,NaN,NaN,NaN,NaN,NaN,NaN,NaN,NaN,NaN,NaN,NaN,NaN,NaN,NaN,NaN,NaN,NaN,NaN,NaN,NaN,NaN,NaN,NaN,NaN,NaN,NaN,NaN,NaN,NaN,NaN,NaN,NaN,NaN,NaN,-19.9448934969555,-19.9370236494906,-19.9906110908597,NaN,NaN,NaN,NaN,-20.2365760215386,-20.2469757383734,-19.9693318174217,-20.0890339364315,-19.8535818772377,-19.8948332911673,-19.7524039425412,-19.9134754087911,NaN,-19.5417302656048,-19.5132987532911,-19.5269300563867,-19.1889444080978,-19.2584761685604,-19.2546929430663,-19.3786285913566,-19.3289019481493,-19.2689899853265,-19.3239588960489,-19.2904360779312,-19.4399667599595,-19.4205416387155,NaN,-18.7394363573565,-18.5043795536882,-18.6543303224486,-18.8181489737915,-19.4011550134205,NaN,NaN,NaN,NaN,NaN,NaN,NaN,NaN,NaN,NaN,NaN,NaN,NaN,NaN
-19.9547999926385,-19.809021195983,-19.6523490863339,-19.5296923783338,-19.1270866082754,-19.2535054015797,-19.0782692314007,-19.3185364975778,-19.4226737177985,-20.0149006008707,-20.2278051288298,-20.4798201555079,-20.3706980634322,-20.3776121081895,-20.3046032326036,-19.8673575699778,-19.5461255092052,-19.4313720824783,-19.5786433008089,-20.0521179380358,-20.6915884061518,-20.6934619716021,-19.7402914975942,-19.1614556223591,-18.7051071164964,-18.1971873386844,-17.6727830121418,-17.3820390282369,-17.1163342763001,-16.6569274697,-16.2879349333554,-16.0170168246727,-15.760379199175,-15.6868595711591,-15.5074078343927,-15.105812265941,-14.9363308934513,-14.4869601824278,-14.43672245448,-14.1275115583443,-13.9143083385315,-13.9007266153416,-13.6531750761828,-13.2291104930558,-13.0523333921626,-12.6730092877382,-12.9227476779837,-13.2672125904175,-13.6387624279541,-13.7577100241286,-14.1915236023065,NaN,NaN,NaN,NaN,NaN,NaN,NaN,NaN,NaN,NaN,NaN,NaN,NaN,NaN,NaN,NaN,NaN,NaN,NaN,NaN,NaN,NaN,NaN,NaN,NaN,NaN,NaN,NaN,NaN,NaN,NaN,NaN,NaN,NaN,NaN,NaN,NaN,NaN,NaN,NaN,NaN,NaN,NaN,NaN,NaN,NaN,NaN,NaN,NaN,NaN,NaN,NaN,NaN,NaN,NaN,NaN,NaN,NaN,NaN,NaN,NaN,NaN,NaN,NaN,NaN,NaN,NaN,NaN,NaN,NaN,NaN,NaN,-19.9575140860113,-20.0919812417074,-20.1290204604766,-19.9490675201412,NaN,NaN,NaN,NaN,-19.1517402878982,-20.3728973096897,-20.3103580660794,-20.0885651082789,-20.0373126994888,-20.0292120210726,-19.9659532841807,-19.6408632884645,NaN,-19.6975538157076,-19.6993410582638,-19.787674964702,-19.837080296129,-19.4108137052955,-19.3672154424071,-19.4792580534851,-19.5080391231204,-19.3332739117384,NaN,-19.1726274607132,-19.2763374617386,-19.3118939730577,-19.2239900096378,-18.8095240360532,-18.6987094549507,-18.7218616455876,-18.6230647121329,-18.567957300206,-19.5475325778338,NaN,NaN,NaN,NaN,NaN,NaN,NaN,NaN,NaN,NaN,NaN,NaN,NaN,NaN
-19.9679005886944,-19.8806798770888,-19.7370584703654,-19.6848870116567,-19.2386403795873,-19.3584102583994,-19.127582726338,-19.4094100837366,-19.5843701388971,-20.1406093857756,-20.2427960156348,-20.5167362574027,-20.4342256381204,-20.3900536948697,-20.2743802082942,-19.8090111816282,-19.5437349274934,-19.4520289972348,-19.6290666490603,-20.0839527864143,-20.6930723158953,-20.6464797233432,-19.7222158381649,-19.2159431570062,-18.6440132030826,-18.0841276605755,-17.5167817442935,-17.0413798424507,-16.7685220260108,-16.4241602394925,-16.0995164542821,-15.8367915353259,-15.6196298937278,-15.4955708365365,-15.2936786607233,-15.0524144452444,-14.8224049480687,-14.4478154364709,-14.1544678666923,-13.9976991056855,-13.9152771521058,-13.8054056274424,-13.3834819552249,-13.1757591756068,-13.0744315593211,-12.9653728390496,-13.2452821815044,-13.4824316937865,-13.9062036493165,-14.3140322115552,-14.1564040927303,NaN,NaN,NaN,NaN,NaN,NaN,NaN,NaN,NaN,NaN,NaN,NaN,NaN,NaN,NaN,NaN,NaN,NaN,NaN,NaN,NaN,NaN,NaN,NaN,NaN,NaN,NaN,NaN,NaN,NaN,NaN,NaN,NaN,NaN,NaN,NaN,NaN,NaN,NaN,NaN,NaN,NaN,NaN,NaN,NaN,NaN,NaN,NaN,NaN,NaN,NaN,NaN,NaN,NaN,NaN,NaN,NaN,NaN,NaN,NaN,NaN,NaN,NaN,NaN,NaN,NaN,NaN,NaN,NaN,NaN,NaN,NaN,NaN,NaN,NaN,-20.051967924859,NaN,NaN,NaN,NaN,-19.4326899018447,NaN,NaN,-19.9021430840434,-19.9502924434106,-19.823455286515,NaN,-19.6105703403792,-19.5598117356111,-19.6668393357905,NaN,NaN,NaN,-19.5441651356201,-19.345303731419,-19.4353676069599,-19.4870431030108,-19.3746369350665,-19.4384386845047,-19.1828443538529,-19.2359621168573,-19.2564900176464,-19.1691366371029,-18.8309119055661,-18.607194039642,NaN,-18.6509406590804,-18.9482996802338,NaN,NaN,NaN,NaN,NaN,NaN,NaN,NaN,NaN,NaN,NaN,NaN,NaN,NaN,NaN
-20.0365480483646,-19.9816153019954,-19.8077987918829,-19.8231677339797,-19.4134156618188,-19.5400505176774,-19.3311544965966,-19.5388044787354,-19.7470209910455,-20.1994170993936,-20.2102241271572,-20.4986163501904,-20.5778389050183,-20.5162119858028,-20.357862946246,-19.7799700719112,-19.5681573266125,-19.5314706849197,-19.6582237017086,-20.0048864668829,-20.57776680729,-20.5753571281338,-19.7258869449084,-19.227972536063,-18.5527918079485,-17.9020002961866,-17.4311876418258,-16.8294463881123,-16.3697437702789,-16.1769106335448,-15.992824981136,-15.7762090527428,-15.5475672743941,-15.3601410820003,-15.1466240633902,-14.9868537886204,-14.6476810470001,-14.2621487948379,-13.9074061477012,-13.9997952422195,-13.9567245040768,-13.7500068203005,-13.4559417994161,-13.2121856752762,-13.2761088160651,-13.3865973026803,-13.7648825977605,-14.0944667540522,-14.895181903733,NaN,-16.1326240642133,NaN,NaN,NaN,NaN,NaN,NaN,NaN,NaN,NaN,NaN,NaN,NaN,NaN,NaN,NaN,NaN,NaN,NaN,NaN,NaN,NaN,NaN,NaN,NaN,NaN,NaN,NaN,NaN,NaN,NaN,NaN,NaN,NaN,NaN,NaN,NaN,NaN,NaN,NaN,NaN,NaN,NaN,NaN,NaN,NaN,NaN,NaN,NaN,NaN,NaN,NaN,NaN,NaN,NaN,NaN,NaN,NaN,NaN,NaN,NaN,NaN,NaN,NaN,NaN,NaN,NaN,NaN,NaN,NaN,NaN,NaN,NaN,NaN,NaN,NaN,-19.952186249067,NaN,NaN,NaN,NaN,NaN,NaN,NaN,-19.9446872495186,-19.9798689140217,NaN,NaN,NaN,-19.5044122505153,NaN,NaN,NaN,NaN,NaN,-19.4023287929408,-19.4330490833862,-19.4933018934205,-19.363874061792,-19.4404617079002,-19.1303780113275,-19.0770387552018,-19.3435528856364,-19.2707547589898,-18.9328805426268,-18.6936820610388,NaN,-19.0012930245089,NaN,NaN,NaN,NaN,NaN,NaN,NaN,NaN,NaN,NaN,NaN,NaN,NaN,NaN,NaN,NaN
-20.1551643279062,-20.1233364889771,-19.9627188629187,-19.9680485934126,-19.6424163542269,-19.7352489792675,-19.4855603187419,-19.6884448712686,-19.8211782538797,-20.2589290273945,-20.2711273742484,-20.5624539631165,-20.6693346506257,-20.5448729994765,-20.4137785639218,-19.815069092316,-19.6668800110022,-19.6910786430769,-19.7090281754316,-19.9484401882012,-20.5143153164859,-20.5528352933134,-19.8120417842131,-19.3011155888422,-18.4726177263552,-17.8021285793881,-17.4508058520824,-16.7581436498083,-16.2787347565599,-16.1134361902656,-15.9570127835033,-15.7528264953369,-15.4932129287849,-15.2081541852567,-14.9015067847304,-14.7567375528576,-14.4166969311888,-14.093508868396,-13.9169087634838,-13.9218589249444,-13.8571588030003,-13.6507317647586,-13.5706337985181,-13.3047058763117,-13.3011149845781,-13.4551313798932,-14.3024827139441,-14.714792614048,NaN,NaN,NaN,NaN,NaN,NaN,NaN,NaN,NaN,NaN,NaN,NaN,NaN,NaN,NaN,NaN,NaN,NaN,NaN,NaN,NaN,NaN,NaN,NaN,NaN,NaN,NaN,NaN,NaN,NaN,NaN,NaN,NaN,NaN,NaN,NaN,NaN,NaN,NaN,NaN,NaN,NaN,NaN,NaN,NaN,NaN,NaN,NaN,NaN,NaN,NaN,NaN,NaN,NaN,NaN,NaN,NaN,NaN,NaN,NaN,NaN,NaN,NaN,NaN,NaN,NaN,NaN,NaN,NaN,NaN,NaN,NaN,NaN,NaN,NaN,NaN,-19.8109883169158,NaN,-20.0031212872915,-19.723689335092,NaN,NaN,NaN,NaN,-20.0680450106067,-20.0845027652357,-19.9626320626361,-19.9706540967445,NaN,NaN,-20.6108031387002,-19.4787255330501,NaN,NaN,-19.1501138541435,-19.110435573911,-19.2256982630789,-19.3353840001636,-19.3720080791487,-19.4339162956655,-19.3063917183846,-19.3054141558709,-19.1023557622048,-18.9921091590319,-19.1137808396298,-19.0690838604093,-19.0734219623434,NaN,NaN,-18.9714963171715,NaN,NaN,NaN,NaN,NaN,NaN,NaN,NaN,NaN,NaN,NaN,NaN,NaN,NaN,NaN,NaN
-20.202049927034,-20.1807893572218,-20.0612518965935,-20.0344723636501,-19.8106788018662,-19.9338768144612,-19.715804092703,-19.8833287017855,-19.9693964558865,-20.3095844012998,-20.4329466992312,-20.7311004474216,-20.8297427144536,-20.6046129810001,-20.4966607098066,-19.8308138315676,-19.7682363955574,-19.7940058012267,-19.7361417214646,-19.9258383222156,-20.4513502969193,-20.6468335867148,-20.0121321020274,-19.4378424015987,-18.4042023250461,-17.7776608052009,-17.3616674575779,-16.718732698325,-16.2992294782098,-16.1304835442492,-15.877742446024,-15.6852948611161,-15.3086482022454,-15.1574057442313,-14.84120140442,-14.752446061492,-14.5996970578562,-14.3964177400307,-14.2551682595272,-14.2665610429255,-14.1942972367992,-14.1575504165544,-14.0916633736306,-13.9940955213785,-14.0370199830659,-14.0477507062899,-14.5660128172083,-14.7526566349834,-15.6129713332638,NaN,NaN,NaN,NaN,NaN,NaN,NaN,NaN,NaN,NaN,NaN,NaN,NaN,NaN,NaN,NaN,NaN,NaN,NaN,NaN,NaN,NaN,NaN,NaN,NaN,NaN,NaN,NaN,NaN,NaN,NaN,NaN,NaN,NaN,NaN,NaN,NaN,NaN,NaN,NaN,NaN,NaN,NaN,NaN,NaN,NaN,NaN,NaN,NaN,NaN,NaN,NaN,NaN,NaN,NaN,NaN,NaN,NaN,NaN,NaN,NaN,NaN,NaN,NaN,NaN,NaN,NaN,NaN,NaN,NaN,NaN,NaN,NaN,NaN,NaN,-20.0233821132774,-19.9913770776002,-19.9028955934842,NaN,NaN,NaN,NaN,-20.0276982398436,-19.958413694672,-19.8393322209805,NaN,-19.9256611017573,-19.9969901221714,-19.9538195409029,-19.9353734359279,-19.4501317426351,NaN,-19.2960685033635,-19.042804615624,-19.0685560813117,-19.1543044811117,-19.2951420704056,-19.4214975839527,-19.5243716409444,-19.3617538213432,-19.3832875959405,-19.159819972664,-18.8841625015521,-19.0188211167297,-19.0223930634032,NaN,NaN,NaN,-19.2251492531828,NaN,NaN,NaN,NaN,NaN,NaN,NaN,NaN,NaN,NaN,NaN,NaN,NaN,NaN,NaN,NaN
-20.1190764664713,-20.204316632042,-20.1441388925963,-20.0822217453273,-19.9113653347299,-19.9642331829514,-19.8822508357681,-20.0509576267895,-20.056603659255,-20.4035690174711,-20.584673969884,-20.9299868335818,-21.0042736653019,-20.7644034494882,-20.5570125947776,-19.8807320018306,-19.8407673679433,-19.8372509990352,-19.7181190254746,-19.9158970028215,-20.4434644011188,-20.6881868460134,-20.1263125761398,-19.4542386155346,-18.3725317676849,-17.7035340295199,-17.3366658341814,-16.854453627364,-16.4689653555483,-16.2242460887587,-16.0494623093579,-15.7757615987434,-15.3713018487446,-15.227330661094,-14.907852053624,-14.8955557459283,-14.7042055937231,-14.7062254838405,-14.6234789538055,-14.6564979625396,-14.4028721483625,-14.3279008501561,-14.2602463330731,-14.1024367957446,-13.8335462429778,-13.4806576557409,-13.46586244119,NaN,-15.832070551536,-15.8302665909867,NaN,NaN,NaN,NaN,NaN,NaN,NaN,NaN,NaN,NaN,NaN,NaN,NaN,NaN,NaN,NaN,NaN,NaN,NaN,NaN,NaN,NaN,NaN,NaN,NaN,NaN,NaN,NaN,NaN,NaN,NaN,NaN,NaN,NaN,NaN,NaN,NaN,NaN,NaN,NaN,NaN,NaN,NaN,NaN,NaN,NaN,NaN,NaN,NaN,NaN,NaN,NaN,NaN,NaN,NaN,NaN,NaN,NaN,NaN,NaN,NaN,NaN,NaN,NaN,NaN,NaN,NaN,NaN,NaN,NaN,NaN,NaN,NaN,NaN,NaN,-19.8937597982178,NaN,NaN,NaN,-19.5864300771689,-19.8695173649517,-19.8729087106247,-19.8105369186895,NaN,-20.0381708617991,-20.0975377627085,NaN,NaN,NaN,-19.3596885237961,-19.2397494027454,-19.0293774946346,-18.9271247822728,-18.9703646389952,-19.2266215881338,-19.2971479424505,-19.4730181891079,-19.5511288728676,-19.5030026726704,-19.4255112284349,-19.1320882513515,-18.936824167761,-18.9416614708033,-18.9953051514256,NaN,NaN,NaN,-19.1110373778247,NaN,NaN,NaN,NaN,NaN,NaN,NaN,NaN,NaN,NaN,NaN,NaN,NaN,NaN,NaN,NaN
-20.1208733189782,-20.1763383136142,-20.1187259843936,-20.0188392918364,-19.9501087623404,-19.9089160032832,-20.1039232397129,-20.2283467163477,-20.1908043286341,-20.5160394656436,-20.6624051015921,-20.9471871842695,-20.9902421754826,-20.7888880124003,-20.5753975538612,-19.9360022174781,-19.9103536729401,-19.9587799765534,-19.839424510092,-20.0398390020032,-20.5637196452571,-20.8231472877515,-20.2047822655494,-19.4993031824944,-18.3995568826002,-17.7507951424828,-17.4620146770944,-17.0239728876552,-16.6533517108125,-16.2277453955313,-15.9775677591675,-15.8298372946734,-15.3811941236091,-15.1927937277368,-14.9952708118531,-14.9332250360511,-14.8382439504766,-14.6972453593949,-14.606616418806,-14.4149776833095,-14.507964740618,-14.2632335038781,-14.2914373028934,-14.4884586626882,-14.4148886361672,-14.1709733474339,-14.3910364907953,-15.460485630497,-15.2736233847551,-14.9763681593396,-15.7705662056417,NaN,NaN,NaN,NaN,NaN,NaN,NaN,NaN,NaN,NaN,NaN,NaN,NaN,NaN,NaN,NaN,NaN,NaN,NaN,NaN,NaN,NaN,NaN,NaN,NaN,NaN,NaN,NaN,NaN,NaN,NaN,NaN,NaN,NaN,NaN,NaN,NaN,NaN,NaN,NaN,NaN,NaN,NaN,NaN,NaN,NaN,NaN,NaN,NaN,NaN,NaN,NaN,NaN,NaN,NaN,NaN,NaN,NaN,NaN,NaN,NaN,NaN,NaN,NaN,NaN,NaN,NaN,NaN,NaN,NaN,NaN,NaN,NaN,-19.9929652848642,-19.9902310638395,NaN,NaN,NaN,-20.1965618571228,NaN,-19.7699169625271,-19.7502273652668,-19.9029208715684,-19.8837522396409,-19.8714028157672,-19.6713974450757,NaN,NaN,-19.4025363211268,-19.0773404539784,-18.9534091948282,-18.8739678246934,-19.0192249027563,-19.264433977098,-19.3701925360868,-19.5636645319828,-19.6063805716144,-19.50526186724,-19.3882782505505,-19.0488238616533,-19.0092773759352,-18.9244765772108,-18.9960898336248,NaN,NaN,NaN,NaN,NaN,NaN,NaN,NaN,NaN,NaN,NaN,NaN,NaN,NaN,NaN,NaN,NaN,NaN,NaN,NaN
-20.0466129856658,-20.1243434125491,-20.0364876601634,-20.0510990786045,-19.9713187000839,-19.9245876040307,-20.1116467975519,-20.3119537925977,-20.2453984555626,-20.6383314785257,-20.6726185837194,-21.0196768204852,-20.9217755457238,-20.9069624405263,-20.6669766784613,-20.0879027421915,-19.9504503756848,-20.0503018226487,-19.922241481267,-20.1609822327464,-20.6060800677042,-20.7863463890371,-20.1454884513308,-19.4178506759524,-18.4114784091166,-17.9009408580841,-17.5487107737474,-17.0927690491485,-16.6994107738944,-16.4172986062212,-15.9843937835848,-15.8151066054191,-15.5913972028749,-15.5069750307234,-15.2073076363474,-15.1285790309374,-15.1016849992406,-14.8863193843404,-14.8776428008741,-14.5879296159372,-14.4526890264699,-14.4421534152287,-14.9062076563705,NaN,-14.3694637514203,-14.1182197241495,-14.3654261233948,-14.9856048365401,-14.9803408554329,-15.129185280464,-15.4057932986547,-15.9516590639694,NaN,NaN,NaN,NaN,NaN,NaN,NaN,NaN,NaN,NaN,NaN,NaN,NaN,NaN,NaN,NaN,NaN,NaN,NaN,NaN,NaN,NaN,NaN,NaN,NaN,NaN,NaN,NaN,NaN,NaN,NaN,NaN,NaN,NaN,NaN,NaN,NaN,NaN,NaN,NaN,NaN,NaN,NaN,NaN,NaN,NaN,NaN,NaN,NaN,NaN,NaN,NaN,NaN,NaN,NaN,NaN,NaN,NaN,NaN,NaN,NaN,NaN,NaN,NaN,NaN,NaN,NaN,NaN,NaN,NaN,NaN,-19.9977047053337,-20.0238721816096,-20.1011244163534,-20.1576707671753,NaN,NaN,NaN,NaN,-20.0856889005812,-20.2449280942742,-20.2183897511919,NaN,NaN,-19.4769796776379,-19.1874248159664,-19.1288611217803,-19.3249472832701,-19.0254847136394,-18.9277554641859,-18.8626739355267,-19.0338780381702,-19.2882061137966,-19.3803212370394,-19.5163476565272,-19.5519690973466,-19.4460880541994,-19.269802602939,-18.8121630407617,-18.9090402557986,-18.9287252682501,NaN,NaN,NaN,NaN,NaN,NaN,NaN,NaN,NaN,NaN,NaN,NaN,NaN,NaN,NaN,NaN,NaN,NaN,NaN,NaN,NaN
-19.924810014455,-20.0543304947729,-19.9231252004422,-19.9880651179642,-19.9269227791018,-19.898756437106,-20.1164638741207,-20.3440206325904,-20.3875605846321,-20.7397865927838,-20.7138398397057,-21.0009295551947,-20.9573894579772,-21.0420915487774,-20.754546101362,-20.2634974225913,-20.0926085487905,-20.0553101036599,-20.0986053638026,-20.2878312037972,-20.6362583617649,-20.6955994065937,-20.1695932044586,-19.4520404316166,-18.584528504107,-18.1456712594543,-17.7279839792554,-17.1810201809771,-16.9295478698762,-16.5748330859522,-16.0850829587458,-16.0821719693822,-15.7952036884777,-15.8126980883831,-15.5455269155859,-15.3831539389842,-15.5423864127612,-15.1138538244145,-15.1081434936313,-14.8693265456786,-15.0450204763409,-15.3272266323539,-15.2679327798816,-15.6126097503571,-14.8625380149109,-14.8027114766544,-14.4445586835945,-14.8997842504293,-14.9758568497864,-15.0021988553556,NaN,-16.5937591465278,-17.571995027152,-18.2047916463103,-18.2639235739701,NaN,NaN,NaN,NaN,NaN,NaN,NaN,NaN,NaN,NaN,NaN,NaN,NaN,NaN,NaN,NaN,NaN,NaN,NaN,NaN,NaN,NaN,NaN,NaN,NaN,NaN,NaN,NaN,NaN,NaN,NaN,NaN,NaN,NaN,NaN,NaN,NaN,NaN,NaN,NaN,NaN,NaN,NaN,NaN,NaN,NaN,NaN,NaN,NaN,NaN,NaN,NaN,NaN,NaN,NaN,NaN,NaN,NaN,NaN,NaN,NaN,NaN,NaN,NaN,NaN,NaN,NaN,-20.0553933487818,-19.9834911272997,-20.0836210177882,-20.1032016477081,NaN,NaN,NaN,NaN,-20.0517445198467,-19.9742414182762,NaN,NaN,NaN,NaN,-19.4311447696562,-19.2233846660886,-19.1749670844391,-19.2287032699301,-18.8422173645289,-18.8423973439811,-18.7938959246475,-18.9921926434325,-19.253621590402,-19.4129658822885,-19.5053670816839,-19.5167451067579,-19.3440138043522,-19.1466113236918,-18.8334400095903,-18.9949910953125,NaN,NaN,NaN,NaN,NaN,NaN,NaN,NaN,NaN,NaN,NaN,NaN,NaN,NaN,NaN,NaN,NaN,NaN,NaN,NaN,NaN,NaN
-19.8778855311573,-20.017465110959,-19.8273128808065,-19.9116257303621,-19.9294821262055,-19.9112324595593,-20.1359600489493,-20.4113604278566,-20.4738669441562,-20.8248741177525,-20.6679502540419,-21.0243587270769,-21.0411647333317,-21.2088875934054,-20.9975968155842,-20.507003830149,-20.2307540687272,-20.0690112799451,-20.1867194678449,-20.3293529326679,-20.6410971763114,-20.6666846980026,-20.1347369669124,-19.4957112200303,-18.6812689393267,-18.2536782281873,-17.9360485937468,-17.3999535323438,-17.1790580690985,-16.8532992228465,-16.603696977661,-16.6672610564551,-16.347185518109,-16.546513943502,-16.2775069656089,-16.4415385834683,-16.7510496794379,-16.3306010941595,-16.2980645713424,-15.4268919418774,-15.2343755046882,NaN,NaN,-15.3761102764184,-14.856549397134,-15.1611718607568,-14.833379242885,-15.1921789688888,-15.5037700207674,-15.4521498136472,-14.7932855720305,NaN,NaN,-19.322006504608,-18.4166849703476,-18.8960461079986,NaN,NaN,NaN,NaN,NaN,NaN,NaN,NaN,NaN,NaN,NaN,NaN,NaN,NaN,NaN,NaN,NaN,NaN,NaN,NaN,NaN,NaN,NaN,NaN,NaN,NaN,NaN,NaN,NaN,NaN,NaN,NaN,NaN,NaN,NaN,NaN,NaN,NaN,NaN,NaN,NaN,NaN,NaN,NaN,NaN,NaN,NaN,NaN,NaN,NaN,NaN,NaN,NaN,NaN,NaN,NaN,NaN,NaN,NaN,NaN,NaN,NaN,NaN,NaN,-19.982434405206,-20.0889647525682,-20.1187147793422,-20.1305043714922,-20.1994737848489,NaN,NaN,NaN,NaN,-19.9912489426075,-20.0995244858132,-20.153844799305,NaN,NaN,NaN,-19.2241747332537,-19.2869450095724,-19.226473660489,-19.119993378955,-19.072984784779,-18.946340992711,-18.8723611470069,-18.7856898023982,-19.0085642103184,-19.2581381485892,-19.3939714910359,-19.5228574338842,-19.4329670921234,-19.3192058385856,-19.0509511675693,-18.8115516721422,-18.8646393471144,-18.6024582860167,NaN,NaN,NaN,NaN,NaN,NaN,NaN,NaN,NaN,NaN,NaN,NaN,NaN,NaN,NaN,NaN,NaN,NaN,NaN,NaN,NaN
-19.8605975078376,-19.9664151883512,-19.7019133810933,-19.8414981308429,-19.8938193155067,-19.9819552345119,-20.149051916678,-20.5134996981815,-20.5519437568788,-20.8912668034725,-20.686054974511,-21.0675494459146,-21.1601011032553,-21.3670591127442,-21.1558938890002,-20.666185297551,-20.2970028106539,-20.1174491301304,-20.3017988447937,-20.510253008961,-20.6723484587199,-20.5591165679797,-20.1854880888818,-19.4363220943092,-18.6934511909712,-18.2066645970189,-17.8983756557079,-17.4371040771729,-17.206436832743,-16.9751659426096,-16.8861592420793,-16.9802028573103,-16.6574077248075,-17.0913759025286,-16.2234891088835,-16.7654550889546,-17.0484630583911,-16.8071494908892,-16.8803420296924,-16.3499199926873,-16.1429550541865,-16.496801593927,-16.5902907419958,-16.1410662567919,NaN,NaN,-15.3753460762716,-15.2347180366041,-15.8862077542746,-15.8906859764386,-15.2556014343856,NaN,NaN,-18.4651083200224,-18.7904759791842,NaN,NaN,NaN,NaN,NaN,NaN,NaN,NaN,NaN,NaN,NaN,NaN,NaN,NaN,NaN,NaN,NaN,NaN,NaN,NaN,NaN,NaN,NaN,NaN,NaN,NaN,NaN,NaN,NaN,NaN,NaN,NaN,NaN,NaN,NaN,NaN,NaN,NaN,NaN,NaN,NaN,NaN,NaN,NaN,NaN,NaN,NaN,NaN,NaN,NaN,NaN,NaN,NaN,NaN,NaN,NaN,NaN,NaN,NaN,NaN,NaN,NaN,NaN,NaN,-20.2554153360578,-20.2415262209618,-20.180675796752,-20.1657385085272,-20.1883017937897,-20.1834697272742,NaN,NaN,-20.0634857903117,-20.1610219026656,-20.1442083871612,-20.1012254838536,NaN,NaN,-19.2328798275441,-19.1120960262129,-19.1557693417959,-19.1722218335079,-19.1066741545291,-18.9389518713515,-18.8769274468488,-18.7460212820909,-18.6840386706465,-18.6348334641449,-18.8263915548999,-19.1033280363635,-19.3359569772879,-19.4308919370628,-19.4821521336231,-19.2143772583619,-19.092427851897,-18.8485618215386,-19.0135395014614,-18.915131886305,NaN,NaN,NaN,NaN,NaN,NaN,NaN,NaN,NaN,NaN,NaN,NaN,NaN,NaN,NaN,NaN,NaN,NaN,NaN,NaN,NaN
-19.9148022818437,-20.0150455585729,-19.6524543193901,-19.8142322547629,-19.8873629479061,-20.0162080221783,-20.2770223488603,-20.6155837205242,-20.7470693728967,-20.9996335287839,-20.7115083912532,-21.3157368546019,-21.3829990110625,-21.6430805833854,-21.4554221408341,-20.8749348768466,-20.4104446743063,-20.1030015659784,-20.378311935612,-20.5801433333471,-20.6299127234602,-20.5108328598312,-20.1778329465973,-19.3931023936051,-18.6564425075882,-18.1786606180268,-17.7739793840576,-17.4078340237034,-17.4055276905663,-17.1616672983602,-17.3679616508298,-17.3513392429444,-17.2195955513428,-17.3133681528486,-16.8991428997991,-17.5331457581642,-17.991480267259,NaN,-17.4274357375556,-16.835442108254,-16.5551874437655,-16.7968547655067,-16.622899859879,-16.5189396711255,-16.5367998496413,-16.6370287243031,-16.0207838782039,-16.1750285876136,-16.7464709310797,-16.7162102785101,-15.9223616451013,-15.8037281631452,NaN,NaN,-18.94904918693,NaN,NaN,NaN,NaN,NaN,NaN,NaN,NaN,NaN,NaN,NaN,NaN,NaN,NaN,NaN,NaN,NaN,NaN,NaN,NaN,NaN,NaN,NaN,NaN,NaN,NaN,NaN,NaN,NaN,NaN,NaN,NaN,NaN,NaN,NaN,NaN,NaN,NaN,NaN,NaN,NaN,NaN,NaN,NaN,NaN,NaN,NaN,NaN,NaN,NaN,NaN,NaN,NaN,NaN,NaN,NaN,NaN,NaN,NaN,NaN,NaN,NaN,NaN,-20.2865315392619,-20.2637995488565,-20.2390165530794,-20.2604445692632,-20.1779163055252,-20.1337771487621,-20.1009808508289,-20.0183160151771,-20.0453227507867,-20.1656256923773,-20.2068987849927,NaN,NaN,-19.4744743392848,-19.1970132269401,-19.1220128829182,-18.960104982602,-19.0498132356897,-19.0129727732757,-19.0632458583843,-18.8722449099066,-18.7367825103179,-18.6783803007924,-18.6752977251514,-18.6056054308325,-18.6983447215653,-18.9032480748252,-19.0850645644024,-19.3408640682118,-19.2930643464174,-19.1451148219595,-19.1036239463896,-18.9279628298007,-19.1184117435717,NaN,NaN,NaN,NaN,NaN,NaN,NaN,NaN,NaN,NaN,NaN,NaN,NaN,NaN,NaN,NaN,NaN,NaN,NaN,NaN,NaN,NaN
-19.7935265605724,-20.0585588242383,-19.6617199994907,-20.0040380835431,-20.0231923391215,-20.2255388910077,-20.5099922802526,-20.8161873373707,-21.0299165472492,-21.1255926258914,-20.8203392724297,-21.439572728777,-21.5486268621197,-21.8222501252893,-21.6914818247988,-20.997527450448,-20.4288159266538,-20.1272794513418,-20.3533996360892,-20.659166538575,-20.5797033560743,-20.4394422869695,-20.1693043724272,-19.4851652777531,-18.6580417839958,-18.0860435170893,-17.8515499988845,-17.3932397200861,-17.5243567759262,-17.3098007901331,-17.5070559414582,-17.502521565209,-17.5139868909703,-17.6721333829423,NaN,-18.8889906008699,NaN,NaN,NaN,-18.0075373277886,-17.2717262952036,-16.7713317857965,-16.5383091050851,-16.7378353184034,-16.605698438779,NaN,NaN,NaN,-17.0311641525026,-17.0429512852887,-16.3599468500793,-16.7438736842597,-16.7585578683135,-17.208330939334,-17.8579842299195,-17.483708113969,-17.4910233461421,NaN,NaN,NaN,NaN,NaN,NaN,NaN,NaN,NaN,NaN,NaN,NaN,NaN,NaN,NaN,NaN,NaN,NaN,NaN,NaN,NaN,NaN,NaN,NaN,NaN,NaN,NaN,NaN,NaN,NaN,NaN,NaN,NaN,NaN,NaN,NaN,NaN,NaN,NaN,NaN,NaN,NaN,NaN,NaN,NaN,NaN,NaN,NaN,NaN,NaN,NaN,NaN,NaN,NaN,NaN,NaN,NaN,NaN,NaN,NaN,-20.3265389641394,-20.217155083283,-20.1904463191162,-20.208208135484,-20.2065017296861,NaN,-20.1763107363254,-19.9758548607364,-19.8853763725991,-20.2093991904164,NaN,NaN,-19.5448984205691,-19.3044948737348,-19.2464023638773,-19.0390831210559,-18.9386310069438,-18.9130547211329,-19.0087206253216,-18.9622178809005,-18.9475172717034,-18.7244716005237,-18.585041947773,-18.5480817584214,-18.5433970361784,-18.5153301671538,-18.6984551837544,-18.73328726745,-19.0380505963271,-19.330974275086,-19.2265569785126,-19.1499600619048,-19.1080119742178,-18.971995601277,-19.1545030488697,NaN,-20.059480410479,NaN,NaN,NaN,NaN,NaN,NaN,NaN,NaN,NaN,NaN,NaN,NaN,NaN,NaN,NaN,NaN,NaN,NaN,NaN,NaN
-19.7144587854974,-19.9940501081466,-19.7101504976898,-20.215812451306,-20.1157618414518,-20.3835770664583,-20.7486990691738,-20.9849793312123,-21.2389169913343,-21.2415023377246,-21.0332618376725,-21.6805846249935,-21.7297484505565,-21.9972333970932,-21.8242247169611,-20.9172963505623,-20.4144035106268,-20.0714432542904,-20.2738966175713,-20.4694466141777,-20.4614742637429,-20.3846813534251,-20.146062546047,-19.4317993462876,-18.5394918934138,-17.9808364991061,-17.6616170126505,-17.3870891252003,-17.7491802794192,-17.7607576442767,-17.7788934358451,-17.8893826624383,-17.6918668340706,-18.2090174056788,NaN,NaN,NaN,NaN,NaN,NaN,-18.979520076788,-18.330466718111,-16.7046669274231,-17.0764465714981,NaN,NaN,NaN,NaN,-16.8218290011288,-16.4717608979595,-15.8305817906735,NaN,-18.2696097007291,NaN,-19.1585263480497,NaN,-18.0026387512383,-18.3487263188596,-18.6290205495924,-18.7796549577349,-18.6446863549325,NaN,NaN,NaN,NaN,NaN,NaN,NaN,NaN,NaN,NaN,NaN,NaN,NaN,NaN,NaN,NaN,NaN,NaN,NaN,NaN,NaN,NaN,NaN,NaN,NaN,NaN,NaN,NaN,NaN,NaN,NaN,NaN,NaN,NaN,NaN,NaN,NaN,NaN,NaN,NaN,NaN,NaN,NaN,NaN,NaN,NaN,NaN,NaN,NaN,NaN,NaN,NaN,NaN,NaN,-20.2185694317139,-20.3359900459413,-20.3138958319989,-20.1871888823662,-20.1699531112683,-20.1786107139116,NaN,-19.8570984091222,-19.8696142977226,-19.8347156945244,-19.8602796909431,NaN,NaN,-19.5353010885343,-19.189110303721,-19.084648094141,-19.0429743110075,-18.909582522654,-18.7924357758334,-18.782604790305,-18.854089151503,-18.7179817389269,-18.6218406635248,-18.5119535376291,-18.4449943479593,-18.4443834933491,-18.405707608876,-18.4131256202539,-18.6537785692959,-18.7479537684695,-18.8085280966517,-19.1395267798404,-19.1078465833804,-18.9418760186445,-19.1231414243504,-18.9975597497453,-19.0569274414835,-19.1925142267574,-19.9893880528707,NaN,NaN,NaN,NaN,NaN,NaN,NaN,NaN,NaN,NaN,NaN,NaN,NaN,NaN,NaN,NaN,NaN,NaN,NaN,NaN
-19.7945063544171,-20.0213769134187,-19.8262380750794,-20.3628023086245,-20.2975410205354,-20.5799920843943,-20.91798205473,-21.2191081429404,-21.4148322087597,-21.3155346914269,-21.2326759605484,-21.9386213344558,-21.9769675344362,-21.9689316140702,-21.7355831978819,-20.885111119703,-20.3996634863933,-20.0345540799534,-20.2619409969261,-20.3804371632544,-20.3480657592858,-20.298481510244,-20.1093186796602,-19.3066818299271,-18.3306495236724,-17.9143849518672,-17.5748678908706,-17.3698264888232,-17.8159357245891,-17.8205696519655,-18.0728259186332,-18.0194096760196,-17.7448696515868,-17.8991583196961,NaN,NaN,NaN,NaN,NaN,NaN,NaN,-20.6726658611772,NaN,-17.7160231413845,NaN,NaN,NaN,NaN,-17.7093670113717,NaN,NaN,NaN,-20.48494834541,-20.9764309088685,NaN,-19.7152455758622,-18.8191071435372,NaN,NaN,NaN,-18.7387421598137,-19.2660697109873,-19.4820952932299,NaN,NaN,NaN,NaN,NaN,NaN,NaN,NaN,NaN,NaN,NaN,NaN,NaN,NaN,NaN,NaN,NaN,NaN,NaN,NaN,NaN,NaN,NaN,NaN,NaN,NaN,NaN,NaN,NaN,NaN,NaN,NaN,NaN,NaN,NaN,NaN,NaN,NaN,NaN,NaN,NaN,NaN,NaN,NaN,NaN,NaN,NaN,NaN,NaN,NaN,-20.5768768623781,-20.3276672184284,-20.2355543230325,NaN,-20.1551278963752,-20.1450864724375,-20.1064764763715,NaN,NaN,-20.0148665737587,-19.9450887233569,-19.9066605894718,-19.8483608511594,NaN,-19.6312219900559,-19.3072569108018,-19.1672060434591,-19.0971951903455,-19.0034254308255,-18.8769282489147,-18.6608525316218,-18.5896368561817,-18.6267712363558,-18.5522046627036,-18.4317399855728,-18.3397402340595,-18.2525676192433,-18.3220411143217,-18.2921977489667,-18.0892929760522,-18.8035651927918,NaN,-18.8565414249011,-19.0148781281122,-19.0259335403939,-19.1553083213968,-19.1880038616394,-19.0484620813055,-19.1914076851338,-19.1778204443725,NaN,NaN,NaN,NaN,NaN,NaN,NaN,NaN,NaN,NaN,NaN,NaN,NaN,NaN,NaN,NaN,NaN,NaN,NaN,NaN,NaN
-19.9316357822415,-20.0729279758099,-19.9525528343125,-20.5660670166027,-20.4682445543655,-20.7349336642745,-21.1624027147962,-21.3577828537883,-21.4420234956168,-21.4872540791754,-21.4913945405517,-22.2170646939852,-22.1015245969418,-21.9723360291949,-21.571432548165,-20.7196340534584,-20.4098866121673,-19.9488219544153,-20.072798788405,-20.2586310286338,-20.2425685493631,-20.2861837322822,-20.0394298386947,-19.0629132196719,-18.1026834182458,-17.7257988953286,-17.471660933932,-17.3103066867498,-17.8157128702539,-17.9769350206412,-18.4371301484168,-18.0109174094748,NaN,NaN,NaN,NaN,NaN,NaN,NaN,NaN,NaN,-20.0358982135061,-20.266934668688,-18.2233610702753,-19.8833277341853,-20.1492823725695,NaN,NaN,-18.4662218840814,-19.0535576006189,NaN,NaN,NaN,NaN,-20.8548775325363,-20.2317403986446,NaN,NaN,NaN,NaN,NaN,NaN,-19.5984515229143,NaN,NaN,NaN,NaN,NaN,NaN,NaN,NaN,NaN,NaN,NaN,NaN,NaN,NaN,NaN,NaN,NaN,NaN,NaN,NaN,NaN,NaN,NaN,NaN,NaN,NaN,NaN,NaN,NaN,NaN,NaN,NaN,NaN,NaN,NaN,NaN,NaN,NaN,NaN,NaN,NaN,NaN,NaN,NaN,NaN,NaN,NaN,NaN,NaN,NaN,-21.0589927414712,NaN,NaN,-19.9686544648348,-19.9123542574228,-20.0725401844688,-20.1007734764958,-20.0658020128786,-20.1463690343252,-20.0592075742885,-20.0351923841873,NaN,-19.6874778601447,-19.5069565800833,-19.3758038078096,-19.195023354491,-19.1321438652561,-19.0696442375067,-18.9855353602011,-18.8107114139897,-18.6467855189231,-18.5703237032589,-18.5171775254971,-18.3365400156338,-18.2612400543256,-18.0777729825054,-17.9672572437357,-18.2015135982537,-18.3214602355509,-18.1776901255035,-19.0943569807615,NaN,-19.0021474433007,-18.922324194482,-19.0828184541945,-19.286819283784,-19.3529569977308,-19.3399194861515,-19.6601994513744,NaN,NaN,NaN,NaN,NaN,NaN,NaN,NaN,NaN,NaN,NaN,NaN,NaN,NaN,NaN,NaN,NaN,NaN,NaN,NaN,NaN,NaN
-19.9765838284056,-20.0772604480583,-20.0410626910769,-20.6912749968546,-20.5757072944593,-20.9632992627899,-21.3564087130098,-21.4417237414625,-21.5289979163361,-21.7459509941335,-21.8492450433923,-22.3432163934712,-22.0779126748738,-21.8086842148106,-21.4362873770628,-20.7214347170681,-20.3069888050434,-19.884387513543,-20.0300040831504,-20.1408203875006,-20.148947310011,-20.2630576788539,-19.6832715335107,-18.7885277026186,-17.8436807898174,-17.4987928149396,-17.5101221326134,-17.3310995083642,-17.7515153278965,-17.9964023429872,-18.1795886462412,-18.0529665876422,NaN,NaN,NaN,NaN,NaN,NaN,NaN,NaN,NaN,NaN,-19.5170958435495,-18.5098977724256,NaN,-18.8659155838302,-17.7302850206539,-19.2221960261884,NaN,-20.1183523261698,NaN,NaN,NaN,NaN,NaN,NaN,NaN,NaN,NaN,NaN,NaN,NaN,-19.569793420867,-19.2858436359205,NaN,NaN,NaN,NaN,NaN,NaN,NaN,NaN,NaN,NaN,NaN,NaN,NaN,NaN,NaN,NaN,NaN,NaN,NaN,NaN,NaN,NaN,NaN,NaN,NaN,NaN,NaN,NaN,NaN,NaN,NaN,NaN,NaN,NaN,NaN,NaN,NaN,NaN,NaN,NaN,NaN,NaN,NaN,NaN,NaN,NaN,NaN,NaN,NaN,NaN,NaN,NaN,NaN,-19.8280183882376,-19.9960249022963,-20.1391178869667,-20.1156096362929,-20.1359634791297,-20.167630890037,NaN,NaN,-19.6414481720186,-19.3488571654981,-19.2611011995607,-19.2106075793986,-19.0734634844045,-18.9918601257697,-18.9131728690937,-18.7747101895238,-18.6243666234039,-18.584292286057,-18.3139940169994,-18.0725280292796,-18.0059457756163,-17.9648648548865,-17.9718733362649,-18.065501772941,-18.0300099766324,-17.5934745391938,NaN,NaN,-19.2855335304172,-19.211165037664,-19.2264407892274,-19.2452404531812,-19.5097469971974,NaN,NaN,NaN,NaN,NaN,NaN,NaN,NaN,NaN,NaN,NaN,NaN,NaN,NaN,NaN,NaN,NaN,NaN,NaN,NaN,NaN,NaN,NaN,NaN
-19.982967524045,-20.1061177911988,-20.1431087792602,-20.8299083476813,-20.7394786012561,-21.1788646257324,-21.4625234008384,-21.5429911454176,-21.5083408197899,-21.9379427081516,-22.0381325311772,-22.4205320340111,-22.058633229665,-21.7346662713347,-21.2457533291981,-20.7012813043041,-20.3030980989842,-19.8899875215346,-19.9940290319375,-20.0152086562294,-20.0354853298284,-20.0234117122407,-19.4586606100877,-18.5428211560872,-17.6121556963371,-17.4560530922443,-17.9852810282068,-17.6580593954163,-18.1944104484033,-18.1200353234149,-18.7384901108254,NaN,NaN,NaN,NaN,NaN,NaN,NaN,NaN,NaN,NaN,NaN,NaN,NaN,NaN,NaN,NaN,NaN,NaN,-20.6497588142477,NaN,NaN,NaN,NaN,NaN,NaN,NaN,NaN,NaN,NaN,NaN,NaN,-19.7475817618882,-19.487690619442,NaN,NaN,NaN,NaN,NaN,NaN,NaN,NaN,NaN,NaN,NaN,NaN,NaN,NaN,NaN,NaN,NaN,NaN,NaN,NaN,NaN,NaN,NaN,NaN,NaN,NaN,NaN,NaN,NaN,NaN,NaN,NaN,NaN,NaN,NaN,NaN,NaN,NaN,NaN,NaN,NaN,NaN,NaN,NaN,NaN,NaN,NaN,NaN,NaN,NaN,NaN,NaN,NaN,-19.6241600981457,-19.8904951025856,-20.0739360964754,-20.0473642989821,-20.1591423701242,NaN,NaN,-19.9005701615477,-19.5587844859888,-19.3868611986962,-19.2944982470315,-19.1496721017886,-19.0675654047606,-19.020389919369,-18.8924233667685,-18.743465925438,-18.5322982219362,-18.2685593468624,-18.0233828975723,-17.7707017858221,-17.6417539141082,-17.6627490099608,-17.7892119340837,-17.9724862125977,-18.2319164623864,-17.186019568558,NaN,NaN,NaN,-19.3738366786249,-19.4310070890553,-19.4469631697694,-19.532154342928,NaN,NaN,NaN,NaN,NaN,NaN,NaN,NaN,NaN,NaN,NaN,NaN,NaN,NaN,NaN,NaN,NaN,NaN,NaN,NaN,NaN,NaN,NaN,NaN
-19.9308159168074,-20.1461698844255,-20.2339203194472,-21.0607648703098,-21.0216824333102,-21.4213012186474,-21.6146527415609,-21.6158981488952,-21.5365434043013,-22.0445663764335,-22.1759055254974,-22.4014108924433,-21.973170534362,-21.7003498763871,-21.2686514128754,-20.7344699606758,-20.3520695555781,-19.7959019109362,-19.8109479708092,-19.8494613817036,-19.938470196145,-19.7768799076661,-19.1936911308044,-18.0601613427742,-17.4882125369993,-17.6921721159369,-18.1037827240607,-17.5029551755778,NaN,NaN,NaN,NaN,NaN,NaN,NaN,NaN,NaN,NaN,NaN,NaN,NaN,NaN,NaN,NaN,NaN,NaN,NaN,NaN,-20.2070253868166,-20.3177164911354,NaN,NaN,NaN,NaN,NaN,NaN,NaN,NaN,NaN,NaN,NaN,NaN,NaN,-19.0982952292438,-18.5047126254152,NaN,NaN,NaN,NaN,NaN,NaN,NaN,NaN,NaN,NaN,NaN,NaN,NaN,NaN,NaN,NaN,NaN,NaN,NaN,NaN,NaN,NaN,NaN,NaN,NaN,NaN,NaN,NaN,NaN,NaN,NaN,NaN,NaN,NaN,NaN,NaN,NaN,NaN,NaN,NaN,NaN,NaN,NaN,NaN,NaN,NaN,NaN,NaN,NaN,NaN,NaN,-19.4796279039164,-19.7231981148203,-19.9020278721159,-20.0814487451067,-20.0590516026933,NaN,NaN,-19.9214484989822,-19.7747979949335,-19.5484919642228,-19.4114728955215,-19.2991739977603,-19.1620497601878,-19.1032733412072,-18.9751252276592,-18.8654070775864,-18.6472344487163,-18.4941304732809,-18.3038358154386,-17.9951712794854,-17.6452207888765,-17.503574793184,-17.5210695228693,-17.4686343089982,-17.5229978494505,NaN,-16.4457428789003,NaN,NaN,NaN,NaN,NaN,-19.7321212259562,-19.8943222363223,NaN,NaN,NaN,NaN,NaN,NaN,NaN,NaN,NaN,NaN,NaN,NaN,NaN,NaN,NaN,NaN,NaN,NaN,NaN,NaN,NaN,NaN,NaN,NaN
-19.9447232109279,-20.200777566913,-20.2976674479117,-21.0690325010614,-21.021232224208,-21.2406394709562,-21.5374615701575,-21.5679048393743,-21.5555787119948,-22.0790522738653,-22.2146084760147,-22.325002723505,-22.1301633031356,-21.678578443066,-21.1566337844457,-20.566608531584,-20.2135421078942,-19.6616131264257,-19.7524498034114,-19.7736614152378,-19.7793277915624,-19.5495220227335,-18.8349634446769,-17.608423021656,-17.6230680582647,-17.8623948531129,-17.8669416199667,NaN,NaN,NaN,-19.4529715359599,NaN,NaN,NaN,NaN,NaN,NaN,NaN,NaN,NaN,NaN,NaN,NaN,NaN,NaN,NaN,NaN,-19.7026973592889,-20.4569690880091,NaN,NaN,NaN,NaN,NaN,NaN,NaN,NaN,NaN,NaN,NaN,NaN,NaN,NaN,NaN,-18.7328472985729,NaN,NaN,NaN,NaN,NaN,NaN,NaN,NaN,NaN,NaN,NaN,NaN,NaN,NaN,NaN,NaN,NaN,NaN,NaN,NaN,NaN,NaN,NaN,NaN,NaN,NaN,NaN,NaN,NaN,NaN,NaN,NaN,NaN,NaN,NaN,NaN,NaN,NaN,NaN,NaN,NaN,NaN,NaN,NaN,NaN,NaN,NaN,NaN,NaN,NaN,-19.3766957357221,-19.5733635748966,-19.8437676746236,NaN,-20.0510983990795,NaN,NaN,-19.7593826735647,-19.7497042713425,-19.6654269665678,-19.6019222933625,-19.5044138634362,-19.3607154203849,-19.1908587917931,-19.0574290397682,-18.8965514691451,-18.7255319358822,-18.5093978996207,-18.2898489012682,-18.0030246879869,-17.4312402502835,-16.7552407079669,-16.1243940311561,-15.859705867259,-15.7861388609164,-15.2875982441388,-14.8553564307472,-14.804230780893,-15.6022327681453,NaN,NaN,NaN,NaN,NaN,NaN,NaN,NaN,NaN,NaN,NaN,NaN,NaN,NaN,NaN,NaN,NaN,NaN,NaN,-0.487404199998537,-0.0889343088255714,NaN,NaN,NaN,NaN,NaN,NaN,NaN,NaN,NaN
-19.9567046778306,-20.3883687635027,-20.4876575803177,-21.1149506449676,-20.8778528629118,-21.215874320076,-21.4592716566279,-21.4566917472891,-21.6289087168525,-22.096671542821,-22.4122005846348,-22.4458171697964,-22.009331275609,-21.4667824874278,-21.0542007608285,-20.6192916292719,-20.0769550525979,-19.5476266913124,-19.7028101429173,-19.6287048289524,-19.4496847683836,-19.1680466165985,-18.1725324565244,-17.4395623962004,-17.8193080941735,-18.1309240287768,-18.6240006340698,-20.5014752567979,-19.9891265028453,-19.9127840682351,-18.8431439361115,-18.3874561282666,NaN,NaN,NaN,NaN,NaN,NaN,NaN,NaN,NaN,NaN,NaN,NaN,NaN,NaN,NaN,NaN,NaN,NaN,NaN,NaN,NaN,NaN,NaN,NaN,NaN,NaN,NaN,NaN,NaN,NaN,NaN,NaN,-18.275434942971,-18.1359703442898,NaN,NaN,NaN,NaN,NaN,NaN,NaN,NaN,NaN,NaN,NaN,NaN,NaN,NaN,NaN,NaN,NaN,NaN,NaN,NaN,NaN,NaN,NaN,NaN,NaN,NaN,NaN,NaN,NaN,NaN,NaN,NaN,NaN,NaN,NaN,NaN,NaN,NaN,NaN,NaN,NaN,NaN,NaN,NaN,NaN,NaN,NaN,NaN,-19.3828813623616,-19.5168138974863,-19.5423275821229,-19.6367380736069,-19.5685648417832,-19.7540191011502,-19.7817362594675,-19.6886672013701,-19.6949885976398,-19.6924851506051,-19.7157256312402,-19.7035467145488,-19.5327026931498,-19.4225958862287,-19.2361088625651,-19.0361924416846,-18.8256123506048,-18.5396581831102,-18.1936435447421,-17.7986204146035,-17.1416700474165,-16.2649222644382,-15.3857788417288,-14.9775507841319,-14.9788650039587,-14.8936730750289,-13.8963432869367,-13.5618536041812,-13.3314155290543,-13.7033595534156,-13.4662967381623,NaN,NaN,NaN,NaN,NaN,NaN,NaN,NaN,NaN,NaN,NaN,NaN,NaN,NaN,NaN,NaN,NaN,-1.1927165606528,-0.801726736892192,0.82266742975861,1.75855938221957,1.78613585326372,2.63041511239442,NaN,NaN,NaN,NaN,NaN,NaN
-19.9720712275258,-20.4706206943875,-20.5579163659801,-21.159678548575,-20.7881624990313,-21.2092048957003,-21.3244730059592,-21.2909710108386,-21.5535350785324,-21.9796972981499,-22.3031004973434,-22.1466134446695,-21.7841147755068,-21.2326797068205,-20.9068353540625,-20.4573246646647,-19.968628564385,-19.6337828280057,-19.7012217601636,-19.4820450668701,-19.0287728446041,-18.6530192564819,-18.053733584014,-17.5858175902147,-18.0721769014845,-18.3783639562216,-17.9251435869943,-17.347783926748,NaN,-19.9245791585335,NaN,-18.0941536338826,-19.1775984732374,NaN,NaN,NaN,NaN,NaN,NaN,NaN,NaN,NaN,NaN,NaN,NaN,NaN,NaN,NaN,NaN,NaN,NaN,NaN,NaN,NaN,NaN,NaN,NaN,NaN,NaN,NaN,NaN,NaN,NaN,NaN,NaN,-18.7240840155208,NaN,NaN,NaN,NaN,NaN,NaN,NaN,NaN,NaN,NaN,NaN,NaN,NaN,NaN,NaN,NaN,NaN,NaN,NaN,NaN,NaN,NaN,NaN,NaN,NaN,NaN,NaN,NaN,NaN,NaN,NaN,NaN,NaN,NaN,NaN,NaN,NaN,NaN,NaN,NaN,NaN,NaN,NaN,-19.4400171964687,-19.3585621277384,NaN,-19.468859709088,-19.462089630279,-19.4598214092352,NaN,NaN,NaN,NaN,NaN,NaN,-19.431503995451,-19.5082867004373,-19.6777262611724,-19.7431957798487,-19.7441328664223,-19.6280696732603,-19.4670573562096,-19.2738036937798,-19.0363024256348,-18.7794599273911,-18.4885993104779,-18.0319319807614,-17.5309068069895,-16.8305237353781,-16.1580985248685,-15.6200261553369,-15.6355519140576,-16.1674583356149,-16.8957592482079,NaN,NaN,NaN,NaN,-13.7396059780247,-13.6685627681934,-13.6882439677644,-13.2297529054888,NaN,NaN,NaN,NaN,NaN,NaN,NaN,NaN,NaN,NaN,NaN,NaN,NaN,NaN,-1.98060247941009,NaN,NaN,NaN,NaN,2.7237149426411,3.26801720165042,NaN,NaN,NaN,NaN,NaN
-19.955933041978,-20.5421778800492,-20.6637580613446,-21.0933200740723,-20.8026919465395,-21.2690094039345,-21.4411534859826,-21.2501682059761,-21.4839600163558,-21.9825491672059,-22.2152075293564,-21.8491282216731,-21.4406762159732,-20.7927494010901,-20.5216549998728,-20.3012889191344,-19.9317689497498,-19.6372404982497,-19.5122488200632,-19.0563051242946,-18.5083343210342,-18.3174381124541,-18.0066802577369,-17.5275676436622,-18.1246209221134,NaN,-18.6685710194195,-17.7478013207067,NaN,-19.6443780587292,-19.3277464082942,NaN,-18.5583562914254,-18.2425714729966,NaN,NaN,NaN,NaN,NaN,NaN,NaN,NaN,NaN,NaN,NaN,NaN,NaN,NaN,NaN,NaN,NaN,NaN,NaN,NaN,NaN,NaN,NaN,NaN,NaN,NaN,NaN,NaN,NaN,NaN,-18.9017113209617,-18.8613852156651,NaN,NaN,NaN,NaN,NaN,NaN,NaN,NaN,NaN,NaN,NaN,NaN,NaN,NaN,NaN,NaN,NaN,NaN,NaN,NaN,NaN,NaN,NaN,NaN,NaN,NaN,NaN,NaN,NaN,NaN,NaN,NaN,NaN,NaN,NaN,NaN,NaN,NaN,NaN,NaN,NaN,NaN,-19.3833268857605,-19.3712693081857,-19.4616863496631,-19.4336683050763,-19.4471629159724,NaN,NaN,NaN,NaN,-19.259959674258,-19.172254985056,-19.1983382347138,-19.1364153172618,-19.367547055761,-19.3378038189113,-19.4802343246979,-19.5120400277178,-19.6305611450627,-19.4994083579535,-19.3941102434568,-19.2069770366152,-18.965063377601,-18.7032723075948,-18.4387634977828,-18.0149947440149,-17.5454438916098,-16.9043902235418,-16.2404513517546,-15.9279212232017,-16.1109804274941,-16.7013655911413,-17.1441767523846,NaN,NaN,NaN,NaN,NaN,NaN,NaN,-13.0909596681213,-12.5101937641125,NaN,NaN,NaN,NaN,NaN,NaN,NaN,NaN,-7.12244156953119,-6.30615653418062,-5.03488533057151,-4.15423043035315,-3.28109768553895,-2.55994138242124,NaN,NaN,NaN,NaN,NaN,NaN,NaN,NaN,NaN,NaN,NaN
-20.0075093886912,-20.5481911418519,-20.6422756735291,-20.9051179622881,-20.7385203219856,-21.2417499774133,-21.4268768971396,-21.1575637046116,-21.4136692827535,-21.9196770040805,-21.9401180365894,-21.6099720360033,-21.0876621428428,-20.4739220639062,-20.2189222926273,-20.1212227468902,-19.7913332733227,-19.3819390440786,-19.1019669267298,-18.6291131792278,-18.0954781919769,-18.0485276974264,-17.7504992689214,-17.4377406885633,-18.2544968289396,NaN,-17.956030378243,-17.9794581401567,-18.835428265684,NaN,-19.2158892917544,NaN,NaN,-18.7607926627862,NaN,NaN,NaN,NaN,NaN,NaN,NaN,NaN,NaN,NaN,NaN,NaN,NaN,NaN,NaN,NaN,NaN,NaN,NaN,NaN,NaN,NaN,NaN,NaN,NaN,NaN,NaN,NaN,NaN,NaN,-19.6424860622245,NaN,NaN,NaN,NaN,NaN,NaN,NaN,NaN,NaN,NaN,NaN,NaN,NaN,NaN,NaN,NaN,NaN,NaN,NaN,NaN,NaN,NaN,NaN,NaN,NaN,NaN,NaN,NaN,NaN,NaN,NaN,NaN,NaN,NaN,NaN,NaN,NaN,NaN,NaN,NaN,NaN,NaN,-19.1815005213541,-19.2285701750309,-19.2097632785889,-19.222001634097,-19.0583131503041,NaN,NaN,NaN,-19.1801556725292,-19.1582525615872,-19.2154317655861,-19.1210404519049,-19.1498477692175,-19.1902521150348,-19.2870532349623,-19.2794934509398,-19.3741831189478,-19.3689596410407,-19.4407998681004,-19.3655997461698,-19.2836461894258,-19.2171827650022,-18.9750952752972,-18.7681934902602,-18.5485217607712,-18.0821890581614,-17.6131741805335,-17.0263160380106,-16.4664283951714,-16.2340341326128,-16.4844909783584,-16.8096255868696,-17.3761273794672,NaN,NaN,NaN,NaN,NaN,NaN,NaN,NaN,-12.2874929672882,-11.7969844128918,NaN,NaN,NaN,-9.45564855530984,-9.19426108906345,-8.89340708410271,-8.41544470794986,-8.17247148583249,NaN,NaN,NaN,NaN,NaN,NaN,NaN,NaN,NaN,NaN,NaN,NaN,NaN,NaN,NaN,NaN
-19.8613293839125,-20.3987862760387,-20.6330670578765,-20.7111270597322,-20.8929368822832,-21.3106293453162,-21.4909297450788,-21.1324092457316,-21.4962869649739,-21.9278095569426,-21.8933893948238,-21.3445110569419,-20.8208399126011,-20.1104105626467,-19.8621452696873,-19.8950455677768,-19.4451928840327,-19.0023948733298,-18.6366223159534,-18.3001269990399,-17.7566734637201,-17.665922993119,-17.8557677941793,-17.6005655209092,-18.38054425848,-18.030752561262,-18.1696108326411,NaN,-19.4866903867439,NaN,-19.6327185963913,NaN,NaN,-19.1903868311613,NaN,NaN,NaN,NaN,NaN,NaN,NaN,NaN,NaN,NaN,NaN,NaN,NaN,NaN,NaN,NaN,NaN,NaN,NaN,NaN,NaN,NaN,NaN,NaN,NaN,NaN,NaN,NaN,NaN,NaN,-20.0336136693023,NaN,NaN,NaN,NaN,NaN,NaN,NaN,NaN,NaN,NaN,NaN,NaN,NaN,NaN,NaN,NaN,NaN,NaN,NaN,NaN,NaN,NaN,NaN,NaN,NaN,NaN,NaN,NaN,NaN,NaN,NaN,NaN,NaN,NaN,NaN,NaN,NaN,NaN,NaN,NaN,NaN,NaN,NaN,-19.2195468637678,-19.1896116341228,-19.1695705389579,-19.1949089957064,-19.1410577146372,-19.0917313493055,-19.06612440896,-19.0533340425341,-19.0937575207328,-19.1426046299489,-19.2219559982005,-19.2880083441956,-19.2843459155913,-19.3432185048362,-19.3186975604083,-19.3066645860752,-19.2533951856602,-19.285224211883,-19.2645160803695,-19.2754242510401,-19.2352229049147,-19.0693139925664,-18.8812482488523,-18.62456911249,-18.2280835911048,-17.7321101809105,-17.2265189507508,-16.778599292993,-16.5568949528779,-16.7501376070099,-17.1234872979159,-17.9203697338559,NaN,NaN,NaN,NaN,NaN,NaN,NaN,NaN,NaN,-11.517745304901,-11.1136745185235,-10.7417338656674,-10.2843887399574,-9.8186214469855,NaN,NaN,-7.95929791158648,-7.48096247375872,NaN,NaN,NaN,NaN,NaN,NaN,NaN,NaN,NaN,NaN,NaN,NaN,NaN,NaN,NaN,NaN
-19.6862385594491,-20.245229758538,-20.536537862301,-20.7014479690309,-20.9295437262426,-21.3889994748567,-21.5671928170222,-21.3077939668456,-21.5144245149079,-21.8153980472385,-21.82989966695,-21.039984098958,-20.5588159382822,-19.8036137378708,-19.7739791693137,-19.7091371189342,-19.2620035349385,-18.7887284098674,-18.2940095609811,-17.7592983674809,-17.3769535836132,-17.4299334988914,-17.8203093341646,-17.6743249639812,-18.1313743968709,NaN,-18.7979807743785,NaN,-19.0132976033212,-18.7389068072248,-19.3153814112665,NaN,NaN,NaN,NaN,NaN,NaN,NaN,NaN,NaN,NaN,NaN,NaN,NaN,NaN,NaN,NaN,NaN,NaN,NaN,NaN,NaN,NaN,NaN,NaN,NaN,NaN,NaN,NaN,NaN,NaN,NaN,NaN,NaN,-19.6056310219611,NaN,NaN,NaN,NaN,NaN,NaN,NaN,NaN,NaN,NaN,NaN,NaN,NaN,NaN,NaN,NaN,NaN,NaN,NaN,NaN,NaN,NaN,NaN,NaN,NaN,NaN,NaN,NaN,NaN,NaN,NaN,NaN,NaN,NaN,NaN,NaN,NaN,NaN,NaN,NaN,NaN,-18.9028450558168,-18.8132278086488,-18.9310530140581,-18.8798490300564,-18.8587030262438,-18.9002842359618,-18.968182680473,-18.9897102149912,-19.0049140275952,-18.9845428185217,-19.0734062561873,-19.1339663139889,-19.1615412905695,-19.2265850800221,-19.2673987980402,-19.347817242722,-19.3519575499614,-19.29202568277,-19.2324277493871,-19.1607471121744,-19.1213941787485,-19.1063726406016,-19.0833753402053,-19.0757926173367,-18.9768535886984,-18.7466731081586,-18.4132245392664,-18.0135807531922,-17.5702456776804,-17.3038907091544,-17.1483002765755,-17.1637545154734,-17.5434484264617,NaN,NaN,NaN,NaN,NaN,NaN,NaN,NaN,NaN,NaN,NaN,NaN,NaN,NaN,NaN,NaN,NaN,NaN,NaN,NaN,NaN,NaN,NaN,NaN,NaN,NaN,NaN,NaN,NaN,NaN,NaN,NaN,NaN,NaN,NaN
-19.5116222010917,-20.0110029261552,-20.2778533244038,-20.7503298182432,-20.8968575275478,-21.3984923808507,-21.6850888459933,-21.5149321636378,-21.4004005620146,-21.6167643980655,-21.573985960428,-20.8837536874596,-20.3894702546311,-19.6621570419128,-19.4719432864297,-19.5306782668502,-18.8492686152499,-18.3897273564153,-18.0755985278223,-17.6161543656316,-17.5231420095917,-17.762481655909,-18.3690931696125,NaN,-18.2665634710881,NaN,-19.0535697945015,-19.0422140215358,-19.0940372082242,NaN,NaN,NaN,NaN,NaN,NaN,NaN,NaN,NaN,NaN,NaN,NaN,NaN,NaN,NaN,NaN,NaN,NaN,NaN,NaN,NaN,NaN,NaN,NaN,NaN,NaN,NaN,NaN,NaN,NaN,NaN,NaN,NaN,NaN,NaN,NaN,NaN,NaN,NaN,NaN,NaN,NaN,NaN,NaN,NaN,NaN,NaN,NaN,NaN,NaN,NaN,NaN,NaN,NaN,NaN,NaN,NaN,NaN,NaN,NaN,NaN,NaN,NaN,NaN,NaN,NaN,NaN,-19.3500550456305,-19.3470808143409,-19.3278486312675,-19.2618818703596,-19.1750247798809,-19.0907095799592,-18.9463736242277,-18.9160887677269,-18.814634453125,-18.803696904178,-18.6995019614896,-18.6594550141288,-18.7227659122149,-18.7775630779354,-18.8440244903971,-18.9025810601727,-18.9031055305609,-18.9474520702163,-18.9748071146739,-19.0251398606063,-19.0852211275034,-19.0990426790347,-19.1420608005653,-19.1546335757365,-19.161444028885,-19.1978030499201,-19.3217166289846,-19.2949013722018,-19.2523052082087,-19.1872550419786,-19.1542885776134,-19.0790660134003,-18.9942280166595,-18.9441243321032,-18.930668658956,-18.7817307772733,-18.5301568778316,-18.2223384190701,-17.9333105263037,-17.6928185363246,-17.50757142149,-17.3984660876295,NaN,NaN,NaN,NaN,NaN,NaN,NaN,NaN,NaN,NaN,NaN,NaN,NaN,NaN,NaN,NaN,NaN,NaN,NaN,NaN,NaN,NaN,NaN,NaN,NaN,NaN,NaN,NaN,NaN,NaN,NaN,NaN,NaN,NaN,NaN,NaN
-19.2342993457645,-19.7800461031712,-20.204860268416,-20.74541075791,-20.8673514145151,-21.2878696735273,-21.7092455154041,-21.7021710402079,-21.2385373025184,-21.2997888296026,-21.2700421842439,-20.8554438060479,-20.1941302098964,-19.558478351955,-19.2977143710691,-19.2562488117902,-18.5112997033381,-18.08513373243,-17.6790483350043,-17.196326099062,-17.3524167546024,NaN,NaN,NaN,-18.4636448213201,NaN,NaN,NaN,-20.0853506665702,-18.9386716664276,NaN,NaN,NaN,NaN,NaN,NaN,NaN,NaN,NaN,NaN,NaN,NaN,NaN,NaN,NaN,NaN,NaN,NaN,NaN,NaN,NaN,NaN,NaN,NaN,NaN,NaN,NaN,NaN,NaN,NaN,NaN,NaN,NaN,NaN,NaN,NaN,NaN,NaN,NaN,NaN,NaN,NaN,NaN,NaN,NaN,NaN,NaN,NaN,NaN,NaN,NaN,NaN,NaN,NaN,NaN,NaN,NaN,NaN,NaN,NaN,NaN,NaN,NaN,NaN,NaN,NaN,NaN,NaN,NaN,-19.0712950795668,-19.0440931703999,-18.9288569087706,-18.8427119112674,-18.7949971290504,-18.7224080017907,-18.7063446055097,-18.592912910088,-18.5594096198556,-18.6586090298508,-18.7640757880038,-18.7676708155805,-18.7902718206884,-18.8704878735915,-18.9292380559185,-18.9888123859163,-19.0391509586016,-19.0138120463695,-19.0101571481899,-19.0909771603402,-19.1156981042788,-19.150356377467,-19.171925326567,-19.2634770586839,-19.2789177832907,-19.208681198132,-19.1315357995869,-19.117509956078,-19.0320131015004,-18.9413445078856,-18.9171752197842,-18.8499148413028,-18.8459601085687,-18.649369931721,-18.4198819840645,-18.2564911592402,-17.9956261961583,-17.9152530446724,-17.5399242479367,-17.6323624601436,-17.8005537120686,-18.1872834612569,-18.254024491717,NaN,-18.6667410992255,-18.5949184386692,-18.9027459209021,NaN,NaN,NaN,NaN,NaN,NaN,NaN,NaN,NaN,NaN,NaN,NaN,NaN,NaN,NaN,NaN,NaN,NaN,NaN,NaN,NaN,NaN,NaN,NaN,NaN,NaN,NaN,NaN
-19.1103564978115,-19.7007401781586,-20.2097015544954,-20.5312289119007,-20.7882835536258,-21.3049649941911,-21.4864722583102,-21.4796531860632,-21.134020031823,-21.1621422595496,-21.2352566024965,-20.7292816246931,-19.9778192378461,-19.1711345593494,-19.0954916603325,-18.8952419705433,-17.9355359205376,-17.6076069446005,-17.2372406521764,-17.0021896112204,-17.0912453130298,NaN,NaN,-18.9679375557841,-18.6460998978719,-18.8399067283855,NaN,NaN,NaN,-18.6463826822951,NaN,NaN,NaN,NaN,NaN,NaN,NaN,NaN,NaN,NaN,NaN,NaN,NaN,NaN,NaN,NaN,NaN,NaN,NaN,NaN,NaN,NaN,NaN,NaN,NaN,NaN,NaN,NaN,NaN,NaN,NaN,NaN,NaN,NaN,NaN,NaN,NaN,NaN,NaN,NaN,NaN,NaN,NaN,NaN,NaN,NaN,NaN,NaN,NaN,NaN,NaN,NaN,NaN,NaN,NaN,NaN,NaN,NaN,NaN,NaN,NaN,NaN,-18.7469056269604,-18.7338127304165,-18.725642514766,-18.7314616559852,-18.7266073174931,-18.8798211875497,-18.8853322924216,-18.898169073772,-18.8286032478505,-18.8531406921041,-18.8463433228507,-18.7005852052339,-18.6048616143423,-18.5603107414708,-18.5081721584551,-18.4960792844594,-18.5277125647166,-18.640918633419,-18.7496120290919,-18.815991977618,-18.8243114675953,-18.89553889981,-18.943710266947,-18.9790724077498,-18.9624010355454,-19.0374957013719,-19.055194030151,-19.0919391364864,-19.1702068253668,-19.200213240635,-19.1143762491191,-19.0879418361021,-19.0602485103768,-19.0429936311336,-18.977849765703,-18.9543980241584,-18.8911139951662,-18.9014023904734,-18.8518497061786,-18.9248383466353,-18.7977811686113,-18.6279482366917,-18.5804738594454,-18.3206847228196,-18.2596194165206,-17.7987934793988,-18.0697269622233,-18.01300246913,-18.4056960813176,-18.693350048072,-18.7839827594992,-18.7924634514453,-18.7914883601837,NaN,NaN,NaN,NaN,NaN,NaN,NaN,NaN,NaN,NaN,NaN,NaN,NaN,NaN,NaN,NaN,NaN,NaN,NaN,NaN,NaN,NaN,NaN,NaN,NaN,NaN,NaN,NaN,NaN
-18.9330252939576,-19.4057403691488,-19.8737769311797,-20.3499605366248,-20.8063055169559,-21.2288244043743,-21.4190180035203,-21.4225814670618,-21.2609976980676,-21.2365201558884,-21.2417282624118,-20.6858113086753,-19.7727434628409,-19.1190705775242,-19.1874691589622,-18.2895213804338,-17.5163362572945,-17.5373286113111,-17.4240668236446,-16.5018914038595,-17.122633082228,NaN,NaN,-19.0632151117001,NaN,-19.1006826206376,NaN,NaN,NaN,-19.20042212748,NaN,NaN,NaN,NaN,NaN,NaN,NaN,NaN,NaN,NaN,NaN,NaN,NaN,NaN,NaN,NaN,NaN,NaN,NaN,NaN,NaN,NaN,NaN,NaN,NaN,NaN,NaN,NaN,NaN,NaN,NaN,NaN,NaN,NaN,NaN,NaN,NaN,NaN,NaN,NaN,NaN,NaN,NaN,NaN,NaN,NaN,NaN,NaN,NaN,NaN,NaN,NaN,NaN,NaN,NaN,NaN,NaN,NaN,NaN,-18.7352171897214,-18.8046063131147,-18.6637277717913,-18.7769823052861,-18.7415294568868,-18.769811181113,-18.681969272238,-18.6771803988581,-18.7224093515614,-18.6755797605229,-18.7714866646879,-18.7675204194712,-18.72512322134,-18.6257087823856,-18.5543755734586,-18.4673399561362,-18.4492601558547,-18.3658039971031,-18.3248625303302,-18.3115562816778,-18.4568364172854,-18.57427035919,-18.6869694926187,-18.7210272108521,-18.8520093377182,-18.9330406399213,-18.98168620438,-18.9802062293424,-18.9430229523472,-18.8799430080291,-18.9029509951698,-18.9992510807533,-19.0238632344477,-18.925180540792,-18.8748295669948,-18.8213177768977,-18.8348256805052,-18.7714445702855,-18.8209856970004,-18.7883009278449,-18.857325445153,-18.8331052311638,-18.8778059791359,-18.7954953380985,-18.7849752125437,-18.7018585434103,-18.5484746399446,-18.3698032929735,-18.116781189325,-18.2753679614653,-18.3053657326307,-18.5753986396479,NaN,NaN,NaN,NaN,NaN,NaN,NaN,NaN,NaN,NaN,NaN,NaN,NaN,NaN,NaN,NaN,NaN,NaN,NaN,NaN,NaN,NaN,NaN,NaN,NaN,NaN,NaN,NaN,NaN,NaN,NaN,NaN,NaN
-18.8102144483356,-19.0966547262694,-19.7237260096555,-20.0569238655247,-20.688869342002,-21.080818115754,-21.4300539415394,-21.3722878453004,-21.4143419608491,-21.0278839652117,-20.7789418224179,-20.1282634253221,-19.5823175132114,-18.6788305787269,-18.5392431386393,-17.2260190664393,-17.6015215693639,-17.3683305701505,-17.657932325475,-16.3559320618044,-17.4102467243863,NaN,NaN,-19.2274014911282,NaN,-19.3821388169091,-19.2988843190983,NaN,NaN,-19.3466515053052,NaN,NaN,NaN,NaN,NaN,NaN,NaN,NaN,NaN,NaN,NaN,NaN,NaN,NaN,NaN,NaN,NaN,NaN,NaN,NaN,NaN,NaN,NaN,NaN,NaN,NaN,NaN,NaN,NaN,NaN,NaN,NaN,NaN,NaN,NaN,NaN,NaN,NaN,NaN,NaN,NaN,NaN,NaN,NaN,NaN,NaN,NaN,NaN,NaN,NaN,NaN,NaN,-18.3394925502461,-18.5295490049502,NaN,NaN,-18.6524153881328,-18.6821731946444,-18.7708077403401,-18.7760335321489,-18.7628276178876,-18.7219451198287,-18.6934292693338,-18.7029506430515,-18.7326624644195,-18.7267306439674,-18.7655232254829,-18.7730766870195,-18.7537006181052,-18.7180673605974,-18.7026594973617,-18.6354841666461,-18.558885879097,-18.458001292228,-18.3873902100729,-18.3947013911947,-18.4183212952327,-18.4134900084322,-18.3803708925139,-18.4546763830844,-18.571957291352,-18.6700465437087,-18.7879747407576,-18.8631973769546,-18.9131633240405,-18.9479524262572,-19.0255063251866,-19.1027042519987,-19.0861359329845,-19.1266977832595,-19.1048142847256,-19.0584217051906,-19.0420587500907,-19.0447775007027,-19.0183843202591,-19.0370693744966,-19.0566267019071,-19.0969731960359,-19.1454932462705,-19.2562702883861,NaN,-19.0133848821056,NaN,NaN,NaN,-18.9312493348868,-18.8230453423232,-18.4922120106135,NaN,NaN,NaN,NaN,NaN,NaN,NaN,NaN,NaN,NaN,NaN,NaN,NaN,NaN,NaN,NaN,NaN,NaN,NaN,NaN,NaN,NaN,NaN,NaN,NaN,NaN,NaN,NaN,NaN,NaN,NaN,NaN,NaN,NaN,NaN,NaN
-18.6377673627921,-18.771694199773,-19.3841123912536,-19.7696791506533,-20.4433049584686,-20.8458889326081,-21.1737280308704,-21.2858484285559,-21.4947254669997,-20.9859013410745,-20.4637239625872,-20.229481317287,-19.9303522379848,-19.0432090395017,-19.0228304575361,NaN,-17.692445705035,-17.5260147440422,-17.7702462326778,NaN,-17.9328659057937,-17.7568843306759,-18.2671966850846,-19.0461197692618,NaN,NaN,-20.2641507164167,NaN,NaN,NaN,NaN,NaN,NaN,NaN,NaN,NaN,NaN,NaN,NaN,NaN,NaN,NaN,NaN,NaN,NaN,NaN,NaN,NaN,NaN,NaN,NaN,NaN,NaN,NaN,NaN,NaN,NaN,NaN,NaN,NaN,NaN,NaN,NaN,NaN,NaN,NaN,NaN,NaN,NaN,NaN,NaN,NaN,NaN,NaN,NaN,NaN,NaN,-18.207577424561,-18.243702823637,-18.2276599861201,-18.1848423114094,-18.2947159077667,-18.3240978168757,-18.4889794646699,-18.5387478989728,-18.5506287669185,-18.7348981071331,-18.7942169573481,-18.7672662710358,-18.734410192011,-18.6703655999063,-18.6061768171731,-18.6055105537654,-18.5965919165861,-18.6534374956265,-18.7034548983159,-18.8034767349911,-18.7541801165956,-18.7609077982318,-18.720456105577,-18.672219686914,-18.6217233703064,-18.5517006406774,-18.4072458328894,-18.3464444231798,-18.3335109940401,-18.4413088229209,-18.5260889050614,-18.516111073662,-18.6192087388881,-18.6754503173331,-18.7935015896021,-18.8568424054816,-18.948733662802,-19.0512967230614,-19.1734278015169,-19.2150988591962,-19.2650419536685,-19.2876673206672,-19.2864588084501,-19.2611607288151,-19.2163028918813,-19.2805972998983,-19.3199437378821,-19.2945922409181,-19.294132158477,-19.2511949561946,-19.2523675721295,-19.2530045091584,-19.3207399359098,-19.4147130780743,-19.1637634753204,-19.3040318588511,NaN,NaN,NaN,-18.9979121153049,-18.6325168166395,NaN,NaN,NaN,NaN,NaN,NaN,NaN,NaN,NaN,NaN,NaN,NaN,NaN,NaN,NaN,NaN,NaN,NaN,NaN,NaN,NaN,NaN,NaN,NaN,NaN,NaN,NaN,NaN,NaN,NaN,NaN,NaN,NaN,NaN,NaN,NaN
-18.5192846789557,-18.5959397588217,-19.0986316103124,-19.5506595112819,-20.264425112274,-20.7333531969932,-20.8027956363865,-21.1236387108568,-21.2839426104965,-20.8092325535476,-20.1140510397721,-20.0983467034922,-19.7082319626435,-18.9915098072309,-18.8439465835529,NaN,-17.9396575691646,-17.795332694074,NaN,NaN,-18.7371826236187,NaN,-18.7307856983253,-19.2065932456501,NaN,NaN,-21.597895298192,NaN,NaN,NaN,NaN,NaN,NaN,NaN,NaN,NaN,NaN,NaN,NaN,NaN,NaN,NaN,NaN,NaN,NaN,NaN,NaN,NaN,NaN,NaN,NaN,NaN,NaN,NaN,NaN,NaN,NaN,NaN,NaN,NaN,NaN,NaN,NaN,NaN,NaN,NaN,NaN,NaN,NaN,NaN,NaN,NaN,NaN,-18.0695190934937,-18.2186471598845,-18.2076085446458,-18.2415569839926,-18.3038915834234,-18.243359562413,-18.2688775474348,-18.2357530564156,-18.2211374344739,-18.297265208286,-18.3377788308003,-18.4016804868342,-18.4285720550884,-18.4980995441823,-18.5815052990942,-18.599908211802,-18.6601011663932,-18.6244436394466,-18.5854458880225,-18.5503500264444,-18.6684329788101,-18.7006180231816,-18.7521069689273,-18.7909145827777,-18.7288154689197,-18.7349816764145,-18.7294021091733,-18.6463526629364,-18.6748812906819,-18.6100038757741,-18.5167349196295,-18.5539743697716,-18.5278332737412,-18.6034321697998,-18.6880192513438,-18.8520722028823,-18.9487700402117,-18.9777419450857,-19.0782046866187,-19.0757971043985,-19.1738375896464,-19.2712465470741,-19.3001215661283,-19.2388847619767,-19.1926376927521,-19.2227331111415,-19.173825277246,-19.2512741618384,-19.249649823625,-19.2921286766143,-19.2828105990829,NaN,NaN,NaN,NaN,NaN,-19.4923735943423,-19.4913121700038,-19.4449575456412,-19.3636535829052,-19.407075003208,-19.5251451264219,NaN,-19.1686995302859,-18.8189480012599,-18.951531782694,NaN,NaN,NaN,NaN,NaN,NaN,NaN,NaN,NaN,NaN,NaN,NaN,NaN,NaN,NaN,NaN,NaN,NaN,NaN,NaN,NaN,NaN,NaN,NaN,NaN,NaN,NaN,NaN,NaN,NaN,NaN,NaN,NaN,NaN,NaN
-18.6079961491731,-18.5541411413242,-18.790490398164,-19.4619939067345,-20.0038097542829,-20.6011160338405,-20.6403658062152,-20.9247490430093,-21.1396890748935,-20.8767909488406,-20.2676735244708,-19.9508049318599,-19.7793037941104,-19.3603463889984,-19.1890328030934,NaN,-18.2259902292964,-18.3921817359255,NaN,-19.1009327929614,-18.4583396037467,NaN,NaN,-19.3877981310231,-19.840190280037,NaN,NaN,NaN,NaN,NaN,NaN,NaN,NaN,NaN,NaN,NaN,NaN,NaN,NaN,NaN,NaN,NaN,NaN,NaN,NaN,NaN,NaN,NaN,NaN,NaN,NaN,NaN,NaN,NaN,NaN,NaN,NaN,NaN,NaN,NaN,NaN,NaN,NaN,NaN,NaN,NaN,NaN,NaN,NaN,NaN,NaN,NaN,-18.2568690193881,-18.2921584899331,-18.3659113393417,-18.360859378575,-18.3742805771274,-18.3290942087634,-18.3250472479994,-18.2380529812856,-18.2358672045098,-18.2574515302456,-18.349896027103,-18.3913869132582,-18.4051857094795,-18.4852693589117,-18.5115964086453,-18.6284622033462,-18.6253608146772,-18.5894604012153,-18.576357771031,-18.5920900199189,-18.5645818925969,-18.6323567673335,-18.6690696109214,-18.6730010915131,-18.6996023936834,-18.6943444645406,-18.603149290005,-18.6123345334833,-18.5739675355356,-18.5732479501186,-18.5199878191815,-18.5114637060416,-18.4807119413423,-18.583398894806,-18.6902222002717,-18.826436732429,-18.9062940794079,-18.9289138993283,-18.9656963002348,-19.0376310783738,-18.9922261626165,-19.1091551732259,-19.0512151100401,-19.1199990254458,-19.0042597007215,-18.9658498479133,-18.9456513398161,-19.0088460529589,NaN,NaN,NaN,NaN,NaN,NaN,NaN,NaN,NaN,NaN,-19.4783632554351,-19.3754962781164,-19.4058032069246,-19.4714606298473,-19.4863777792059,-19.4524923601836,-19.3674581442749,-19.1284416118222,-19.1970824370695,NaN,NaN,NaN,NaN,NaN,NaN,NaN,NaN,NaN,NaN,NaN,NaN,NaN,NaN,NaN,NaN,NaN,NaN,NaN,NaN,NaN,NaN,NaN,NaN,NaN,NaN,NaN,NaN,NaN,NaN,NaN,NaN,NaN,NaN,NaN
-18.6261870272129,-18.5865176048093,-18.6598741880155,-19.329392016735,-19.8032640839914,-20.5672618903325,-20.8025795112722,-20.937307348376,-20.9749684892262,-20.7982853622538,-20.3490561876279,-20.0130074138723,-19.7933394239836,-19.5092256371647,-19.365497185495,NaN,-19.2481198689464,NaN,NaN,-20.2229232161093,NaN,NaN,NaN,NaN,NaN,NaN,NaN,NaN,NaN,NaN,NaN,NaN,NaN,NaN,NaN,NaN,NaN,NaN,NaN,NaN,NaN,NaN,NaN,NaN,NaN,NaN,NaN,NaN,NaN,NaN,NaN,NaN,NaN,NaN,NaN,NaN,NaN,NaN,NaN,NaN,NaN,NaN,NaN,NaN,NaN,NaN,-17.6819777339772,-17.9219927461892,-18.0058157994362,-18.1398366907719,-18.2813106746112,-18.1366187184622,-18.1159914958005,-18.156761752793,-18.3383014641462,-18.3421199673729,-18.3918704816892,-18.3343513680086,-18.2914049374321,-18.2152473631585,-18.274369349675,-18.3516012407549,-18.3677731969255,-18.3906235270643,-18.3765202122281,-18.4365372622528,-18.4358012509235,-18.477913362698,-18.4064203561873,NaN,NaN,NaN,NaN,NaN,NaN,NaN,NaN,-18.427685622952,-18.4008129730904,-18.4690608773789,-18.4757549097449,-18.4659326090684,-18.4204325089966,-18.4243801545121,-18.5757748167307,-18.5931632983414,-18.8397222052013,-18.750525921009,-19.0433642620262,-18.9365538580365,-18.9307281022378,-18.9409538218189,-18.9400016421683,-18.9859591226829,-18.9106456615872,-18.977689446415,-18.8942819738109,-18.9813026859086,NaN,NaN,NaN,NaN,NaN,NaN,NaN,NaN,NaN,NaN,NaN,-19.2834997651541,-19.5329942404097,NaN,-19.5667196599896,-19.7056801697345,NaN,NaN,-19.2505205236008,-19.0000786204172,-19.0970736762089,NaN,NaN,NaN,NaN,NaN,NaN,NaN,NaN,NaN,NaN,NaN,NaN,NaN,NaN,NaN,NaN,NaN,NaN,NaN,NaN,NaN,NaN,NaN,NaN,NaN,NaN,NaN,NaN,NaN,NaN,NaN,NaN,NaN,NaN,NaN
-18.6435129748673,-18.7732288345534,-18.7242408832566,-19.2782594479428,-19.8469369338654,-20.5958359624173,-20.9097214632413,-20.9608633623307,-20.8793143488662,-20.8313036792363,-20.3601739416222,-20.0729227832131,-19.7922533556714,-19.5175370706834,-19.5132721701684,NaN,NaN,NaN,NaN,-21.667017197006,NaN,NaN,NaN,NaN,NaN,NaN,NaN,NaN,NaN,NaN,NaN,NaN,NaN,NaN,NaN,NaN,NaN,NaN,NaN,NaN,NaN,NaN,NaN,NaN,NaN,NaN,NaN,NaN,NaN,NaN,NaN,NaN,NaN,NaN,NaN,NaN,NaN,NaN,NaN,NaN,NaN,NaN,NaN,NaN,NaN,NaN,-17.9058208825332,-18.0643474687186,NaN,NaN,-18.3595746936121,-18.3018190670585,-18.2422894711564,-18.3393460214477,-18.3720797585548,-18.3662955615143,-18.2725940476233,-18.3070154854935,-18.3106985408694,-18.3677488388037,-18.3447125413642,-18.395426333514,-18.4466493973021,-18.4232433996816,-18.3403227898855,-18.3007941707563,-18.1689062084205,NaN,NaN,NaN,NaN,NaN,NaN,NaN,-18.1742273675164,-18.1407972142975,-18.2901466216879,-18.3219237215321,-18.3101007641142,-18.3658286339117,-18.3468926164719,-18.3558586909513,-18.2418834813842,-18.2602327678237,-18.2751623223883,-18.2858790728284,NaN,-18.5847502710312,-18.7519868778975,-18.7955476095473,NaN,NaN,NaN,NaN,NaN,NaN,NaN,NaN,NaN,NaN,NaN,NaN,NaN,NaN,NaN,NaN,NaN,NaN,NaN,-19.4388200195351,-19.4823052910534,NaN,NaN,NaN,NaN,NaN,-19.3806503910303,-19.1381001827232,-19.1483332702964,NaN,NaN,NaN,NaN,NaN,NaN,NaN,NaN,NaN,NaN,NaN,NaN,NaN,NaN,NaN,NaN,NaN,NaN,NaN,NaN,NaN,NaN,NaN,NaN,NaN,NaN,NaN,NaN,NaN,NaN,NaN,NaN,NaN,NaN,NaN
-18.9279021340799,-19.056554862469,-18.9586564214197,-19.366903426874,-20.0034594322551,-20.745609955064,-20.9505712970114,-21.133594770958,-20.9222512790599,-20.8032699572141,-20.1706216396359,-19.7273880965216,-19.630336616707,-19.5739697347137,-19.7570065799899,NaN,NaN,NaN,NaN,NaN,NaN,NaN,NaN,NaN,NaN,NaN,NaN,NaN,NaN,NaN,NaN,NaN,NaN,NaN,NaN,NaN,NaN,NaN,NaN,NaN,NaN,NaN,NaN,NaN,NaN,NaN,NaN,NaN,NaN,NaN,NaN,NaN,NaN,NaN,NaN,NaN,NaN,NaN,NaN,NaN,NaN,NaN,NaN,-17.7831938031363,-17.770320240569,-17.7909251847985,-17.8593440301354,NaN,NaN,-18.3501664213337,-18.4110163536129,NaN,NaN,NaN,NaN,-18.3501976575451,-18.2592430831745,-18.2204739895456,-18.1535886810267,-18.1516547409547,-18.164562156683,-18.2969706033956,-18.3383616551291,-18.3353547461587,-18.271735777808,-18.2234050499553,NaN,NaN,NaN,-18.2420256115782,-18.1540485240815,-18.0834568461763,-18.1107636377089,-18.0997873706042,-18.2210035184294,-18.02065101558,NaN,NaN,NaN,-17.9963589127965,-18.051374825924,-18.1289590965528,-18.138893101829,-18.1408495290511,-18.2401027756604,-18.3135306604227,-18.3468248719412,-18.5616142509494,NaN,NaN,NaN,NaN,NaN,NaN,NaN,NaN,-17.1101345594976,-17.2274617085546,NaN,NaN,NaN,NaN,NaN,NaN,NaN,NaN,NaN,NaN,NaN,-19.3564640721632,-19.510560900946,-19.5496571144787,NaN,NaN,NaN,-19.5254648118361,-19.4280902030519,-19.2600261805246,NaN,NaN,NaN,NaN,NaN,NaN,NaN,NaN,NaN,NaN,NaN,NaN,NaN,NaN,NaN,NaN,NaN,NaN,NaN,NaN,NaN,NaN,NaN,NaN,NaN,NaN,NaN,NaN,NaN,NaN,NaN,NaN,NaN,NaN,NaN,NaN
-19.0836816230098,-19.2290120407483,-19.2321704961521,-19.3646031030384,-20.0481891249618,-20.6625703538766,-20.839323029553,-21.1281393080413,-20.8861116922789,-20.5654054003159,-20.0986593524462,-20.0244688451779,-20.0580234160817,-19.4668073410126,-19.3228641681239,NaN,NaN,NaN,NaN,NaN,NaN,NaN,NaN,NaN,NaN,NaN,NaN,NaN,NaN,NaN,NaN,NaN,NaN,NaN,NaN,NaN,NaN,NaN,NaN,NaN,NaN,NaN,NaN,NaN,NaN,NaN,NaN,NaN,NaN,NaN,NaN,NaN,NaN,NaN,NaN,NaN,NaN,NaN,NaN,NaN,NaN,NaN,-17.1935374027112,-17.6365629948565,NaN,NaN,NaN,NaN,-17.9726517894069,-18.3603037000616,NaN,NaN,NaN,-18.2537742488905,-18.3380249493362,-18.5288991863417,-18.3744826495084,-18.4009791245637,-18.2960725104196,-18.281904144398,-18.2405546255842,-18.3412788988306,-18.3912820989817,-18.332186502727,-18.351763127063,-18.2757882801719,-18.2471121786666,-18.1866883522541,-18.2401776510284,-18.2033872707577,-18.0869506476006,-17.9790355117289,-18.108246200625,-17.9598945916322,NaN,NaN,NaN,NaN,-18.0975505942031,-18.1059999132475,-18.1068372590281,-18.1459390157834,-18.1653381971038,-18.2501078305988,-18.2795046385525,-18.2687220284711,-18.1915570380077,NaN,NaN,NaN,NaN,NaN,NaN,NaN,NaN,-17.3456574245458,-17.3776450488919,NaN,NaN,NaN,NaN,NaN,NaN,NaN,NaN,NaN,NaN,NaN,NaN,NaN,NaN,-19.6370758671329,-19.6325577643665,-19.5463688422196,-19.578737792523,-19.582295814026,NaN,-19.3980365706519,-19.4316902864736,NaN,NaN,NaN,NaN,NaN,NaN,NaN,NaN,NaN,NaN,NaN,NaN,NaN,NaN,NaN,NaN,NaN,NaN,NaN,NaN,NaN,NaN,NaN,NaN,NaN,NaN,NaN,NaN,NaN,NaN,NaN,NaN,NaN,NaN,NaN
-19.1257626839591,-19.402831829252,-19.4421699793465,-19.5325010888367,-20.0813976201609,-20.6339709161484,-20.7458569426479,-20.8610171982342,-20.5882425471086,-20.0750157374766,-19.9987528055591,-19.9486164374152,-19.8588199458466,-19.6851341981521,-19.869067691781,NaN,NaN,NaN,NaN,NaN,NaN,NaN,NaN,NaN,NaN,NaN,NaN,NaN,NaN,NaN,NaN,NaN,NaN,NaN,NaN,NaN,NaN,NaN,NaN,NaN,NaN,NaN,NaN,NaN,NaN,NaN,NaN,NaN,NaN,NaN,NaN,NaN,NaN,NaN,NaN,NaN,NaN,NaN,NaN,NaN,NaN,NaN,-17.6474544708094,-17.6431436445883,NaN,NaN,NaN,-18.0489918419564,-18.2963344799797,-18.5105895689521,-18.5049747122633,-18.4686405605626,-18.4883077558727,-18.5090195247671,-18.5275605966771,-18.5313678207152,-18.3969535839432,-18.3271372293141,-18.3005309246557,-18.3236043699497,-18.2382027456097,-18.3145791100359,-18.2451126658475,-18.1797925240447,-18.1529551502338,-17.9459040396908,-17.8121609468239,-17.8271894595645,-17.8635501166806,-17.8737515114017,NaN,NaN,NaN,NaN,NaN,NaN,-17.8779116422954,-17.9640920872674,-18.1553562711775,-18.1416187320398,-18.0584877587988,-18.1402653865477,-18.1203993842423,-18.2583061396974,-18.1796551795459,NaN,NaN,NaN,NaN,NaN,NaN,NaN,NaN,NaN,NaN,-17.3634491168541,NaN,NaN,NaN,NaN,NaN,NaN,NaN,NaN,NaN,NaN,NaN,NaN,NaN,NaN,NaN,NaN,NaN,NaN,NaN,-19.6148584751112,-19.6842336116777,-19.565629245587,-19.6308085226992,NaN,NaN,NaN,NaN,NaN,NaN,NaN,NaN,NaN,NaN,NaN,NaN,NaN,NaN,NaN,NaN,NaN,NaN,NaN,NaN,NaN,NaN,NaN,NaN,NaN,NaN,NaN,NaN,NaN,NaN,NaN,NaN,NaN,NaN,NaN
-19.215699938292,-19.5419839363265,-19.6811517845865,-19.738941531775,-20.1997056848465,-20.7812158160302,-20.7218164717531,-20.6745897216045,-20.4176250727536,-20.106601818288,-19.8134957167559,-19.4984939009403,NaN,NaN,-19.367357279088,NaN,NaN,NaN,NaN,NaN,NaN,NaN,NaN,NaN,NaN,NaN,NaN,NaN,NaN,NaN,NaN,NaN,NaN,NaN,NaN,NaN,NaN,NaN,NaN,NaN,NaN,NaN,NaN,NaN,NaN,NaN,NaN,NaN,NaN,NaN,NaN,NaN,NaN,NaN,NaN,NaN,NaN,NaN,NaN,NaN,NaN,-17.4302549086919,-17.7277854986182,-17.9010101076573,-17.8301948266068,-17.9033033922638,-18.1030332446204,-18.1692600662619,-18.3474206997727,-18.5132340211015,-18.535940366424,-18.5217799981531,-18.5231004617592,-18.4701833237774,-18.4585043928789,-18.515661287228,-18.4999133956525,-18.3897062077165,-18.3767708156757,-18.3444758999373,-18.2260265309947,-18.1624989101149,-18.037089739825,-17.8374239461785,-17.6957207205203,-17.6240930131996,NaN,NaN,NaN,NaN,NaN,NaN,NaN,NaN,-17.8443987412496,-17.8518028406702,-17.9809901799399,-17.9805242925452,-18.0728224990837,-18.0820648624756,-18.1394805914054,-18.1752343680403,-18.1423855078103,-18.2329002678244,NaN,NaN,NaN,NaN,NaN,NaN,NaN,NaN,NaN,NaN,-17.5519865184208,-17.4650360567374,NaN,NaN,NaN,NaN,NaN,NaN,NaN,NaN,NaN,NaN,NaN,NaN,NaN,NaN,NaN,NaN,NaN,NaN,NaN,NaN,NaN,NaN,-19.4522045411194,-19.4255730993127,NaN,NaN,NaN,NaN,NaN,NaN,NaN,NaN,NaN,NaN,NaN,NaN,NaN,NaN,NaN,NaN,NaN,NaN,NaN,NaN,NaN,NaN,NaN,NaN,NaN,NaN,NaN,NaN,NaN,NaN,NaN,NaN,NaN,NaN
-19.2580591256404,-19.4978272770293,-19.6288520648434,-20.0388098264004,-20.4430347986705,-20.7796775126384,-20.707370863561,-20.6818225367315,-20.3799750376782,-19.5133163812491,-19.4231009709871,NaN,NaN,NaN,-19.1960822450296,-19.0966590463682,-19.0230489947658,NaN,NaN,NaN,NaN,NaN,NaN,NaN,NaN,NaN,NaN,NaN,NaN,NaN,NaN,NaN,NaN,NaN,NaN,NaN,NaN,NaN,NaN,NaN,NaN,NaN,NaN,NaN,NaN,NaN,NaN,NaN,NaN,NaN,NaN,NaN,NaN,NaN,NaN,NaN,NaN,NaN,NaN,NaN,NaN,-17.3171162146559,-17.753413144428,-18.0403872155214,-18.0837406685545,-18.1229951748775,-18.21042246279,-18.2177864146831,-18.312653883274,-18.408675064607,-18.3881544329195,-18.4415500749137,-18.5278283396427,-18.5854691758009,-18.5767705189279,-18.5128213813275,-18.4928553783425,-18.3672877798205,-18.3252403989044,-18.2006770810112,-18.0928964580732,-17.9559540979039,-17.793592991565,-17.516242719105,NaN,NaN,NaN,NaN,NaN,NaN,NaN,NaN,-17.8712643252499,-17.8613406587017,-17.8677230125461,-17.9203465866429,-17.9210458376608,-17.9768863956268,-18.0619706312744,-18.2339541613702,-18.2366975334794,-18.086654134037,-17.9599550537563,NaN,NaN,NaN,NaN,NaN,NaN,NaN,NaN,NaN,NaN,-17.8504779203386,-17.6213884714422,-17.5885720414804,-17.7586004369008,-17.7727624916026,-17.6331956972213,NaN,NaN,NaN,NaN,NaN,NaN,NaN,NaN,NaN,NaN,NaN,NaN,NaN,NaN,NaN,NaN,NaN,NaN,NaN,-19.5724450657366,-19.4773634773042,NaN,NaN,NaN,NaN,NaN,NaN,NaN,NaN,NaN,NaN,NaN,NaN,NaN,NaN,NaN,NaN,NaN,NaN,NaN,NaN,NaN,NaN,NaN,NaN,NaN,NaN,NaN,NaN,NaN,NaN,NaN,NaN,NaN,NaN
-19.3253989401014,-19.6468475976648,-19.721406225444,-20.2794263824213,-20.6500157416958,-20.7221510592157,-20.6669170969148,-20.5584598127888,-19.8885949530272,-19.1558139797204,NaN,NaN,NaN,NaN,-18.885564683879,NaN,-18.9910002566351,-18.3652823141626,-18.8662412632469,-19.077737558292,-19.4162451007554,NaN,NaN,NaN,NaN,NaN,NaN,NaN,NaN,NaN,NaN,NaN,NaN,NaN,NaN,NaN,NaN,NaN,NaN,NaN,NaN,NaN,NaN,NaN,NaN,NaN,NaN,NaN,NaN,NaN,NaN,NaN,NaN,NaN,NaN,NaN,NaN,NaN,-17.2920167921606,-17.7939290549622,-17.7292693143894,-18.0662627976301,-18.0338289645754,-17.9422329862635,-17.9546199676714,-18.1103619006634,-18.2056985943141,-18.1972784272582,-18.1424245291626,-18.1743335544449,-18.2583999200955,-18.2872055087376,-18.3343172085681,-18.3422239203367,-18.2835248134929,-18.2946902467284,-18.2462640348829,-18.1614874520846,-18.129733982397,-18.1455342016752,-18.0987971660784,-17.9322173963225,-17.6709973683559,NaN,NaN,NaN,NaN,NaN,NaN,NaN,-17.8088549100491,-17.8239446372947,-17.9691239353068,-17.8966207566494,-17.9332019646193,-17.9500065947199,-17.9879605874605,-18.059560143892,-18.1310669086045,-18.247800405912,-18.1289912220394,-18.1049686868366,NaN,NaN,NaN,NaN,NaN,NaN,NaN,NaN,NaN,NaN,-17.8174928196532,-17.7720638986715,NaN,NaN,NaN,NaN,-17.2554997656773,-17.4198686053813,-17.5560875244001,-17.6266813743881,-17.5404784476518,-17.5281361995422,NaN,NaN,NaN,NaN,NaN,NaN,NaN,NaN,NaN,NaN,NaN,NaN,NaN,NaN,-19.4892509682015,-19.489462528229,NaN,NaN,NaN,NaN,NaN,NaN,NaN,NaN,NaN,NaN,NaN,NaN,NaN,NaN,NaN,NaN,NaN,NaN,NaN,NaN,NaN,NaN,NaN,NaN,NaN,NaN,NaN,NaN,NaN,NaN,NaN,NaN,NaN,NaN
-19.4245044120174,-19.7568758200775,-19.6937069503388,-20.5005282848419,-20.6301012934283,-20.601537084944,-20.6330582034968,-20.7231139402231,-20.118099618659,NaN,NaN,NaN,NaN,-18.5626481191579,-18.7187174749735,-19.034059601437,-19.0895150343852,NaN,NaN,NaN,NaN,NaN,NaN,NaN,NaN,NaN,NaN,NaN,NaN,NaN,NaN,NaN,NaN,NaN,NaN,NaN,NaN,NaN,NaN,NaN,NaN,NaN,NaN,NaN,NaN,NaN,NaN,NaN,NaN,NaN,NaN,NaN,NaN,NaN,NaN,NaN,NaN,-17.5371365132857,-17.2544053275814,-17.5683984924841,NaN,-17.6355563854406,-18.1233285484507,-18.0807246747283,-18.0871849199618,-18.0859370552505,-18.128144776957,-18.1811529555722,-18.2096935572423,-18.1764773900036,-18.1727085654507,-18.197162235757,-18.175120844923,-18.0957290836759,-18.0975164927766,-18.1352858758588,-18.120135642192,-17.946327350898,-17.9361223536245,-17.9541520751787,-17.88720576628,-17.669252595457,NaN,NaN,NaN,NaN,NaN,NaN,NaN,-17.6543486644835,-17.7169299017013,-17.7316552041265,-17.8474374060474,-17.7474429512521,-17.8909101733308,-17.8729190539349,-17.8646106763945,NaN,NaN,NaN,NaN,-18.12047054534,NaN,NaN,NaN,NaN,NaN,NaN,NaN,NaN,NaN,NaN,-17.9338473766601,-17.8922863488157,-18.0656987569093,-17.6774514040593,NaN,NaN,NaN,NaN,NaN,NaN,NaN,-17.2577348690905,-17.3415121522412,-17.3842633281236,-17.3426717918109,NaN,NaN,NaN,NaN,NaN,NaN,NaN,NaN,NaN,NaN,NaN,NaN,-19.3549517935228,-19.3865170495804,-19.3858274994893,NaN,NaN,NaN,NaN,NaN,NaN,NaN,NaN,NaN,NaN,NaN,NaN,NaN,NaN,NaN,NaN,NaN,NaN,NaN,NaN,NaN,NaN,NaN,NaN,NaN,NaN,NaN,NaN,NaN,NaN,NaN,NaN
-19.5350451945109,-19.8963904306298,-19.6896613820935,-20.3900966564583,-20.4725203277875,-20.4988636034436,-20.8880985546255,-20.2428942489266,-20.0382279073914,NaN,NaN,NaN,NaN,-18.691773231591,NaN,-18.949005666727,NaN,NaN,NaN,NaN,NaN,NaN,NaN,NaN,NaN,NaN,NaN,NaN,NaN,NaN,NaN,NaN,NaN,NaN,NaN,NaN,NaN,NaN,NaN,NaN,NaN,NaN,NaN,NaN,NaN,NaN,NaN,NaN,NaN,NaN,NaN,NaN,NaN,NaN,NaN,NaN,NaN,NaN,NaN,NaN,NaN,NaN,-17.6893261555658,-17.914447539675,-17.9621553414713,-18.0508088475116,-18.1166529693162,-18.1591567526896,-18.1525664414239,-18.1450290642832,-18.1737505026557,-18.0469271072565,-17.8557819640794,-17.8224358991602,-17.8133527335988,-17.862848474856,-17.8606040168315,-17.6653247239333,NaN,NaN,NaN,NaN,NaN,NaN,NaN,NaN,NaN,NaN,-17.5528778710058,-17.684054213613,-17.6785489542699,-17.7642978563674,-17.7890448445964,-17.6820052012473,-17.7294916488413,-17.7822130978892,NaN,NaN,NaN,NaN,NaN,-18.1354672281585,-18.1266596905099,NaN,NaN,NaN,NaN,NaN,NaN,NaN,NaN,-18.0476083612056,-18.0959436585761,NaN,NaN,-17.4908698960488,-17.6182522304012,-17.4938479399905,NaN,NaN,NaN,NaN,NaN,NaN,NaN,NaN,-17.5444587255167,-17.5998676138776,NaN,NaN,NaN,NaN,NaN,NaN,NaN,NaN,NaN,NaN,NaN,NaN,NaN,NaN,NaN,NaN,NaN,NaN,NaN,NaN,NaN,NaN,NaN,NaN,NaN,NaN,NaN,NaN,NaN,NaN,NaN,NaN,NaN,NaN,NaN,NaN,NaN,NaN,NaN,NaN,NaN,NaN,NaN,NaN,NaN,NaN
-19.5650243517655,-19.8832032284038,-19.6210513057148,-20.3149685955281,-20.2181258518122,-20.3541435448905,-20.7728981280518,-20.4546805038411,NaN,NaN,NaN,NaN,NaN,-18.7389547281951,NaN,-18.9652033804952,-18.8759348776772,NaN,NaN,NaN,NaN,NaN,NaN,NaN,NaN,NaN,NaN,NaN,NaN,NaN,NaN,NaN,NaN,NaN,NaN,NaN,NaN,NaN,NaN,NaN,NaN,NaN,NaN,NaN,NaN,NaN,NaN,NaN,NaN,NaN,NaN,NaN,NaN,NaN,NaN,NaN,NaN,NaN,NaN,NaN,NaN,-17.4333246625741,-17.703630990206,-17.8031205298101,-17.9345733582612,-18.1135000985162,-18.2207472009122,-18.2625067520011,-18.2842094672891,-18.2528352007034,-18.2266614371607,-18.1152790108543,-17.9601492372537,-17.7040137553785,NaN,NaN,NaN,NaN,NaN,NaN,NaN,NaN,NaN,-17.6554988819593,-17.8516301350093,-17.6289179980869,-17.6116710539803,-17.5098769687456,-17.5785223052075,-17.666343024673,-17.632373644145,-17.7454961152638,-17.7451013953369,-17.5942515355561,NaN,-17.7725002669438,-17.3864686532297,NaN,NaN,NaN,NaN,NaN,-17.9969076424184,-18.0507820138985,NaN,NaN,NaN,NaN,NaN,NaN,-18.028061432785,-18.047101240069,NaN,NaN,NaN,NaN,NaN,-17.5308625099749,-17.551716867551,NaN,NaN,NaN,NaN,NaN,NaN,NaN,NaN,NaN,NaN,NaN,NaN,NaN,NaN,NaN,NaN,NaN,NaN,NaN,NaN,NaN,NaN,NaN,NaN,NaN,NaN,NaN,NaN,NaN,NaN,NaN,NaN,NaN,NaN,NaN,NaN,NaN,NaN,NaN,NaN,NaN,NaN,NaN,NaN,NaN,NaN,NaN,NaN,NaN,NaN,NaN,NaN,NaN,NaN,NaN
-19.5313836703797,-19.813354764279,-19.6206502521382,-20.1999801438193,-20.0217680169926,-20.3728762466114,-20.6240371529307,-20.456462750893,-19.5022143015831,NaN,NaN,NaN,NaN,-19.1449115146405,NaN,NaN,-18.8235498534137,-19.8147649731237,NaN,NaN,NaN,NaN,NaN,NaN,NaN,NaN,NaN,NaN,NaN,NaN,NaN,NaN,NaN,NaN,NaN,NaN,NaN,NaN,NaN,NaN,NaN,NaN,NaN,NaN,NaN,NaN,NaN,NaN,NaN,NaN,NaN,NaN,NaN,NaN,NaN,NaN,NaN,NaN,NaN,-17.6658718126014,-17.6029387387415,-17.7809486501563,-17.8194728351558,-17.7991124141615,-18.004147004838,-18.0725938972016,-18.2332136684356,-18.2668280354851,-18.3094172048878,-18.2277862960437,-18.1914581339705,-18.0920300251054,-17.9711343289837,-17.7699990812102,NaN,NaN,NaN,NaN,NaN,-17.8158811268148,-17.6187425647126,-17.715383527076,-17.5648218430808,-17.6020591429512,-17.6789348041099,-17.4989570168069,-17.4860256214142,-17.331735721609,-17.400838102126,-17.3569920705783,-17.4325683601517,NaN,-17.5958689471869,-17.8298738685779,-17.6679297165719,-17.7468470344813,-17.6820579235367,NaN,NaN,NaN,-17.7998656762232,NaN,NaN,-17.9318916339678,-18.0950852356801,-17.9236451956465,-18.0468552158196,NaN,-17.9441944273366,-17.9938993688073,-18.0826106541746,NaN,NaN,NaN,NaN,NaN,NaN,NaN,-17.5147505712368,NaN,NaN,NaN,NaN,NaN,NaN,NaN,NaN,NaN,NaN,NaN,NaN,NaN,NaN,NaN,NaN,NaN,NaN,NaN,NaN,NaN,NaN,NaN,NaN,NaN,NaN,NaN,NaN,NaN,NaN,NaN,NaN,NaN,NaN,NaN,NaN,NaN,NaN,NaN,NaN,NaN,NaN,NaN,NaN,NaN,NaN,NaN,NaN,NaN,NaN,NaN,NaN,NaN,NaN,NaN
-19.4616825205268,-19.7594167738838,-19.3904060949971,-20.1021951738219,-19.9681547238281,-20.3605377562056,-20.5575278997587,-20.9580075130417,-18.9301458505284,NaN,NaN,NaN,NaN,-19.2720360604002,NaN,NaN,-18.651267340691,NaN,NaN,NaN,NaN,NaN,NaN,NaN,NaN,NaN,NaN,NaN,NaN,NaN,NaN,NaN,NaN,NaN,NaN,NaN,NaN,NaN,NaN,NaN,NaN,NaN,NaN,NaN,NaN,NaN,NaN,NaN,NaN,NaN,NaN,NaN,NaN,NaN,NaN,NaN,NaN,-17.5598661075798,-17.6406190086868,-17.7502280907125,-17.8234988835881,-17.9176606526512,-18.0509002151931,-18.0105812515848,-18.0486959251364,-18.1088888570413,-18.2094267871346,-18.2590142387431,-18.3011472880611,-18.2628048518075,-18.2386304643824,-18.1305147568149,-18.0079836659375,-17.6788273657826,NaN,NaN,-17.8524186102745,-17.789202147677,-17.7177217418957,-17.5773115309264,-17.3949523879308,-17.4181680793589,-17.1492622093388,NaN,NaN,NaN,NaN,NaN,NaN,NaN,NaN,NaN,-17.4912249634015,-17.7697567343851,-17.8397472573991,-17.8213460361582,-17.864884106225,-17.9189251768462,-18.0057026040138,-17.9382291816652,-17.9550126345399,-17.8686450170912,-17.9490480567709,NaN,NaN,-17.7489606493006,-17.8785072370945,-17.7594187569729,-17.8152194786134,NaN,NaN,NaN,NaN,NaN,NaN,NaN,NaN,NaN,-17.262098334371,NaN,NaN,NaN,NaN,NaN,NaN,NaN,NaN,NaN,NaN,NaN,NaN,NaN,NaN,NaN,NaN,NaN,NaN,NaN,NaN,NaN,NaN,NaN,NaN,NaN,NaN,NaN,NaN,NaN,NaN,NaN,NaN,NaN,NaN,NaN,NaN,NaN,NaN,NaN,NaN,NaN,NaN,NaN,NaN,NaN,NaN,NaN,NaN,NaN,NaN,NaN,NaN,NaN,NaN,NaN
-19.4144719762896,-19.6653226257764,-19.2266578113993,-20.1282081771243,-20.0838656473175,-20.3042304822811,-20.6557241566042,-20.4875219088609,NaN,NaN,NaN,NaN,NaN,-18.9906567541436,NaN,NaN,NaN,NaN,NaN,NaN,NaN,NaN,NaN,NaN,NaN,NaN,NaN,NaN,NaN,NaN,NaN,NaN,NaN,NaN,NaN,NaN,NaN,NaN,NaN,NaN,NaN,NaN,NaN,NaN,NaN,NaN,NaN,NaN,NaN,NaN,NaN,NaN,NaN,NaN,NaN,NaN,-17.6484193659998,-17.7608760511483,-17.8334231739144,-17.9168880506062,-17.9420141293163,-18.0307107778726,-18.1643255464627,-18.1073419407815,-18.1517220160845,-18.1563602237728,-18.2566478624979,-18.2429467011887,-18.2738974775441,-18.2430851430458,-18.2788077901488,-18.1358661527232,-18.0791139338259,-17.9908808552174,-17.9019051703601,-17.8744538208892,-17.8170662157686,-17.709545688483,-17.5041154233206,-17.1732242775562,NaN,NaN,NaN,NaN,NaN,NaN,NaN,NaN,NaN,NaN,NaN,NaN,NaN,NaN,NaN,NaN,NaN,NaN,NaN,NaN,NaN,-17.5494918877938,-17.8145261795859,-17.7337864530716,-17.8159975828056,-17.8319312587959,-17.8024318702428,-17.7878467478304,-17.7789209920366,-17.7767620189675,NaN,NaN,NaN,NaN,NaN,NaN,NaN,NaN,NaN,NaN,NaN,NaN,NaN,NaN,NaN,NaN,NaN,NaN,NaN,NaN,NaN,NaN,NaN,NaN,NaN,NaN,NaN,NaN,NaN,NaN,NaN,NaN,NaN,NaN,NaN,NaN,NaN,NaN,NaN,NaN,NaN,NaN,NaN,NaN,NaN,NaN,NaN,NaN,NaN,NaN,NaN,NaN,NaN,NaN,NaN,NaN,NaN,NaN,NaN,NaN,NaN,NaN,NaN,NaN
-19.2615128697597,-19.5712412484904,-19.3777980174964,-20.0549791181954,-19.9080258567264,-19.9102783834031,NaN,-20.637435440973,-20.5066503875816,NaN,NaN,NaN,NaN,-18.8872879801792,NaN,NaN,NaN,NaN,NaN,NaN,NaN,NaN,NaN,NaN,NaN,NaN,NaN,NaN,NaN,NaN,NaN,NaN,NaN,NaN,NaN,NaN,NaN,NaN,NaN,NaN,NaN,NaN,NaN,NaN,NaN,NaN,NaN,NaN,NaN,NaN,NaN,NaN,NaN,NaN,-17.724984253913,-17.6643476172226,-17.732467643591,-17.7961521061559,-17.872562618652,-17.956498876134,-17.9750691759837,-18.0847309936347,-18.1529241554937,-18.1636633243585,-18.2063515138403,-18.2267980476271,-18.2780726438343,-18.288365128145,-18.305343811774,-18.2123542789875,-18.1523092384567,-17.9700452138426,-17.8447594947476,-17.9132176718151,-17.8296739346389,-17.7005095182041,-17.5829942322698,-17.5044672306325,-17.2383054502784,NaN,NaN,NaN,NaN,NaN,NaN,NaN,NaN,NaN,NaN,NaN,NaN,NaN,NaN,NaN,NaN,NaN,NaN,NaN,NaN,NaN,NaN,-17.7009852924805,-17.7807100005306,-17.6213250639505,-17.8054591341253,-17.6959324367596,NaN,NaN,-17.4350780289239,-17.6299677497486,-17.6677572888757,NaN,NaN,NaN,NaN,NaN,NaN,NaN,NaN,NaN,NaN,NaN,NaN,NaN,NaN,NaN,NaN,NaN,NaN,NaN,NaN,NaN,NaN,NaN,NaN,NaN,NaN,NaN,NaN,NaN,NaN,NaN,NaN,NaN,NaN,NaN,NaN,NaN,NaN,NaN,NaN,NaN,NaN,NaN,NaN,NaN,NaN,NaN,NaN,NaN,NaN,NaN,NaN,NaN,NaN,NaN,NaN,NaN,NaN,NaN,NaN,NaN,NaN,NaN
-19.2498704858222,-19.6126987952836,-19.6052751365325,-20.0084772239211,-19.8898028741044,NaN,NaN,-20.1936386701756,-20.3932939887681,-20.4209978578261,-19.6540150320529,-19.1184627274396,-19.2348997799509,-19.1512925146283,NaN,NaN,NaN,NaN,NaN,NaN,NaN,NaN,NaN,NaN,NaN,NaN,NaN,NaN,NaN,NaN,NaN,NaN,NaN,NaN,NaN,NaN,NaN,NaN,NaN,NaN,NaN,NaN,NaN,NaN,NaN,NaN,NaN,NaN,NaN,NaN,NaN,NaN,-17.6528476140294,-17.8152387068965,-17.8748235447575,-17.86363324246,-17.8076262690087,-17.9253420658688,-17.9148204445486,-18.0503951973985,-18.0301577329173,-18.0620434055205,-18.1034426790725,-18.151204047932,-18.1316787511716,-18.1321501117546,-18.1664296510617,-18.1758135566614,-18.2040238231188,-18.1087493300048,-18.0510624882859,-17.8783788537278,NaN,NaN,-17.6187922699026,-17.6751240494704,-17.3369471135193,-17.2990722819538,NaN,NaN,NaN,NaN,NaN,NaN,NaN,NaN,NaN,NaN,NaN,NaN,NaN,NaN,NaN,NaN,NaN,NaN,NaN,NaN,NaN,NaN,NaN,NaN,-17.607232469857,-17.6024761301895,-17.7745714418488,NaN,NaN,NaN,NaN,NaN,-17.3662676320375,-17.1795664719276,NaN,NaN,NaN,NaN,NaN,NaN,NaN,NaN,NaN,NaN,NaN,NaN,NaN,NaN,NaN,NaN,NaN,NaN,NaN,NaN,NaN,NaN,NaN,NaN,NaN,NaN,NaN,NaN,NaN,NaN,NaN,NaN,NaN,NaN,NaN,NaN,NaN,NaN,NaN,NaN,NaN,NaN,NaN,NaN,NaN,NaN,NaN,NaN,NaN,NaN,NaN,NaN,NaN,NaN,NaN,NaN,NaN,NaN,NaN,NaN,NaN,NaN
-19.1559854653696,-19.7124308837206,-19.3955659770308,-19.6283021754537,NaN,NaN,NaN,NaN,-19.6787881319992,NaN,-18.7473158300147,-17.9159880527442,NaN,-19.438982139679,NaN,NaN,NaN,NaN,NaN,NaN,NaN,NaN,NaN,NaN,NaN,NaN,NaN,NaN,NaN,NaN,NaN,NaN,NaN,NaN,NaN,NaN,NaN,NaN,NaN,NaN,NaN,NaN,NaN,NaN,NaN,NaN,NaN,NaN,NaN,NaN,NaN,-17.8248766506242,-18.0103189953809,-18.0226829288994,-17.9798838730044,-17.9364649077157,-17.8751320743198,-17.8727290018936,-17.8733977107863,-17.9814905648623,-17.9735725918429,-18.0662615921486,-18.0496536272565,-18.0738644120302,-18.0120406259333,-18.0185230211446,-18.0715246414683,-17.9677988335884,-17.9895324888812,-17.9790800458116,-17.9389404219479,-17.9470040945795,-17.7762433882525,-17.8330224761615,-17.7939950264077,-17.7170622341037,NaN,NaN,NaN,NaN,NaN,NaN,NaN,NaN,NaN,NaN,NaN,NaN,NaN,NaN,NaN,NaN,NaN,NaN,NaN,NaN,NaN,NaN,NaN,NaN,NaN,NaN,-17.5985218120567,-17.5375749649243,NaN,NaN,NaN,NaN,NaN,NaN,-17.2653939989032,-17.2196825440259,NaN,NaN,NaN,NaN,NaN,NaN,NaN,NaN,NaN,NaN,NaN,NaN,NaN,NaN,NaN,NaN,NaN,NaN,NaN,NaN,NaN,NaN,NaN,NaN,NaN,NaN,NaN,NaN,NaN,NaN,NaN,NaN,NaN,NaN,NaN,NaN,NaN,NaN,NaN,NaN,NaN,NaN,NaN,NaN,NaN,NaN,NaN,NaN,NaN,NaN,NaN,NaN,NaN,NaN,NaN,NaN,NaN,NaN,NaN,NaN,NaN,NaN
-18.8218995762662,-19.3741647714366,-18.9463430965564,-19.3115902357222,NaN,NaN,NaN,NaN,-19.4728418891253,NaN,-19.8915345684686,NaN,NaN,NaN,NaN,NaN,NaN,NaN,NaN,NaN,NaN,NaN,NaN,NaN,NaN,NaN,NaN,NaN,NaN,NaN,NaN,NaN,NaN,NaN,NaN,NaN,NaN,NaN,NaN,NaN,NaN,NaN,NaN,NaN,NaN,NaN,NaN,NaN,NaN,-17.7865983896959,-17.9083942998249,-17.9332154585497,-18.0320191602113,-18.0291290554871,-18.041377306091,-18.0781681029115,-18.0061449714639,-17.9767669080855,-17.8960651235789,-17.9269338153084,-17.8633811853642,-17.9016335601123,-17.8301405281033,-17.894763784892,-17.849930870473,-17.8168113740321,-17.9887312688653,-17.8095105771596,-17.6994634669393,-17.7418158767806,-17.7251138311045,-17.728513689249,-17.4729463381781,NaN,NaN,NaN,NaN,NaN,NaN,NaN,NaN,NaN,NaN,NaN,NaN,NaN,NaN,NaN,NaN,NaN,NaN,NaN,NaN,NaN,NaN,NaN,NaN,NaN,NaN,NaN,NaN,NaN,NaN,-17.1402308990224,NaN,NaN,-16.9019913148778,-16.9849224787545,-16.9961921733248,-17.131069219542,-17.1619769733075,-17.193389154472,NaN,NaN,NaN,NaN,NaN,NaN,NaN,NaN,NaN,NaN,NaN,NaN,NaN,NaN,NaN,NaN,NaN,NaN,NaN,NaN,NaN,NaN,NaN,NaN,NaN,NaN,NaN,NaN,NaN,NaN,NaN,NaN,NaN,NaN,NaN,NaN,NaN,NaN,NaN,NaN,NaN,NaN,NaN,NaN,NaN,NaN,NaN,NaN,NaN,NaN,NaN,NaN,NaN,NaN,NaN,NaN,NaN,NaN,NaN,NaN,NaN,NaN
-18.6182330697557,-19.0159184880955,-18.8015754826917,-19.6293076387966,NaN,NaN,NaN,NaN,-19.6635901732394,NaN,-19.849747660281,NaN,NaN,NaN,NaN,NaN,NaN,NaN,NaN,NaN,NaN,NaN,NaN,NaN,NaN,NaN,NaN,NaN,NaN,NaN,NaN,NaN,NaN,NaN,NaN,NaN,NaN,NaN,NaN,NaN,NaN,NaN,NaN,NaN,NaN,NaN,NaN,NaN,-17.7616053512482,-18.0800602033281,-18.062242250718,-18.0897242401559,-18.0663746084128,-18.0973062394106,-17.9992657698754,-17.9730915714651,-18.0381498451235,-18.047125116082,-18.0361313338896,-17.9690969916164,-17.836356589377,-17.8465097765277,-17.7205250010906,NaN,-17.6049494310545,NaN,NaN,-17.430582419654,-17.4399878928787,-17.5642334788221,-17.4529078341678,NaN,NaN,NaN,NaN,NaN,NaN,NaN,NaN,NaN,NaN,NaN,NaN,NaN,NaN,NaN,NaN,NaN,NaN,NaN,NaN,NaN,NaN,NaN,NaN,NaN,NaN,NaN,NaN,NaN,NaN,NaN,NaN,NaN,NaN,NaN,-16.8717873595914,NaN,NaN,NaN,NaN,NaN,NaN,NaN,NaN,NaN,NaN,NaN,NaN,NaN,NaN,NaN,NaN,NaN,NaN,NaN,NaN,NaN,NaN,NaN,NaN,NaN,NaN,NaN,NaN,NaN,NaN,NaN,NaN,NaN,NaN,NaN,NaN,NaN,NaN,NaN,NaN,NaN,NaN,NaN,NaN,NaN,NaN,NaN,NaN,NaN,NaN,NaN,NaN,NaN,NaN,NaN,NaN,NaN,NaN,NaN,NaN,NaN,NaN,NaN,NaN,NaN,NaN,NaN
-18.5213009939391,-18.7046444376855,-17.6721758553209,NaN,NaN,NaN,NaN,NaN,-19.4198716605679,NaN,NaN,NaN,NaN,NaN,NaN,NaN,NaN,NaN,NaN,NaN,NaN,NaN,NaN,NaN,NaN,NaN,NaN,NaN,NaN,NaN,NaN,NaN,NaN,NaN,NaN,NaN,NaN,NaN,NaN,NaN,NaN,NaN,NaN,NaN,NaN,NaN,NaN,-17.720831105972,-17.9333097936407,-18.1227172435373,-18.1182312128546,-18.1100368096924,-18.1724246552557,-18.0927918110375,-18.018870515418,-17.9749889516615,-18.037595514816,-18.0008707549441,-18.044473081638,-17.846459891579,NaN,-17.5702849068928,-17.7839151896396,-17.6733748861614,-17.6396444366672,-17.5441335923938,-17.5124914391413,-17.5360252838198,NaN,NaN,NaN,NaN,NaN,NaN,NaN,NaN,NaN,NaN,NaN,NaN,NaN,NaN,NaN,NaN,NaN,NaN,NaN,NaN,NaN,NaN,NaN,NaN,NaN,NaN,NaN,NaN,NaN,NaN,NaN,NaN,NaN,NaN,NaN,NaN,NaN,-17.0113151642458,-17.0222807952734,NaN,NaN,NaN,NaN,NaN,NaN,NaN,NaN,NaN,NaN,NaN,NaN,NaN,NaN,NaN,NaN,NaN,NaN,NaN,NaN,NaN,NaN,NaN,NaN,NaN,NaN,NaN,NaN,NaN,NaN,NaN,NaN,NaN,NaN,NaN,NaN,NaN,NaN,NaN,NaN,NaN,NaN,NaN,NaN,NaN,NaN,NaN,NaN,NaN,NaN,NaN,NaN,NaN,NaN,NaN,NaN,NaN,NaN,NaN,NaN,NaN,NaN,NaN,NaN,NaN,NaN,NaN
-18.6292335722051,-18.5262508437082,NaN,NaN,NaN,NaN,NaN,NaN,NaN,NaN,NaN,NaN,NaN,NaN,NaN,NaN,NaN,NaN,NaN,NaN,NaN,NaN,NaN,NaN,NaN,NaN,NaN,NaN,NaN,NaN,NaN,NaN,NaN,NaN,NaN,NaN,NaN,NaN,NaN,NaN,NaN,NaN,NaN,NaN,NaN,NaN,NaN,-17.6131178281096,-17.8063889563135,-18.0018970046153,-17.9865563387239,-18.0316760690606,-17.9985497123196,-17.9601264957199,-17.9274574486859,-17.910106094207,-17.8765850405282,-17.9366016738813,-17.7767122528399,NaN,-17.3275826767755,-17.5689047225385,-17.552901965143,-17.5074665224467,-17.4844620610635,-17.5571272858182,-17.3768262463307,NaN,NaN,NaN,NaN,NaN,NaN,NaN,NaN,NaN,NaN,NaN,NaN,NaN,NaN,NaN,NaN,NaN,NaN,NaN,NaN,NaN,NaN,NaN,NaN,NaN,NaN,NaN,NaN,NaN,NaN,NaN,NaN,NaN,NaN,NaN,NaN,NaN,NaN,-17.0572229305305,-17.1009966833916,-17.407925314791,NaN,NaN,NaN,NaN,NaN,NaN,NaN,NaN,NaN,NaN,NaN,NaN,NaN,NaN,NaN,NaN,NaN,NaN,NaN,NaN,NaN,NaN,NaN,NaN,NaN,NaN,NaN,NaN,NaN,NaN,NaN,NaN,NaN,NaN,NaN,NaN,NaN,NaN,NaN,NaN,NaN,NaN,NaN,NaN,NaN,NaN,NaN,NaN,NaN,NaN,NaN,NaN,NaN,NaN,NaN,NaN,NaN,NaN,NaN,NaN,NaN,NaN,NaN,NaN,NaN,NaN
-9.31461678610256,NaN,NaN,NaN,NaN,NaN,NaN,NaN,NaN,NaN,NaN,NaN,NaN,NaN,NaN,NaN,NaN,NaN,NaN,NaN,NaN,NaN,NaN,NaN,NaN,NaN,NaN,NaN,NaN,NaN,NaN,NaN,NaN,NaN,NaN,NaN,NaN,NaN,NaN,NaN,NaN,NaN,NaN,NaN,NaN,NaN,0.0168987891677994,-17.6131178281096,-17.8063889563135,-18.0018970046153,-17.9865563387239,-18.0316760690606,-17.9985497123196,-17.9601264957199,-17.9274574486859,-17.910106094207,-17.8765850405282,-17.9366016738813,-17.7767122528399,0.0301099305760255,-17.3275826767755,-17.5689047225385,-17.552901965143,-17.5074665224467,-17.4844620610635,NaN,NaN,NaN,NaN,NaN,NaN,NaN,NaN,NaN,NaN,NaN,NaN,NaN,NaN,NaN,NaN,NaN,NaN,NaN,NaN,NaN,NaN,NaN,NaN,NaN,NaN,NaN,NaN,NaN,NaN,NaN,NaN,NaN,NaN,NaN,NaN,NaN,NaN,NaN,NaN,NaN,NaN,NaN,NaN,NaN,NaN,NaN,NaN,NaN,NaN,NaN,NaN,NaN,NaN,NaN,NaN,NaN,NaN,NaN,NaN,NaN,NaN,NaN,NaN,NaN,NaN,NaN,NaN,NaN,NaN,NaN,NaN,NaN,NaN,NaN,NaN,NaN,NaN,NaN,NaN,NaN,NaN,NaN,NaN,NaN,NaN,NaN,NaN,NaN,NaN,NaN,NaN,NaN,NaN,NaN,NaN,NaN,NaN,NaN,NaN,NaN,NaN,NaN,NaN,NaN,NaN,NaN,NaN,NaN
